1 0.1588709677419355 0.4273897058823529 0.08064516129032258 0.10110294117647059
1 0.09032258064516129 0.5243566176470589 0.06129032258064516 0.09466911764705882
1 0.1342741935483871 0.703125 0.10080645161290322 0.08639705882352941
2 0.7262096774193548 0.6461397058823529 0.09112903225806451 0.16727941176470587
3 0.432258064516129 0.2803308823529412 0.03225806451612903 0.05514705882352941
3 0.4173387096774194 0.23069852941176472 0.021774193548387097 0.04044117647058824
3 0.39233870967741935 0.22104779411764705 0.03306451612903226 0.050551470588235295
3 0.3616935483870968 0.37545955882352944 0.05403225806451613 0.11121323529411764
0 0.8044354838709677 0.5193014705882353 0.05887096774193548 0.06985294117647059
1 0.8084677419354839 0.6052389705882353 0.020161290322580645 0.024816176470588234
1 0.7866935483870968 0.5647977941176471 0.021774193548387097 0.02849264705882353
1 0.7633064516129032 0.5170036764705882 0.025 0.030330882352941176
1 0.5887096774193549 0.49034926470588236 0.07419354838709677 0.08731617647058823
3 0.7366935483870968 0.4572610294117647 0.02338709677419355 0.024816176470588234
1 0.6334677419354838 0.36443014705882354 0.03306451612903226 0.030330882352941176
1 0.6403225806451613 0.4007352941176471 0.043548387096774194 0.04779411764705882
1 0.6020161290322581 0.2977941176470588 0.02661290322580645 0.025735294117647058
2 0.742741935483871 0.4264705882352941 0.02903225806451613 0.04044117647058824
1 0.5290322580645161 0.1957720588235294 0.014516129032258065 0.02389705882352941
1 0.5358870967741935 0.21783088235294118 0.021774193548387097 0.027573529411764705
1 0.5060483870967742 0.16865808823529413 0.012096774193548387 0.021139705882352942
1 0.14516129032258066 0.37454044117647056 0.07580645161290323 0.09283088235294118
1 0.5713709677419355 0.2568933823529412 0.02661290322580645 0.02665441176470588
1 0.3592741935483871 0.30974264705882354 0.07822580645161291 0.07904411764705882
1 0.557258064516129 0.21783088235294118 0.01935483870967742 0.025735294117647058
1 0.5983870967741935 0.2743566176470588 0.024193548387096774 0.02297794117647059
1 0.825 0.6245404411764706 0.017741935483870968 0.017463235294117647
1 0.7076612903225806 0.4172794117647059 0.028225806451612902 0.042279411764705885
