1 0.1489795918367347 0.3639705882352941 0.05795918367346939 0.09558823529411764
2 0.35836734693877553 0.14476102941176472 0.045714285714285714 0.02297794117647059
2 0.7914285714285715 0.453125 0.0563265306122449 0.07904411764705882
3 0.7257142857142858 0.4053308823529412 0.026122448979591838 0.03676470588235294
3 0.7346938775510204 0.40900735294117646 0.031020408163265307 0.03860294117647059
3 0.7110204081632653 0.39108455882352944 0.031020408163265307 0.043198529411764705
3 0.6963265306122449 0.4227941176470588 0.031020408163265307 0.051470588235294115
3 0.7346938775510204 0.4416360294117647 0.04081632653061224 0.05974264705882353
3 0.7473469387755102 0.45955882352941174 0.03346938775510204 0.04595588235294118
3 0.34244897959183673 0.8056066176470589 0.06938775510204082 0.07628676470588236
1 0.23714285714285716 0.7936580882352942 0.09714285714285714 0.12408088235294118
2 0.41020408163265304 0.16268382352941177 0.05142857142857143 0.027573529411764705
2 0.27918367346938777 0.17784926470588236 0.04081632653061224 0.03216911764705882
1 0.22244897959183674 0.15211397058823528 0.008979591836734694 0.015625
1 0.4546938775510204 0.42463235294117646 0.045714285714285714 0.10661764705882353
1 0.20938775510204083 0.20450367647058823 0.018775510204081632 0.035845588235294115
1 0.6326530612244898 0.31525735294117646 0.029387755102040815 0.04044117647058824
2 0.6963265306122449 0.2495404411764706 0.02122448979591837 0.021139705882352942
2 0.6759183673469388 0.25735294117647056 0.024489795918367346 0.02389705882352941
2 0.6085714285714285 0.25919117647058826 0.07102040816326531 0.04411764705882353
0 0.906530612244898 0.7077205882352942 0.03183673469387755 0.06801470588235294
1 0.8440816326530612 0.5404411764705882 0.022857142857142857 0.04044117647058824
1 0.8648979591836735 0.5799632352941176 0.0236734693877551 0.03860294117647059
1 0.8726530612244898 0.6116727941176471 0.027755102040816326 0.04503676470588235
2 0.8812244897959184 0.7063419117647058 0.036734693877551024 0.08915441176470588
1 0.8640816326530613 0.8207720588235294 0.03346938775510204 0.04044117647058824
2 0.8775510204081632 0.7977941176470589 0.0326530612244898 0.07352941176470588
2 0.8844897959183673 0.8446691176470589 0.030204081632653063 0.04595588235294118
1 0.8314285714285714 0.7210477941176471 0.06285714285714286 0.05238970588235294
1 0.8522448979591837 0.7610294117647058 0.03918367346938775 0.04595588235294118
1 0.6938775510204082 0.3350183823529412 0.019591836734693877 0.02665441176470588
3 0.7285714285714285 0.8869485294117647 0.09551020408163265 0.06801470588235294
3 0.6653061224489796 0.9168198529411765 0.09142857142857143 0.03952205882352941
3 0.7012244897959183 0.9797794117647058 0.08979591836734693 0.04044117647058824
1 0.813469387755102 0.5124080882352942 0.04653061224489796 0.021139705882352942
1 0.8093877551020409 0.53125 0.04326530612244898 0.022058823529411766
1 0.8085714285714286 0.5422794117647058 0.05142857142857143 0.02022058823529412
1 0.8036734693877551 0.5652573529411765 0.04979591836734694 0.034926470588235295
1 0.8371428571428572 0.5758272058823529 0.03346938775510204 0.02665441176470588
1 0.8395918367346938 0.6066176470588235 0.03510204081632653 0.042279411764705885
1 0.7987755102040817 0.6190257352941176 0.06285714285714286 0.030330882352941176
1 0.7987755102040817 0.6626838235294118 0.05959183673469388 0.05698529411764706
1 0.8473469387755102 0.6544117647058824 0.035918367346938776 0.03125
1 0.8640816326530613 0.7035845588235294 0.036734693877551024 0.04136029411764706
1 0.5763265306122449 0.20772058823529413 0.017959183673469388 0.02389705882352941
1 0.5873469387755103 0.21323529411764705 0.015510204081632653 0.02389705882352941
1 0.603265306122449 0.21415441176470587 0.013061224489795919 0.022058823529411766
1 0.6155102040816327 0.23345588235294118 0.0163265306122449 0.022058823529411766
1 0.6326530612244898 0.23851102941176472 0.017959183673469388 0.02665441176470588
1 0.6461224489795918 0.23943014705882354 0.013877551020408163 0.021139705882352942
2 0.623265306122449 0.2261029411764706 0.03346938775510204 0.022058823529411766
2 0.6648979591836734 0.23023897058823528 0.022040816326530613 0.02297794117647059
1 0.6604081632653062 0.23299632352941177 0.009795918367346938 0.017463235294117647
1 0.8085714285714286 0.5992647058823529 0.053061224489795916 0.03125
2 0.4253061224489796 0.9443933823529411 0.20408163265306123 0.10753676470588236
