2 0.30121951219512194 0.1792279411764706 0.036585365853658534 0.03308823529411765
2 0.39796747967479673 0.16544117647058823 0.034959349593495934 0.03308823529411765
2 0.483739837398374 0.16636029411764705 0.03414634146341464 0.029411764705882353
1 0.3410569105691057 0.18612132352941177 0.02195121951219512 0.03952205882352941
1 0.3065040650406504 0.1957720588235294 0.01788617886178862 0.029411764705882353
1 0.08211382113821138 0.5142463235294118 0.05365853658536585 0.06525735294117647
1 0.2426829268292683 0.7077205882352942 0.11788617886178862 0.07352941176470588
1 0.2032520325203252 0.21966911764705882 0.02926829268292683 0.04779411764705882
2 0.7703252032520326 0.2702205882352941 0.03008130081300813 0.029411764705882353
1 0.8138211382113821 0.3984375 0.02926829268292683 0.04136029411764706
1 0.5821138211382114 0.2339154411764706 0.032520325203252036 0.04503676470588235
1 0.5967479674796748 0.20909926470588236 0.03739837398373984 0.046875
1 0.41829268292682925 0.20772058823529413 0.06097560975609756 0.04595588235294118
1 0.47520325203252034 0.24402573529411764 0.05447154471544716 0.05606617647058824
1 0.30284552845528456 0.24402573529411764 0.05772357723577236 0.03400735294117647
1 0.3105691056910569 0.21323529411764705 0.05365853658536585 0.034926470588235295
1 0.11951219512195121 0.29503676470588236 0.02113821138211382 0.04779411764705882
2 0.208130081300813 0.38556985294117646 0.1772357723577236 0.12775735294117646
2 0.1434959349593496 0.3157169117647059 0.108130081300813 0.1056985294117647
1 0.8731707317073171 0.6199448529411765 0.04552845528455285 0.06709558823529412
1 0.24227642276422764 0.20726102941176472 0.01788617886178862 0.035845588235294115
2 0.7983739837398374 0.2803308823529412 0.02113821138211382 0.022058823529411766
2 0.8211382113821138 0.3069852941176471 0.02113821138211382 0.022058823529411766
1 0.7361788617886179 0.2536764705882353 0.01707317073170732 0.01838235294117647
1 0.7178861788617886 0.26286764705882354 0.026016260162601626 0.027573529411764705
1 0.7073170731707317 0.23805147058823528 0.016260162601626018 0.02022058823529412
1 0.6808943089430894 0.23529411764705882 0.023577235772357725 0.02389705882352941
1 0.6552845528455284 0.23621323529411764 0.024390243902439025 0.027573529411764705
1 0.6731707317073171 0.25183823529411764 0.030894308943089432 0.029411764705882353
2 0.75 0.2890625 0.052845528455284556 0.03952205882352941
1 0.34471544715447155 0.1953125 0.04065040650406504 0.035845588235294115
