2 0.8872395833333333 0.22838541666666667 0.0203125 0.018229166666666668
2 0.5653645833333333 0.05078125 0.0421875 0.0453125
3 0.17916666666666667 0.17526041666666667 0.021875 0.019270833333333334
3 0.17317708333333334 0.17369791666666667 0.021354166666666667 0.021354166666666667
3 0.16770833333333332 0.17395833333333333 0.019791666666666666 0.020833333333333332
3 0.1515625 0.18385416666666668 0.027083333333333334 0.022916666666666665
3 0.09479166666666666 0.278125 0.03229166666666667 0.021875
3 0.18098958333333334 0.3921875 0.0453125 0.019791666666666666
3 0.17682291666666666 0.4083333333333333 0.0515625 0.022916666666666665
3 0.28411458333333334 0.43307291666666664 0.049479166666666664 0.0296875
1 0.5052083333333334 0.05 0.01875 0.0375
1 0.9171875 0.3575520833333333 0.034375 0.0296875
1 0.8453125 0.15026041666666667 0.015625 0.018229166666666668
1 0.81328125 0.15364583333333334 0.022395833333333334 0.027083333333333334
1 0.03333333333333333 0.30390625 0.016666666666666666 0.0140625
1 0.06875 0.32916666666666666 0.029166666666666667 0.019791666666666666
1 0.10364583333333334 0.24895833333333334 0.025 0.019791666666666666
1 0.825 0.09947916666666666 0.011458333333333333 0.011458333333333333
1 0.8223958333333333 0.10885416666666667 0.0125 0.013541666666666667
1 0.80859375 0.09791666666666667 0.011979166666666667 0.015625
1 0.8098958333333334 0.08151041666666667 0.010416666666666666 0.0109375
1 0.8057291666666667 0.07135416666666666 0.008333333333333333 0.0125
2 0.5033854166666667 0.4473958333333333 0.20885416666666667 0.13958333333333334
2 0.09010416666666667 0.24427083333333333 0.0375 0.030208333333333334
2 0.1015625 0.3265625 0.05520833333333333 0.07708333333333334
0 0.9546875 0.5932291666666667 0.05520833333333333 0.06354166666666666
2 0.7744791666666667 0.05651041666666667 0.01875 0.021354166666666667
0 0.6083333333333333 0.018489583333333334 0.06354166666666666 0.0359375
2 0.09895833333333333 0.19583333333333333 0.027083333333333334 0.029166666666666667
2 0.7924479166666667 0.078125 0.019270833333333334 0.023958333333333335
0 0.02421875 0.27890625 0.0234375 0.022395833333333334
1 0.91640625 0.6075520833333333 0.024479166666666666 0.0171875
1 0.9190104166666667 0.6213541666666667 0.028645833333333332 0.014583333333333334
2 0.8440104166666667 0.4557291666666667 0.06302083333333333 0.08854166666666667
2 0.89296875 0.52734375 0.04635416666666667 0.0609375
2 0.9393229166666667 0.62734375 0.0171875 0.021354166666666667
2 0.7744791666666667 0.11171875 0.03125 0.03177083333333333
2 0.9229166666666667 0.565625 0.0375 0.03958333333333333
2 0.06354166666666666 0.2596354166666667 0.028125 0.0265625
2 0.04296875 0.27239583333333334 0.0203125 0.022916666666666665
3 0.8614583333333333 0.15833333333333333 0.014583333333333334 0.017708333333333333
2 0.04401041666666667 0.33489583333333334 0.028645833333333332 0.022916666666666665
