2 0.2991869918699187 0.17876838235294118 0.04227642276422764 0.03768382352941176
2 0.3975609756097561 0.1636029411764706 0.04552845528455285 0.04411764705882353
2 0.7963414634146342 0.5009191176470589 0.0951219512195122 0.10661764705882353
2 0.6833333333333333 0.6875 0.13089430894308943 0.2977941176470588
1 0.7264227642276423 0.25045955882352944 0.013821138211382113 0.015625
2 0.7430894308943089 0.2578125 0.03739837398373984 0.02665441176470588
1 0.7430894308943089 0.27159926470588236 0.01951219512195122 0.02297794117647059
1 0.7670731707317073 0.28125 0.015447154471544716 0.01838235294117647
1 0.7792682926829269 0.28400735294117646 0.013821138211382113 0.022058823529411766
1 0.6829268292682927 0.26286764705882354 0.027642276422764227 0.03125
1 0.65 0.22748161764705882 0.03008130081300813 0.03400735294117647
1 0.5780487804878048 0.21507352941176472 0.03414634146341464 0.034926470588235295
1 0.6231707317073171 0.24494485294117646 0.03983739837398374 0.04136029411764706
1 0.524390243902439 0.23069852941176472 0.04390243902439024 0.04779411764705882
1 0.5443089430894309 0.21645220588235295 0.034959349593495934 0.03952205882352941
1 0.516260162601626 0.19806985294117646 0.03577235772357724 0.035845588235294115
1 0.6947154471544715 0.3391544117647059 0.041463414634146344 0.05514705882352941
1 0.541869918699187 0.4273897058823529 0.0886178861788618 0.08272058823529412
1 0.7434959349593496 0.3740808823529412 0.036585365853658534 0.04411764705882353
1 0.7646341463414634 0.35431985294117646 0.025203252032520326 0.03952205882352941
1 0.7691056910569106 0.3212316176470588 0.024390243902439025 0.03952205882352941
2 0.8247967479674797 0.3023897058823529 0.01869918699186992 0.025735294117647058
2 0.8085365853658537 0.30284926470588236 0.025203252032520326 0.030330882352941176
2 0.841869918699187 0.32169117647058826 0.02032520325203252 0.02389705882352941
1 0.8264227642276423 0.33777573529411764 0.01707317073170732 0.02849264705882353
1 0.8357723577235773 0.3602941176470588 0.01951219512195122 0.027573529411764705
1 0.8085365853658537 0.3318014705882353 0.02195121951219512 0.027573529411764705
1 0.801219512195122 0.3469669117647059 0.01869918699186992 0.02849264705882353
1 0.7914634146341464 0.37454044117647056 0.03008130081300813 0.043198529411764705
1 0.8199186991869919 0.4117647058823529 0.03170731707317073 0.04044117647058824
1 0.7654471544715448 0.4094669117647059 0.043089430894308944 0.057904411764705885
1 0.8073170731707318 0.6066176470588235 0.06829268292682927 0.07904411764705882
1 0.8731707317073171 0.6194852941176471 0.04715447154471545 0.0625
1 0.3459349593495935 0.18658088235294118 0.02195121951219512 0.04595588235294118
3 0.3378048780487805 0.18612132352941177 0.015447154471544716 0.03400735294117647
1 0.8544715447154472 0.6714154411764706 0.05203252032520325 0.05238970588235294
1 0.8471544715447155 0.7127757352941176 0.056910569105691054 0.057904411764705885
1 0.141869918699187 0.30514705882352944 0.043089430894308944 0.058823529411764705
1 0.20691056910569106 0.2743566176470588 0.05447154471544716 0.06341911764705882
1 0.2597560975609756 0.24724264705882354 0.06097560975609756 0.0661764705882353
1 0.3207317073170732 0.22150735294117646 0.05121951219512195 0.04779411764705882
1 0.35609756097560974 0.24586397058823528 0.06829268292682927 0.06893382352941177
1 0.4239837398373984 0.21277573529411764 0.05772357723577236 0.05974264705882353
1 0.45365853658536587 0.1953125 0.04390243902439024 0.050551470588235295
1 0.45203252032520325 0.3648897058823529 0.08617886178861789 0.09926470588235294
1 0.6215447154471545 0.4664522058823529 0.07073170731707316 0.08363970588235294
1 0.33211382113821136 0.4489889705882353 0.11626016260162601 0.10202205882352941
1 0.2304878048780488 0.4149816176470588 0.09349593495934959 0.0818014705882353
1 0.13739837398373983 0.5202205882352942 0.07479674796747968 0.06801470588235294
1 0.13089430894308943 0.5997242647058824 0.07642276422764227 0.07077205882352941
2 0.20243902439024392 0.36213235294117646 0.16422764227642275 0.12683823529411764
4 0.13495934959349593 0.25827205882352944 0.06829268292682927 0.09375
