2 0.9888020833333333 0.4588541666666667 0.019270833333333334 0.03125
2 0.98515625 0.48541666666666666 0.016145833333333335 0.021875
2 0.9763020833333333 0.47239583333333335 0.018229166666666668 0.027083333333333334
2 0.8877604166666667 0.22890625 0.021354166666666667 0.019270833333333334
3 0.9611979166666667 0.3963541666666667 0.021354166666666667 0.011458333333333333
2 0.9510416666666667 0.5986979166666667 0.019791666666666666 0.024479166666666666
1 0.9372395833333333 0.4510416666666667 0.03177083333333333 0.019791666666666666
1 0.9541666666666667 0.6221354166666667 0.01875 0.011979166666666667
1 0.07942708333333333 0.3106770833333333 0.028645833333333332 0.016145833333333335
1 0.18854166666666666 0.19270833333333334 0.03229166666666667 0.03333333333333333
2 0.9846354166666667 0.58671875 0.013020833333333334 0.019270833333333334
