2 0.8379032258064516 0.5827205882352942 0.012903225806451613 0.01838235294117647
2 0.7939516129032258 0.5776654411764706 0.031451612903225803 0.046875
1 0.7794354838709677 0.5799632352941176 0.036290322580645164 0.03308823529411765
1 0.7758064516129032 0.6139705882352942 0.035483870967741936 0.02389705882352941
2 0.7782258064516129 0.49494485294117646 0.03225806451612903 0.03952205882352941
4 0.7290322580645161 0.47150735294117646 0.06774193548387097 0.0625
0 0.8217741935483871 0.5510110294117647 0.041935483870967745 0.05974264705882353
2 0.5955645161290323 0.37775735294117646 0.11693548387096774 0.09926470588235294
2 0.5020161290322581 0.18106617647058823 0.021774193548387097 0.03125
1 0.6076612903225806 0.28079044117647056 0.029838709677419355 0.030330882352941176
1 0.5262096774193549 0.2192095588235294 0.02661290322580645 0.03400735294117647
1 0.47580645161290325 0.22242647058823528 0.03064516129032258 0.03860294117647059
1 0.4870967741935484 0.18566176470588236 0.014516129032258065 0.03125
1 0.742741935483871 0.9434742647058824 0.041935483870967745 0.03216911764705882
4 0.8125 0.6567095588235294 0.050806451612903224 0.06525735294117647
3 0.4375 0.8520220588235294 0.08951612903225807 0.06066176470588235
3 0.43911290322580643 0.8910845588235294 0.09274193548387097 0.06158088235294118
4 0.8076612903225806 0.5101102941176471 0.03467741935483871 0.04963235294117647
