2 0.5614457831325301 0.078125 0.02248995983935743 0.016544117647058824
2 0.6048192771084338 0.0978860294117647 0.033734939759036145 0.021139705882352942
2 0.3497991967871486 0.11259191176470588 0.018473895582329317 0.017463235294117647
3 0.22208835341365463 0.21645220588235295 0.015261044176706828 0.021139705882352942
2 0.2710843373493976 0.33547794117647056 0.09236947791164658 0.1636029411764706
3 0.6995983935742972 0.1488970588235294 0.00963855421686747 0.025735294117647058
1 0.9594377510040161 0.5225183823529411 0.023293172690763052 0.024816176470588234
1 0.14779116465863454 0.35018382352941174 0.027309236947791166 0.01838235294117647
1 0.14417670682730924 0.36075367647058826 0.024899598393574297 0.02297794117647059
1 0.12971887550200803 0.39568014705882354 0.028112449799196786 0.02297794117647059
1 0.12329317269076305 0.4085477941176471 0.024899598393574297 0.02665441176470588
1 0.11967871485943775 0.4287683823529412 0.02570281124497992 0.021139705882352942
1 0.1108433734939759 0.45128676470588236 0.02891566265060241 0.02389705882352941
1 0.10200803212851406 0.4724264705882353 0.0321285140562249 0.03125
1 0.09718875502008033 0.5032169117647058 0.027309236947791166 0.02849264705882353
1 0.08674698795180723 0.7256433823529411 0.024096385542168676 0.035845588235294115
1 0.09116465863453815 0.7518382352941176 0.02650602409638554 0.03125
1 0.10642570281124498 0.8106617647058824 0.02650602409638554 0.03125
1 0.761847389558233 0.21645220588235295 0.03293172690763052 0.035845588235294115
1 0.8096385542168675 0.2725183823529412 0.040160642570281124 0.04503676470588235
1 0.8345381526104417 0.30514705882352944 0.0321285140562249 0.042279411764705885
1 0.7899598393574297 0.25 0.03293172690763052 0.04044117647058824
1 0.40240963855421685 0.09099264705882353 0.01285140562248996 0.02389705882352941
1 0.336144578313253 0.14568014705882354 0.016867469879518072 0.03400735294117647
1 0.29799196787148596 0.22196691176470587 0.0321285140562249 0.04871323529411765
2 0.3710843373493976 0.10110294117647059 0.02248995983935743 0.01838235294117647
