2 0.7 0.16276041666666666 0.01875 0.016145833333333335
2 0.73359375 0.17682291666666666 0.0140625 0.016145833333333335
0 0.18880208333333334 0.22057291666666667 0.04010416666666667 0.028645833333333332
2 0.13177083333333334 0.8815104166666666 0.05625 0.09010416666666667
4 0.07239583333333334 0.8390625 0.059375 0.103125
1 0.11458333333333333 0.7294270833333333 0.053125 0.049479166666666664
1 0.08567708333333333 0.66484375 0.0484375 0.0453125
2 0.020833333333333332 0.4830729166666667 0.027083333333333334 0.049479166666666664
2 0.24453125 0.25755208333333335 0.06614583333333333 0.049479166666666664
2 0.21848958333333332 0.31588541666666664 0.0796875 0.0734375
2 0.34661458333333334 0.1640625 0.04010416666666667 0.023958333333333335
2 0.37005208333333334 0.16979166666666667 0.044270833333333336 0.026041666666666668
2 0.53515625 0.13307291666666668 0.028645833333333332 0.0140625
2 0.5932291666666667 0.15390625 0.036458333333333336 0.024479166666666666
1 0.26276041666666666 0.18619791666666666 0.013020833333333334 0.0171875
1 0.503125 0.1390625 0.0125 0.01875
1 0.7958333333333333 0.25859375 0.026041666666666668 0.024479166666666666
