3 0.9365853658536586 0.6383272058823529 0.04552845528455285 0.06158088235294118
3 0.053252032520325204 0.5454963235294118 0.023577235772357725 0.03400735294117647
2 0.682520325203252 0.20634191176470587 0.08699186991869919 0.04503676470588235
1 0.47520325203252034 0.17003676470588236 0.02195121951219512 0.03308823529411765
3 0.44634146341463415 0.17003676470588236 0.01951219512195122 0.027573529411764705
1 0.35121951219512193 0.20450367647058823 0.027642276422764227 0.030330882352941176
1 0.4223577235772358 0.18841911764705882 0.03008130081300813 0.029411764705882353
1 0.5020325203252033 0.16498161764705882 0.023577235772357725 0.03216911764705882
1 0.5337398373983739 0.16636029411764705 0.02032520325203252 0.027573529411764705
1 0.4865853658536585 0.3083639705882353 0.07398373983739838 0.0744485294117647
1 0.08130081300813008 0.7440257352941176 0.03739837398373984 0.05606617647058824
2 0.19552845528455284 0.2931985294117647 0.05447154471544716 0.058823529411764705
1 0.22886178861788617 0.25827205882352944 0.026829268292682926 0.034926470588235295
3 0.19552845528455284 0.6516544117647058 0.07398373983739838 0.07352941176470588
1 0.141869918699187 0.3193933823529412 0.013821138211382113 0.02297794117647059
2 0.08902439024390243 0.38327205882352944 0.02195121951219512 0.03125
