2 0.7169354838709677 0.40670955882352944 0.08064516129032258 0.09099264705882353
1 0.17096774193548386 0.6856617647058824 0.07903225806451612 0.0661764705882353
1 0.7217741935483871 0.3694852941176471 0.02258064516129032 0.025735294117647058
1 0.8080645161290323 0.5409007352941176 0.0467741935483871 0.03768382352941176
1 0.8088709677419355 0.5625 0.04838709677419355 0.042279411764705885
1 0.8004032258064516 0.5900735294117647 0.05725806451612903 0.04963235294117647
1 0.7915322580645161 0.6355698529411765 0.06048387096774194 0.06341911764705882
1 0.6286290322580645 0.27068014705882354 0.02338709677419355 0.02665441176470588
1 0.3689516129032258 0.20036764705882354 0.025 0.042279411764705885
1 0.38911290322580644 0.2265625 0.028225806451612902 0.050551470588235295
1 0.3842741935483871 0.3235294117647059 0.03306451612903226 0.07720588235294118
1 0.2540322580645161 0.7293198529411765 0.06451612903225806 0.140625
1 0.8241935483870968 0.7086397058823529 0.0532258064516129 0.058823529411764705
2 0.8689516129032258 0.6985294117647058 0.049193548387096775 0.08639705882352941
2 0.8556451612903225 0.7564338235294118 0.0532258064516129 0.10661764705882353
2 0.5241935483870968 0.20818014705882354 0.06290322580645161 0.03952205882352941
2 0.5463709677419355 0.29503676470588236 0.06693548387096775 0.09375
2 0.8233870967741935 0.5340073529411765 0.07580645161290323 0.09558823529411764
2 0.31290322580645163 0.16544117647058823 0.02903225806451613 0.02389705882352941
2 0.27983870967741936 0.17876838235294118 0.037096774193548385 0.02849264705882353
2 0.4657258064516129 0.8239889705882353 0.2120967741935484 0.35202205882352944
1 0.3431451612903226 0.17876838235294118 0.018548387096774192 0.02665441176470588
2 0.6487903225806452 0.22242647058823528 0.021774193548387097 0.022058823529411766
2 0.6641129032258064 0.24862132352941177 0.021774193548387097 0.024816176470588234
3 0.2899193548387097 0.6796875 0.05725806451612903 0.06341911764705882
1 0.19556451612903225 0.21553308823529413 0.01532258064516129 0.02849264705882353
1 0.22056451612903225 0.19806985294117646 0.013709677419354839 0.030330882352941176
