2 0.9846354166666667 0.48671875 0.016145833333333335 0.0203125
2 0.9768229166666667 0.47317708333333336 0.0203125 0.030729166666666665
2 0.8885416666666667 0.22708333333333333 0.023958333333333335 0.017708333333333333
3 0.8622395833333333 0.15963541666666667 0.0140625 0.0109375
3 0.09895833333333333 0.35260416666666666 0.03958333333333333 0.017708333333333333
1 0.06354166666666666 0.26276041666666666 0.019791666666666666 0.011979166666666667
1 0.07161458333333333 0.2994791666666667 0.0265625 0.016666666666666666
1 0.78046875 0.496875 0.059895833333333336 0.040625
1 0.6 0.3419270833333333 0.06979166666666667 0.06302083333333333
2 0.7911458333333333 0.06328125 0.017708333333333333 0.0234375
1 0.81328125 0.12630208333333334 0.0171875 0.021354166666666667
2 0.7736979166666667 0.08567708333333333 0.0296875 0.03802083333333333
2 0.7716145833333333 0.12786458333333334 0.043229166666666666 0.044270833333333336
1 0.60078125 0.10208333333333333 0.03697916666666667 0.051041666666666666
1 0.5013020833333334 0.08020833333333334 0.03802083333333333 0.04895833333333333
1 0.29348958333333336 0.17239583333333333 0.0484375 0.04791666666666667
1 0.4861979166666667 0.034375 0.019270833333333334 0.03125
2 0.9671875 0.478125 0.021875 0.034375
2 0.9455729166666667 0.58671875 0.027604166666666666 0.0359375
2 0.9828125 0.590625 0.0125 0.021875
2 0.09895833333333333 0.19609375 0.027083333333333334 0.0296875
2 0.05234375 0.23359375 0.0140625 0.016145833333333335
1 0.8078125 0.08619791666666667 0.011458333333333333 0.015104166666666667
2 0.5130208333333334 0.007552083333333333 0.034375 0.0140625
4 0.6059895833333333 0.009375 0.03697916666666667 0.017708333333333333
