1 0.24308943089430896 0.20909926470588236 0.02113821138211382 0.04136029411764706
1 0.20894308943089432 0.21691176470588236 0.016260162601626018 0.03860294117647059
1 0.19796747967479675 0.22426470588235295 0.015447154471544716 0.04044117647058824
1 0.3394308943089431 0.20680147058823528 0.05447154471544716 0.05514705882352941
1 0.6560975609756098 0.2192095588235294 0.02113821138211382 0.030330882352941176
1 0.6390243902439025 0.22196691176470587 0.026016260162601626 0.03216911764705882
1 0.615040650406504 0.22931985294117646 0.03333333333333333 0.043198529411764705
2 0.7853658536585366 0.2959558823529412 0.030894308943089432 0.03125
2 0.22398373983739836 0.265625 0.11951219512195121 0.08639705882352941
1 0.8467479674796748 0.36856617647058826 0.02195121951219512 0.02389705882352941
2 0.8264227642276423 0.296875 0.01869918699186992 0.02389705882352941
