2 0.8872395833333333 0.22838541666666667 0.0203125 0.018229166666666668
2 0.9776041666666667 0.47291666666666665 0.020833333333333332 0.030208333333333334
3 0.5052083333333334 0.46458333333333335 0.046875 0.035416666666666666
3 0.09114583333333333 0.3575520833333333 0.03854166666666667 0.016145833333333335
3 0.8815104166666666 0.2786458333333333 0.0265625 0.01875
1 0.9486979166666667 0.41901041666666666 0.028645833333333332 0.021354166666666667
1 0.10755208333333334 0.24348958333333334 0.0265625 0.022395833333333334
1 0.81875 0.09921875 0.011458333333333333 0.015104166666666667
1 0.0328125 0.26484375 0.010416666666666666 0.008854166666666666
1 0.029427083333333333 0.2864583333333333 0.013020833333333334 0.008333333333333333
1 0.5567708333333333 0.011458333333333333 0.0125 0.021875
2 0.16979166666666667 0.35989583333333336 0.09270833333333334 0.06979166666666667
0 0.61875 0.01796875 0.053125 0.034895833333333334
2 0.09895833333333333 0.19583333333333333 0.027083333333333334 0.029166666666666667
2 0.9802083333333333 0.6270833333333333 0.011458333333333333 0.016666666666666666
2 0.8393229166666667 0.19375 0.03802083333333333 0.04895833333333333
2 0.71875 0.19244791666666666 0.08125 0.0765625
2 0.03697916666666667 0.31484375 0.023958333333333335 0.0265625
2 0.09661458333333334 0.24270833333333333 0.034895833333333334 0.03229166666666667
3 0.05651041666666667 0.3260416666666667 0.0234375 0.015625
3 0.8609375 0.15807291666666667 0.015625 0.018229166666666668
