2 0.47314814814814815 0.07077205882352941 0.07407407407407407 0.05698529411764706
2 0.01990740740740741 0.5965073529411765 0.028703703703703703 0.03860294117647059
4 0.15694444444444444 0.1130514705882353 0.023148148148148147 0.022058823529411766
2 0.7435185185185185 0.1328125 0.07222222222222222 0.050551470588235295
1 0.3296296296296296 0.17876838235294118 0.053703703703703705 0.057904411764705885
1 0.21388888888888888 0.07720588235294118 0.012962962962962963 0.014705882352941176
2 0.1986111111111111 0.08501838235294118 0.019444444444444445 0.019301470588235295
2 0.15092592592592594 0.12867647058823528 0.016666666666666666 0.01838235294117647
2 0.14166666666666666 0.14292279411764705 0.018518518518518517 0.017463235294117647
4 0.12731481481481483 0.1636029411764706 0.026851851851851852 0.029411764705882353
2 0.060648148148148145 0.2647058823529412 0.021296296296296296 0.027573529411764705
1 0.04583333333333333 0.37775735294117646 0.023148148148148147 0.02022058823529412
1 0.06481481481481481 0.2821691176470588 0.018518518518518517 0.01838235294117647
2 0.056018518518518516 0.6810661764705882 0.030555555555555555 0.03308823529411765
2 0.055092592592592596 0.7077205882352942 0.026851851851851852 0.025735294117647058
2 0.08101851851851852 0.7362132352941176 0.028703703703703703 0.029411764705882353
2 0.5402777777777777 0.953125 0.06018518518518518 0.034926470588235295
