1 0.14538152610441768 0.35018382352941174 0.02248995983935743 0.01838235294117647
1 0.142570281124498 0.36075367647058826 0.024899598393574297 0.019301470588235295
1 0.13815261044176708 0.36994485294117646 0.02570281124497992 0.019301470588235295
1 0.13453815261044177 0.3795955882352941 0.024899598393574297 0.02022058823529412
1 0.12931726907630522 0.3915441176470588 0.02570281124497992 0.022058823529411766
1 0.12449799196787148 0.40487132352941174 0.02570281124497992 0.024816176470588234
1 0.11927710843373494 0.42325367647058826 0.02650602409638554 0.021139705882352942
1 0.1108433734939759 0.4453125 0.024096385542168676 0.02849264705882353
1 0.10200803212851406 0.4742647058823529 0.02570281124497992 0.027573529411764705
1 0.0963855421686747 0.5022977941176471 0.024096385542168676 0.03216911764705882
1 0.08674698795180723 0.7270220588235294 0.02570281124497992 0.027573529411764705
1 0.09036144578313253 0.7545955882352942 0.02971887550200803 0.029411764705882353
1 0.10441767068273092 0.8152573529411765 0.024096385542168676 0.02022058823529412
1 0.7216867469879518 0.17693014705882354 0.03132530120481928 0.030330882352941176
1 0.7461847389558233 0.19669117647058823 0.024096385542168676 0.025735294117647058
1 0.7594377510040161 0.21415441176470587 0.03132530120481928 0.027573529411764705
1 0.6301204819277109 0.12913602941176472 0.021686746987951807 0.03216911764705882
1 0.8489959839357429 0.2853860294117647 0.024096385542168676 0.02849264705882353
1 0.8080321285140563 0.31387867647058826 0.040160642570281124 0.05606617647058824
1 0.20120481927710843 0.26378676470588236 0.024899598393574297 0.029411764705882353
1 0.7759036144578313 0.23345588235294118 0.02891566265060241 0.027573529411764705
1 0.7911646586345381 0.24862132352941177 0.0321285140562249 0.02849264705882353
1 0.802008032128514 0.2697610294117647 0.03293172690763052 0.030330882352941176
1 0.8289156626506025 0.30422794117647056 0.0321285140562249 0.03125
1 0.8437751004016064 0.33318014705882354 0.03453815261044177 0.04136029411764706
1 0.18755020080321286 0.29549632352941174 0.02971887550200803 0.03400735294117647
1 0.88714859437751 0.34558823529411764 0.020080321285140562 0.025735294117647058
2 0.5714859437751004 0.08363970588235294 0.021686746987951807 0.014705882352941176
2 0.9024096385542169 0.35431985294117646 0.03614457831325301 0.050551470588235295
2 0.9381526104417671 0.42463235294117646 0.02570281124497992 0.04595588235294118
3 0.078714859437751 0.5772058823529411 0.035341365461847386 0.03125
2 0.4285140562248996 0.08731617647058823 0.020080321285140562 0.014705882352941176
2 0.457429718875502 0.0978860294117647 0.03132530120481928 0.02665441176470588
2 0.45823293172690766 0.07720588235294118 0.021686746987951807 0.014705882352941176
2 0.3859437751004016 0.09145220588235294 0.018473895582329317 0.015625
2 0.35180722891566263 0.11167279411764706 0.02570281124497992 0.019301470588235295
3 0.6847389558232931 0.13924632352941177 0.013654618473895583 0.02297794117647059
3 0.8843373493975903 0.3538602941176471 0.020883534136546186 0.02389705882352941
2 0.3706827309236948 0.10110294117647059 0.021686746987951807 0.01838235294117647
2 0.9618473895582329 0.5647977941176471 0.020080321285140562 0.03768382352941176
3 0.19397590361445782 0.22426470588235295 0.015261044176706828 0.02022058823529412
