2 0.30121951219512194 0.1792279411764706 0.036585365853658534 0.03308823529411765
2 0.3975609756097561 0.16544117647058823 0.03414634146341464 0.03308823529411765
2 0.483739837398374 0.16636029411764705 0.03414634146341464 0.029411764705882353
1 0.34065040650406503 0.18612132352941177 0.02113821138211382 0.03952205882352941
1 0.3065040650406504 0.1957720588235294 0.01788617886178862 0.029411764705882353
1 0.2032520325203252 0.21966911764705882 0.02926829268292683 0.04779411764705882
1 0.23577235772357724 0.22794117647058823 0.04552845528455285 0.04779411764705882
1 0.18943089430894308 0.24908088235294118 0.04878048780487805 0.04963235294117647
1 0.11219512195121951 0.2789522058823529 0.04065040650406504 0.05238970588235294
2 0.765040650406504 0.27297794117647056 0.027642276422764227 0.034926470588235295
2 0.7922764227642276 0.27941176470588236 0.02032520325203252 0.027573529411764705
2 0.8028455284552846 0.30193014705882354 0.028455284552845527 0.03952205882352941
2 0.8199186991869919 0.33318014705882354 0.028455284552845527 0.035845588235294115
2 0.8223577235772358 0.2991727941176471 0.013821138211382113 0.024816176470588234
2 0.7138211382113822 0.2541360294117647 0.05040650406504065 0.04136029411764706
2 0.07886178861788617 0.5349264705882353 0.0959349593495935 0.11397058823529412
2 0.47073170731707314 0.2104779411764706 0.1040650406504065 0.07169117647058823
2 0.5922764227642277 0.31204044117647056 0.13089430894308943 0.08547794117647059
2 0.6780487804878049 0.2647058823529412 0.07642276422764227 0.06066176470588235
2 0.6711382113821138 0.40625 0.12926829268292683 0.11029411764705882
1 0.8735772357723577 0.6199448529411765 0.046341463414634146 0.06709558823529412
2 0.8349593495934959 0.3010110294117647 0.014634146341463415 0.021139705882352942
1 0.8516260162601627 0.35018382352941174 0.013821138211382113 0.02022058823529412
1 0.6272357723577235 0.21599264705882354 0.028455284552845527 0.029411764705882353
