1 0.16184738955823294 0.35983455882352944 0.07309236947791165 0.09099264705882353
1 0.2493975903614458 0.7936580882352942 0.10200803212851406 0.12224264705882353
3 0.3433734939759036 0.8216911764705882 0.058634538152610445 0.06801470588235294
2 0.3674698795180723 0.14384191176470587 0.04417670682730924 0.02665441176470588
1 0.5132530120481927 0.19806985294117646 0.0321285140562249 0.030330882352941176
1 0.559437751004016 0.20634191176470587 0.020080321285140562 0.024816176470588234
2 0.42008032128514056 0.16268382352941177 0.04979919678714859 0.029411764705882353
2 0.7911646586345381 0.45358455882352944 0.05461847389558233 0.0744485294117647
1 0.6056224899598394 0.2109375 0.01927710843373494 0.021139705882352942
1 0.5847389558232932 0.2026654411764706 0.01927710843373494 0.017463235294117647
1 0.5791164658634538 0.21507352941176472 0.027309236947791166 0.027573529411764705
1 0.6883534136546184 0.2265625 0.008032128514056224 0.01011029411764706
1 0.6907630522088354 0.23713235294117646 0.011244979919678716 0.016544117647058824
2 0.6815261044176707 0.21691176470588236 0.013654618473895583 0.01838235294117647
2 0.6465863453815262 0.23115808823529413 0.030522088353413655 0.02849264705882353
1 0.6775100401606425 0.4108455882352941 0.04417670682730924 0.07352941176470588
1 0.6771084337349398 0.22840073529411764 0.01606425702811245 0.017463235294117647
1 0.6301204819277109 0.24356617647058823 0.015261044176706828 0.02389705882352941
2 0.44216867469879517 0.18979779411764705 0.07309236947791165 0.03952205882352941
2 0.6104417670682731 0.3396139705882353 0.08835341365461848 0.12775735294117646
1 0.7040160642570281 0.23621323529411764 0.008835341365461847 0.012867647058823529
2 0.5674698795180723 0.5790441176470589 0.1678714859437751 0.26838235294117646
2 0.2931726907630522 0.18106617647058823 0.03855421686746988 0.034926470588235295
1 0.3502008032128514 0.16498161764705882 0.017670682730923693 0.021139705882352942
1 0.3168674698795181 0.15211397058823528 0.015261044176706828 0.021139705882352942
1 0.29076305220883536 0.14751838235294118 0.014457831325301205 0.017463235294117647
1 0.37710843373493974 0.16314338235294118 0.018473895582329317 0.02665441176470588
2 0.2674698795180723 0.16681985294117646 0.02570281124497992 0.02665441176470588
1 0.26907630522088355 0.18933823529411764 0.017670682730923693 0.03308823529411765
2 0.22971887550200804 0.16865808823529413 0.020883534136546186 0.017463235294117647
2 0.23453815261044178 0.17417279411764705 0.020883534136546186 0.024816176470588234
2 0.21164658634538153 0.18520220588235295 0.021686746987951807 0.02665441176470588
2 0.24056224899598394 0.18060661764705882 0.03132530120481928 0.03216911764705882
1 0.20682730923694778 0.2104779411764706 0.012048192771084338 0.025735294117647058
1 0.22248995983935743 0.20496323529411764 0.014457831325301205 0.027573529411764705
1 0.23293172690763053 0.20174632352941177 0.011244979919678716 0.02297794117647059
2 0.8759036144578313 0.7458639705882353 0.058634538152610445 0.109375
3 0.6899598393574298 0.3161764705882353 0.01927710843373494 0.03125
1 0.6995983935742972 0.33547794117647056 0.020883534136546186 0.03125
2 0.8289156626506025 0.8635110294117647 0.05622489959839357 0.11488970588235294
1 0.7108433734939759 0.5142463235294118 0.05783132530120482 0.09283088235294118
1 0.7562248995983936 0.4577205882352941 0.04096385542168675 0.042279411764705885
1 0.7602409638554217 0.4820772058823529 0.04096385542168675 0.046875
1 0.7835341365461848 0.6750919117647058 0.06666666666666667 0.09099264705882353
1 0.7534136546184739 0.8060661764705882 0.07710843373493977 0.08823529411764706
1 0.7827309236947791 0.8768382352941176 0.07630522088353414 0.06801470588235294
2 0.8975903614457831 0.7490808823529411 0.03132530120481928 0.06433823529411764
2 0.9008032128514056 0.8010110294117647 0.024899598393574297 0.046875
2 0.8811244979919679 0.8377757352941176 0.0321285140562249 0.05606617647058824
1 0.8124497991967872 0.5340073529411765 0.04096385542168675 0.042279411764705885
1 0.8176706827309237 0.5583639705882353 0.046586345381526104 0.03400735294117647
1 0.8024096385542169 0.5974264705882353 0.05140562248995984 0.034926470588235295
1 0.8016064257028113 0.6125919117647058 0.06586345381526104 0.043198529411764705
1 0.8032128514056225 0.6318933823529411 0.06746987951807229 0.050551470588235295
1 0.8590361445783132 0.5818014705882353 0.03132530120481928 0.029411764705882353
1 0.8582329317269076 0.5997242647058824 0.03453815261044177 0.030330882352941176
1 0.8558232931726908 0.6268382352941176 0.028112449799196786 0.027573529411764705
1 0.8461847389558232 0.6622242647058824 0.03453815261044177 0.043198529411764705
1 0.880722891566265 0.6323529411764706 0.023293172690763052 0.02389705882352941
1 0.8722891566265061 0.6479779411764706 0.024096385542168676 0.02022058823529412
1 0.8751004016064257 0.6645220588235294 0.03453815261044177 0.03676470588235294
1 0.8337349397590361 0.7008272058823529 0.04819277108433735 0.05606617647058824
1 0.19477911646586346 0.19439338235294118 0.010441767068273093 0.024816176470588234
1 0.18714859437751005 0.19761029411764705 0.011244979919678716 0.02389705882352941
1 0.18995983935742972 0.2113970588235294 0.010441767068273093 0.025735294117647058
2 0.4457831325301205 0.9296875 0.22650602409638554 0.140625
