1 0.41606425702811245 0.19025735294117646 0.01606425702811245 0.025735294117647058
1 0.40562248995983935 0.1875 0.01285140562248996 0.02389705882352941
1 0.39397590361445783 0.18336397058823528 0.012048192771084338 0.030330882352941176
1 0.3791164658634538 0.17647058823529413 0.01285140562248996 0.02389705882352941
1 0.3690763052208835 0.17417279411764705 0.013654618473895583 0.021139705882352942
1 0.3614457831325301 0.18336397058823528 0.01285140562248996 0.02297794117647059
1 0.348995983935743 0.18841911764705882 0.012048192771084338 0.02022058823529412
1 0.3333333333333333 0.18474264705882354 0.017670682730923693 0.029411764705882353
1 0.5477911646586345 0.22886029411764705 0.02570281124497992 0.025735294117647058
1 0.39397590361445783 0.21369485294117646 0.03453815261044177 0.035845588235294115
1 0.25542168674698795 0.22242647058823528 0.020883534136546186 0.03860294117647059
1 0.1674698795180723 0.24770220588235295 0.016867469879518072 0.04136029411764706
1 0.15261044176706828 0.25275735294117646 0.017670682730923693 0.03308823529411765
1 0.142570281124498 0.2578125 0.013654618473895583 0.03768382352941176
1 0.12409638554216867 0.2697610294117647 0.018473895582329317 0.035845588235294115
1 0.10803212851405622 0.27849264705882354 0.015261044176706828 0.03308823529411765
1 0.09598393574297188 0.29181985294117646 0.012048192771084338 0.02297794117647059
2 0.8008032128514057 0.38786764705882354 0.02248995983935743 0.034926470588235295
1 0.6919678714859437 0.2734375 0.015261044176706828 0.017463235294117647
1 0.6449799196787148 0.2587316176470588 0.01927710843373494 0.021139705882352942
2 0.6815261044176707 0.2945772058823529 0.0393574297188755 0.030330882352941176
2 0.791566265060241 0.3239889705882353 0.010441767068273093 0.01011029411764706
1 0.8004016064257028 0.3405330882352941 0.008835341365461847 0.013786764705882353
1 0.7847389558232932 0.34650735294117646 0.01285140562248996 0.014705882352941176
1 0.6076305220883534 0.3414522058823529 0.0393574297188755 0.046875
1 0.3397590361445783 0.4494485294117647 0.08674698795180723 0.09558823529411764
