1 0.16586345381526105 0.36121323529411764 0.060240963855421686 0.0900735294117647
1 0.24859437751004015 0.7936580882352942 0.09397590361445783 0.11121323529411764
3 0.314859437751004 0.7504595588235294 0.05461847389558233 0.07996323529411764
0 0.30120481927710846 0.15211397058823528 0.04497991967871486 0.030330882352941176
1 0.3393574297188755 0.15716911764705882 0.012048192771084338 0.02022058823529412
1 0.42289156626506025 0.18841911764705882 0.021686746987951807 0.022058823529411766
1 0.42168674698795183 0.19990808823529413 0.024096385542168676 0.03216911764705882
1 0.5293172690763053 0.25505514705882354 0.0321285140562249 0.043198529411764705
1 0.5172690763052209 0.265625 0.033734939759036145 0.04779411764705882
2 0.37630522088353413 0.19301470588235295 0.060240963855421686 0.03860294117647059
2 0.3682730923694779 0.14384191176470587 0.04578313253012048 0.024816176470588234
2 0.41967871485943775 0.16176470588235295 0.05060240963855422 0.029411764705882353
1 0.5401606425702812 0.203125 0.023293172690763052 0.029411764705882353
1 0.5614457831325301 0.21737132352941177 0.027309236947791166 0.030330882352941176
2 0.793574297188755 0.45358455882352944 0.05140562248995984 0.0744485294117647
2 0.665863453815261 0.2265625 0.02248995983935743 0.024816176470588234
2 0.6449799196787148 0.2265625 0.024096385542168676 0.02297794117647059
3 0.6959839357429719 0.29963235294117646 0.020080321285140562 0.03125
3 0.6847389558232931 0.28262867647058826 0.013654618473895583 0.02297794117647059
1 0.5971887550200803 0.20863970588235295 0.013654618473895583 0.02022058823529412
1 0.6144578313253012 0.21599264705882354 0.01606425702811245 0.02022058823529412
1 0.6208835341365462 0.22886029411764705 0.01606425702811245 0.02389705882352941
1 0.6433734939759036 0.2348345588235294 0.011244979919678716 0.019301470588235295
1 0.6333333333333333 0.23621323529411764 0.013654618473895583 0.02022058823529412
1 0.24819277108433735 0.23943014705882354 0.02570281124497992 0.04136029411764706
1 0.22008032128514057 0.2182904411764706 0.024096385542168676 0.04136029411764706
1 0.24538152610441766 0.19806985294117646 0.018473895582329317 0.030330882352941176
1 0.22931726907630523 0.2977941176470588 0.03293172690763052 0.06433823529411764
1 0.7859437751004016 0.5307904411764706 0.04417670682730924 0.05238970588235294
1 0.8056224899598393 0.5363051470588235 0.03855421686746988 0.05238970588235294
2 0.44779116465863456 0.9273897058823529 0.21285140562248997 0.14338235294117646
2 0.27068273092369477 0.16636029411764705 0.020883534136546186 0.02389705882352941
2 0.29397590361445786 0.17647058823529413 0.035341365461847386 0.03308823529411765
1 0.31606425702811247 0.19439338235294118 0.020080321285140562 0.02665441176470588
1 0.3317269076305221 0.19715073529411764 0.027309236947791166 0.03952205882352941
1 0.35180722891566263 0.20909926470588236 0.020883534136546186 0.030330882352941176
1 0.3566265060240964 0.22886029411764705 0.0321285140562249 0.04595588235294118
1 0.2919678714859438 0.18841911764705882 0.020080321285140562 0.027573529411764705
2 0.39879518072289155 0.3630514705882353 0.1502008032128514 0.1801470588235294
2 0.25301204819277107 0.16084558823529413 0.024096385542168676 0.025735294117647058
1 0.9052208835341365 0.7284007352941176 0.024096385542168676 0.02849264705882353
1 0.8919678714859438 0.7982536764705882 0.02650602409638554 0.030330882352941176
2 0.8465863453815261 0.8740808823529411 0.04497991967871486 0.08272058823529412
3 0.8453815261044176 0.5344669117647058 0.028112449799196786 0.030330882352941176
3 0.8746987951807229 0.6158088235294118 0.02570281124497992 0.03125
