2 0.8869791666666667 0.228125 0.019791666666666666 0.017708333333333333
2 0.984375 0.48046875 0.019791666666666666 0.024479166666666666
3 0.18359375 0.3684895833333333 0.0453125 0.0265625
3 0.26901041666666664 0.40989583333333335 0.05572916666666667 0.028125
1 0.9643229166666667 0.6401041666666667 0.0140625 0.008333333333333333
1 0.9135416666666667 0.359375 0.03125 0.028125
1 0.88984375 0.41848958333333336 0.03802083333333333 0.0359375
1 0.8052083333333333 0.33359375 0.04583333333333333 0.0390625
1 0.6427083333333333 0.4083333333333333 0.07083333333333333 0.04583333333333333
1 0.5317708333333333 0.2598958333333333 0.06354166666666666 0.06145833333333333
1 0.9578125 0.62578125 0.017708333333333333 0.013020833333333334
1 0.9372395833333333 0.6252604166666667 0.0234375 0.016145833333333335
3 0.2046875 0.12786458333333334 0.020833333333333332 0.028645833333333332
1 0.38697916666666665 0.31796875 0.07291666666666667 0.059895833333333336
1 0.17578125 0.3390625 0.058854166666666666 0.03125
1 0.23307291666666666 0.20729166666666668 0.044270833333333336 0.0375
1 0.11484375 0.22734375 0.0265625 0.019270833333333334
1 0.029427083333333333 0.31015625 0.016145833333333335 0.015104166666666667
1 0.2015625 0.44427083333333334 0.06666666666666667 0.041666666666666664
1 0.8020833333333334 0.07005208333333333 0.008333333333333333 0.013020833333333334
2 0.09895833333333333 0.19609375 0.027083333333333334 0.028645833333333332
0 0.4596354166666667 0.16614583333333333 0.4348958333333333 0.18958333333333333
2 0.78671875 0.06953125 0.016145833333333335 0.018229166666666668
0 0.054427083333333334 0.25390625 0.0578125 0.0484375
2 0.026822916666666665 0.28411458333333334 0.013020833333333334 0.019270833333333334
2 0.016145833333333335 0.29973958333333334 0.0125 0.015104166666666667
2 0.17760416666666667 0.20963541666666666 0.06458333333333334 0.04739583333333333
2 0.16458333333333333 0.2518229166666667 0.08333333333333333 0.058854166666666666
2 0.03802083333333333 0.29244791666666664 0.025 0.022395833333333334
3 0.86171875 0.159375 0.016145833333333335 0.016666666666666666
2 0.04296875 0.334375 0.027604166666666666 0.022916666666666665
