2 0.8044270833333333 0.12821691176470587 0.044270833333333336 0.07996323529411764
1 0.8604166666666667 0.5307904411764706 0.042708333333333334 0.07077205882352941
1 0.11119791666666666 0.8924632352941176 0.0390625 0.10845588235294118
1 0.02578125 0.8414522058823529 0.0265625 0.07628676470588236
1 0.04921875 0.8460477941176471 0.0328125 0.09834558823529412
2 0.0765625 0.2679227941176471 0.03125 0.06709558823529412
3 0.03333333333333333 0.7555147058823529 0.030208333333333334 0.03860294117647059
3 0.023958333333333335 0.7734375 0.023958333333333335 0.02297794117647059
1 0.8265625 0.16819852941176472 0.014583333333333334 0.027573529411764705
1 0.6619791666666667 0.04917279411764706 0.028125 0.05422794117647059
1 0.6802083333333333 0.07169117647058823 0.03125 0.05514705882352941
1 0.024479166666666666 0.5873161764705882 0.025 0.04044117647058824
1 0.07604166666666666 0.7725183823529411 0.051041666666666666 0.06158088235294118
1 0.020052083333333335 0.6479779411764706 0.0265625 0.04411764705882353
1 0.021354166666666667 0.6171875 0.027083333333333334 0.03216911764705882
1 0.018489583333333334 0.6861213235294118 0.025520833333333333 0.035845588235294115
1 0.012760416666666666 0.6792279411764706 0.0234375 0.027573529411764705
1 0.022916666666666665 0.7159926470588235 0.023958333333333335 0.029411764705882353
1 0.01953125 0.7454044117647058 0.0265625 0.034926470588235295
2 0.011197916666666667 0.5698529411764706 0.021354166666666667 0.058823529411764705
3 0.21927083333333333 0.11994485294117647 0.015625 0.05238970588235294
2 0.00703125 0.6622242647058824 0.013020833333333334 0.057904411764705885
