1 0.08734693877551021 0.40349264705882354 0.026122448979591838 0.051470588235294115
1 0.11632653061224489 0.33547794117647056 0.017142857142857144 0.03308823529411765
1 0.8763265306122449 0.6865808823529411 0.03346938775510204 0.04411764705882353
2 0.7061224489795919 0.29411764705882354 0.029387755102040815 0.022058823529411766
2 0.7420408163265306 0.3180147058823529 0.02122448979591837 0.02022058823529412
2 0.5779591836734694 0.23161764705882354 0.017959183673469388 0.012867647058823529
1 0.726530612244898 0.3170955882352941 0.009795918367346938 0.014705882352941176
1 0.7387755102040816 0.3235294117647059 0.009795918367346938 0.016544117647058824
2 0.730204081632653 0.3556985294117647 0.06448979591836734 0.058823529411764705
2 0.48775510204081635 0.23161764705882354 0.06285714285714286 0.03125
2 0.8 0.41544117647058826 0.05061224489795919 0.058823529411764705
