2 0.8044270833333333 0.12729779411764705 0.044270833333333336 0.07996323529411764
1 0.8606770833333334 0.5303308823529411 0.043229166666666666 0.06985294117647059
1 0.11119791666666666 0.8924632352941176 0.0390625 0.10845588235294118
1 0.02578125 0.8414522058823529 0.0265625 0.07628676470588236
1 0.04921875 0.8460477941176471 0.0328125 0.09834558823529412
2 0.0765625 0.2679227941176471 0.03125 0.06709558823529412
3 0.35442708333333334 0.04411764705882353 0.022395833333333334 0.06066176470588235
1 0.8265625 0.16819852941176472 0.014583333333333334 0.027573529411764705
1 0.6627604166666666 0.04963235294117647 0.027604166666666666 0.05330882352941176
1 0.68046875 0.07077205882352941 0.033854166666666664 0.051470588235294115
1 0.81015625 0.1484375 0.021354166666666667 0.035845588235294115
1 0.07552083333333333 0.7729779411764706 0.051041666666666666 0.06066176470588235
1 0.010677083333333334 0.734375 0.021354166666666667 0.027573529411764705
1 0.0078125 0.6401654411764706 0.015625 0.03400735294117647
1 0.023177083333333334 0.5873161764705882 0.025520833333333333 0.03860294117647059
1 0.020572916666666666 0.6502757352941176 0.0265625 0.043198529411764705
1 0.017708333333333333 0.6897977941176471 0.027083333333333334 0.04136029411764706
2 0.0109375 0.5707720588235294 0.021875 0.0625
