3 0.8280487804878048 0.5588235294117647 0.07560975609756097 0.11764705882352941
1 0.683739837398374 0.1796875 0.016260162601626018 0.019301470588235295
1 0.6678861788617886 0.17830882352941177 0.01869918699186992 0.025735294117647058
1 0.6528455284552845 0.17555147058823528 0.01951219512195122 0.02389705882352941
1 0.6414634146341464 0.17463235294117646 0.022764227642276424 0.02022058823529412
1 0.6382113821138211 0.18382352941176472 0.024390243902439025 0.022058823529411766
1 0.6211382113821138 0.17325367647058823 0.01788617886178862 0.019301470588235295
1 0.6280487804878049 0.17738970588235295 0.02032520325203252 0.01838235294117647
2 0.741869918699187 0.20174632352941177 0.03008130081300813 0.030330882352941176
2 0.8121951219512196 0.23667279411764705 0.05040650406504065 0.04136029411764706
2 0.848780487804878 0.2587316176470588 0.03739837398373984 0.03400735294117647
2 0.7971544715447154 0.22242647058823528 0.03333333333333333 0.02389705882352941
2 0.13495934959349593 0.3244485294117647 0.030894308943089432 0.034926470588235295
3 0.2252032520325203 0.24770220588235295 0.014634146341463415 0.021139705882352942
3 0.2138211382113821 0.2541360294117647 0.016260162601626018 0.02297794117647059
3 0.1926829268292683 0.2647058823529412 0.013008130081300813 0.01838235294117647
2 0.708130081300813 0.2026654411764706 0.07317073170731707 0.046875
2 0.05609756097560976 0.4563419117647059 0.014634146341463415 0.030330882352941176
2 0.05 0.46231617647058826 0.013821138211382113 0.03125
1 0.0991869918699187 0.4260110294117647 0.01951219512195122 0.030330882352941176
1 0.0951219512195122 0.4094669117647059 0.014634146341463415 0.021139705882352942
1 0.08252032520325203 0.4264705882352941 0.013821138211382113 0.01838235294117647
