1 0.1646586345381526 0.3616727941176471 0.06586345381526104 0.09283088235294118
1 0.25020080321285143 0.7936580882352942 0.09236947791164658 0.11672794117647059
3 0.3461847389558233 0.8056066176470589 0.06265060240963856 0.06709558823529412
1 0.3285140562248996 0.3584558823529412 0.040160642570281124 0.10294117647058823
2 0.3502008032128514 0.18520220588235295 0.04819277108433735 0.035845588235294115
1 0.2710843373493976 0.14338235294117646 0.012048192771084338 0.016544117647058824
2 0.24779116465863454 0.14659926470588236 0.020080321285140562 0.013786764705882353
2 0.25542168674698795 0.15808823529411764 0.01927710843373494 0.016544117647058824
2 0.3168674698795181 0.15073529411764705 0.023293172690763052 0.02022058823529412
2 0.3068273092369478 0.16038602941176472 0.024096385542168676 0.02297794117647059
2 0.4353413654618474 0.22931985294117646 0.08995983935742972 0.06709558823529412
2 0.3678714859437751 0.14292279411764705 0.046586345381526104 0.024816176470588234
2 0.42088353413654617 0.16130514705882354 0.05140562248995984 0.030330882352941176
1 0.5421686746987951 0.19990808823529413 0.02570281124497992 0.03400735294117647
1 0.5614457831325301 0.21553308823529413 0.027309236947791166 0.030330882352941176
0 0.5742971887550201 0.28768382352941174 0.12048192771084337 0.10477941176470588
2 0.6646586345381527 0.22380514705882354 0.023293172690763052 0.021139705882352942
2 0.6445783132530121 0.22380514705882354 0.03132530120481928 0.021139705882352942
2 0.7943775100401607 0.45450367647058826 0.05140562248995984 0.0744485294117647
1 0.7048192771084337 0.45128676470588236 0.05542168674698795 0.058823529411764705
1 0.6795180722891566 0.37545955882352944 0.05461847389558233 0.05238970588235294
1 0.8779116465863454 0.7040441176470589 0.035341365461847386 0.03860294117647059
1 0.8883534136546185 0.7573529411764706 0.027309236947791166 0.027573529411764705
1 0.8963855421686747 0.7789522058823529 0.02570281124497992 0.02665441176470588
1 0.9012048192771084 0.7371323529411765 0.02248995983935743 0.027573529411764705
2 0.7437751004016064 0.5693933823529411 0.12690763052208837 0.17003676470588236
2 0.8168674698795181 0.5859375 0.08353413654618475 0.12775735294117646
1 0.8293172690763052 0.5477941176470589 0.03132530120481928 0.029411764705882353
1 0.6971887550200804 0.2348345588235294 0.008032128514056224 0.013786764705882353
1 0.7040160642570281 0.24586397058823528 0.015261044176706828 0.017463235294117647
1 0.6742971887550201 0.25965073529411764 0.013654618473895583 0.017463235294117647
1 0.6634538152610442 0.26424632352941174 0.01606425702811245 0.017463235294117647
1 0.6088353413654618 0.22380514705882354 0.014457831325301205 0.019301470588235295
1 0.6216867469879518 0.23023897058823528 0.01606425702811245 0.019301470588235295
1 0.6397590361445783 0.23299632352941177 0.013654618473895583 0.017463235294117647
1 0.6429718875502008 0.25137867647058826 0.020080321285140562 0.024816176470588234
2 0.6273092369477912 0.29090073529411764 0.04497991967871486 0.06158088235294118
3 0.6678714859437751 0.28262867647058826 0.010441767068273093 0.021139705882352942
3 0.6738955823293172 0.28308823529411764 0.008032128514056224 0.02022058823529412
3 0.6867469879518072 0.29549632352941174 0.01606425702811245 0.03216911764705882
3 0.6975903614457831 0.2991727941176471 0.010441767068273093 0.019301470588235295
1 0.7036144578313253 0.328125 0.02570281124497992 0.03676470588235294
2 0.44899598393574297 0.9287683823529411 0.20722891566265061 0.140625
2 0.88714859437751 0.8483455882352942 0.04417670682730924 0.06066176470588235
2 0.20963855421686747 0.17830882352941177 0.01927710843373494 0.027573529411764705
1 0.2497991967871486 0.1801470588235294 0.01285140562248996 0.022058823529411766
1 0.23413654618473895 0.18566176470588236 0.016867469879518072 0.029411764705882353
1 0.23815261044176708 0.20726102941176472 0.018473895582329317 0.030330882352941176
2 0.26586345381526105 0.16590073529411764 0.027309236947791166 0.02665441176470588
2 0.2891566265060241 0.17693014705882354 0.03855421686746988 0.03216911764705882
