1 0.17258064516129032 0.6870404411764706 0.07903225806451612 0.06709558823529412
1 0.7298387096774194 0.3837316176470588 0.025806451612903226 0.030330882352941176
1 0.7435483870967742 0.39797794117647056 0.025806451612903226 0.03125
1 0.7504032258064516 0.4117647058823529 0.025 0.03125
1 0.8032258064516129 0.5197610294117647 0.054838709677419356 0.04136029411764706
1 0.7915322580645161 0.5372242647058824 0.04435483870967742 0.04503676470588235
1 0.3379032258064516 0.16314338235294118 0.017741935483870968 0.02297794117647059
1 0.4153225806451613 0.2693014705882353 0.02903225806451613 0.058823529411764705
1 0.3548387096774194 0.24770220588235295 0.03064516129032258 0.050551470588235295
1 0.5862903225806452 0.2624080882352941 0.025806451612903226 0.03400735294117647
1 0.5810483870967742 0.31112132352941174 0.03790322580645161 0.05238970588235294
1 0.6633064516129032 0.2679227941176471 0.020161290322580645 0.02849264705882353
1 0.644758064516129 0.2899816176470588 0.025 0.03216911764705882
2 0.4205645161290323 0.203125 0.09435483870967742 0.04411764705882353
2 0.5294354838709677 0.21875 0.06048387096774194 0.03860294117647059
2 0.2794354838709677 0.17784926470588236 0.04112903225806452 0.03400735294117647
2 0.867741935483871 0.7702205882352942 0.05 0.09558823529411764
2 0.225 0.18658088235294118 0.03225806451612903 0.034926470588235295
2 0.25967741935483873 0.15119485294117646 0.02258064516129032 0.019301470588235295
1 0.36693548387096775 0.16681985294117646 0.01129032258064516 0.021139705882352942
1 0.32016129032258067 0.17509191176470587 0.014516129032258065 0.02665441176470588
2 0.5818548387096775 0.22196691176470587 0.04596774193548387 0.030330882352941176
1 0.6298387096774194 0.23805147058823528 0.017741935483870968 0.02389705882352941
1 0.7915322580645161 0.6052389705882353 0.04596774193548387 0.03768382352941176
1 0.8459677419354839 0.6378676470588235 0.037096774193548385 0.03308823529411765
1 0.8044354838709677 0.6378676470588235 0.049193548387096775 0.04044117647058824
1 0.8133064516129033 0.6636029411764706 0.050806451612903224 0.051470588235294115
1 0.8411290322580646 0.6815257352941176 0.03870967741935484 0.03768382352941176
1 0.8778225806451613 0.6852022058823529 0.028225806451612902 0.02297794117647059
1 0.8673387096774193 0.6980698529411765 0.029838709677419355 0.02849264705882353
