2 0.4736111111111111 0.07123161764705882 0.07685185185185185 0.057904411764705885
2 0.019444444444444445 0.5969669117647058 0.02962962962962963 0.03768382352941176
2 0.8462962962962963 0.14935661764705882 0.02962962962962963 0.03216911764705882
4 0.8268518518518518 0.140625 0.037037037037037035 0.04044117647058824
2 0.7902777777777777 0.13740808823529413 0.04537037037037037 0.03952205882352941
2 0.7439814814814815 0.10477941176470588 0.05648148148148148 0.027573529411764705
2 0.6699074074074074 0.09834558823529412 0.0787037037037037 0.04411764705882353
2 0.7421296296296296 0.13097426470588236 0.07314814814814814 0.050551470588235295
1 0.5194444444444445 0.0818014705882353 0.037037037037037035 0.04411764705882353
1 0.3375 0.17325367647058823 0.05092592592592592 0.06709558823529412
1 0.5314814814814814 0.7964154411764706 0.044444444444444446 0.08363970588235294
0 0.09675925925925925 0.18658088235294118 0.03981481481481482 0.04595588235294118
2 0.059722222222222225 0.26516544117647056 0.021296296296296296 0.02849264705882353
2 0.0712962962962963 0.25735294117647056 0.020370370370370372 0.027573529411764705
1 0.05787037037037037 0.2945772058823529 0.019444444444444445 0.017463235294117647
1 0.062037037037037036 0.2853860294117647 0.024074074074074074 0.021139705882352942
1 0.07361111111111111 0.7003676470588235 0.026851851851851852 0.01838235294117647
1 0.0824074074074074 0.7169117647058824 0.027777777777777776 0.022058823529411766
1 0.08981481481481482 0.7279411764705882 0.027777777777777776 0.01838235294117647
1 0.10324074074074074 0.7490808823529411 0.028703703703703703 0.02389705882352941
2 0.055092592592592596 0.6796875 0.03425925925925926 0.03216911764705882
2 0.05416666666666667 0.7068014705882353 0.025 0.029411764705882353
2 0.08287037037037037 0.7348345588235294 0.026851851851851852 0.02849264705882353
2 0.0712962962962963 0.7394301470588235 0.022222222222222223 0.030330882352941176
2 0.5398148148148149 0.9526654411764706 0.06111111111111111 0.03768382352941176
