2 0.7165322580645161 0.40762867647058826 0.07983870967741935 0.08915441176470588
1 0.17096774193548386 0.6856617647058824 0.07903225806451612 0.0661764705882353
1 0.7205645161290323 0.36856617647058826 0.02338709677419355 0.027573529411764705
1 0.722983870967742 0.9811580882352942 0.055645161290322584 0.035845588235294115
1 0.7866935483870968 0.5454963235294118 0.050806451612903224 0.05606617647058824
1 0.8189516129032258 0.6272977941176471 0.03951612903225806 0.04871323529411765
1 0.5681451612903226 0.29871323529411764 0.04596774193548387 0.05514705882352941
1 0.22056451612903225 0.27297794117647056 0.02661290322580645 0.04411764705882353
1 0.16612903225806452 0.30514705882352944 0.04032258064516129 0.04963235294117647
1 0.4620967741935484 0.19117647058823528 0.02903225806451613 0.03308823529411765
1 0.4806451612903226 0.22472426470588236 0.03225806451612903 0.043198529411764705
1 0.6338709677419355 0.2619485294117647 0.01935483870967742 0.027573529411764705
1 0.572983870967742 0.21231617647058823 0.018548387096774192 0.025735294117647058
2 0.6834677419354839 0.44255514705882354 0.1282258064516129 0.14246323529411764
2 0.26814516129032256 0.2265625 0.06370967741935483 0.06158088235294118
2 0.822983870967742 0.5367647058823529 0.07661290322580645 0.10294117647058823
0 0.5645161290322581 0.5850183823529411 0.5709677419354838 0.6902573529411765
2 0.2794354838709677 0.17555147058823528 0.03467741935483871 0.029411764705882353
2 0.2616935483870968 0.16498161764705882 0.025 0.02665441176470588
2 0.2306451612903226 0.1870404411764706 0.03064516129032258 0.03400735294117647
2 0.8790322580645161 0.8331801470588235 0.02903225806451613 0.05238970588235294
2 0.8391129032258065 0.90625 0.031451612903225803 0.03860294117647059
1 0.3487903225806452 0.16819852941176472 0.01532258064516129 0.022058823529411766
1 0.20806451612903226 0.22886029411764705 0.016129032258064516 0.03308823529411765
1 0.2862903225806452 0.19761029411764705 0.016129032258064516 0.027573529411764705
2 0.6479838709677419 0.2265625 0.025 0.021139705882352942
2 0.6600806451612903 0.24678308823529413 0.028225806451612902 0.02665441176470588
1 0.6399193548387097 0.23023897058823528 0.012096774193548387 0.015625
1 0.6266129032258064 0.23161764705882354 0.014516129032258065 0.01838235294117647
3 0.7778225806451613 0.45909926470588236 0.03790322580645161 0.04503676470588235
