2 0.5008064516129033 0.1796875 0.024193548387096774 0.030330882352941176
2 0.8137096774193548 0.5436580882352942 0.017741935483870968 0.02297794117647059
2 0.7895161290322581 0.5142463235294118 0.02903225806451613 0.03952205882352941
0 0.8495967741935484 0.6112132352941176 0.018548387096774192 0.03125
2 0.8370967741935483 0.6061580882352942 0.016129032258064516 0.02849264705882353
2 0.8181451612903226 0.5988051470588235 0.025 0.035845588235294115
1 0.8032258064516129 0.6300551470588235 0.02258064516129032 0.021139705882352942
2 0.19838709677419356 0.22564338235294118 0.07903225806451612 0.06158088235294118
1 0.7431451612903226 0.9448529411764706 0.04596774193548387 0.03860294117647059
4 0.8076612903225806 0.5110294117647058 0.036290322580645164 0.051470588235294115
