2 0.7153225806451613 0.4071691176470588 0.08387096774193549 0.0900735294117647
1 0.17096774193548386 0.6856617647058824 0.07903225806451612 0.0661764705882353
1 0.7209677419354839 0.36902573529411764 0.02258064516129032 0.02665441176470588
1 0.6669354838709678 0.25597426470588236 0.017741935483870968 0.024816176470588234
1 0.6459677419354839 0.25827205882352944 0.016129032258064516 0.02022058823529412
1 0.555241935483871 0.24540441176470587 0.029838709677419355 0.04044117647058824
1 0.49879032258064515 0.20772058823529413 0.03306451612903226 0.029411764705882353
1 0.31733870967741934 0.41681985294117646 0.062096774193548386 0.11672794117647059
1 0.3778225806451613 0.23023897058823528 0.03790322580645161 0.03768382352941176
2 0.8548387096774194 0.7568933823529411 0.056451612903225805 0.10753676470588236
2 0.3528225806451613 0.19623161764705882 0.08306451612903226 0.05238970588235294
2 0.8241935483870968 0.5404411764705882 0.07903225806451612 0.11029411764705882
2 0.2770161290322581 0.17509191176470587 0.03467741935483871 0.024816176470588234
2 0.8866935483870968 0.8046875 0.02661290322580645 0.05974264705882353
2 0.646774193548387 0.2265625 0.024193548387096774 0.02297794117647059
1 0.5661290322580645 0.21737132352941177 0.01935483870967742 0.02665441176470588
3 0.17419354838709677 0.265625 0.025806451612903226 0.05514705882352941
3 0.7754032258064516 0.46231617647058826 0.036290322580645164 0.04779411764705882
3 0.7677419354838709 0.4375 0.025806451612903226 0.042279411764705885
