1 0.7846354166666667 0.425 0.0390625 0.04791666666666667
1 0.5268229166666667 0.08541666666666667 0.015104166666666667 0.030208333333333334
1 0.7291666666666666 0.09322916666666667 0.009375 0.016666666666666666
1 0.15520833333333334 0.7184895833333333 0.029166666666666667 0.027604166666666666
2 0.4010416666666667 0.46067708333333335 0.121875 0.18697916666666667
2 0.6299479166666667 0.09375 0.027604166666666666 0.03125
2 0.5755208333333334 0.09739583333333333 0.036458333333333336 0.036458333333333336
0 0.2596354166666667 0.4596354166666667 0.27760416666666665 0.49322916666666666
1 0.8127604166666667 0.3059895833333333 0.0328125 0.030729166666666665
1 0.8013020833333333 0.2559895833333333 0.0296875 0.025520833333333333
