2 0.8044270833333333 0.12729779411764705 0.0453125 0.07996323529411764
1 0.1109375 0.8920036764705882 0.03854166666666667 0.10753676470588236
1 0.025520833333333333 0.8409926470588235 0.026041666666666668 0.07536764705882353
1 0.04973958333333333 0.8460477941176471 0.030729166666666665 0.09650735294117647
2 0.0765625 0.2679227941176471 0.03125 0.06709558823529412
1 0.8265625 0.16819852941176472 0.014583333333333334 0.027573529411764705
1 0.5854166666666667 0.13143382352941177 0.051041666666666666 0.09191176470588236
1 0.8989583333333333 0.2922794117647059 0.014583333333333334 0.027573529411764705
1 0.17578125 0.17784926470588236 0.025520833333333333 0.06525735294117647
2 0.029947916666666668 0.5422794117647058 0.0453125 0.10477941176470588
2 0.8815104166666666 0.3405330882352941 0.03802083333333333 0.08363970588235294
3 0.3143229166666667 0.05422794117647059 0.0171875 0.06066176470588235
1 0.8705729166666667 0.2265625 0.0109375 0.02297794117647059
2 0.03958333333333333 0.3170955882352941 0.015625 0.027573529411764705
1 0.007552083333333333 0.6557904411764706 0.0140625 0.035845588235294115
