1 0.27877551020408164 0.21369485294117646 0.008979591836734694 0.015625
1 0.2885714285714286 0.2104779411764706 0.008979591836734694 0.016544117647058824
1 0.2689795918367347 0.2182904411764706 0.008979591836734694 0.011948529411764705
1 0.2559183673469388 0.22196691176470587 0.008979591836734694 0.015625
1 0.24326530612244898 0.22748161764705882 0.00816326530612245 0.013786764705882353
1 0.22448979591836735 0.22748161764705882 0.009795918367346938 0.011948529411764705
2 0.2583673469387755 0.20909926470588236 0.026938775510204082 0.015625
1 0.7281632653061224 0.3161764705882353 0.014693877551020407 0.01838235294117647
1 0.7408163265306122 0.3239889705882353 0.010612244897959184 0.017463235294117647
0 0.6314285714285715 0.25505514705882354 0.11346938775510204 0.06893382352941177
1 0.8579591836734693 0.46369485294117646 0.02122448979591837 0.02665441176470588
1 0.8677551020408163 0.47794117647058826 0.017959183673469388 0.027573529411764705
1 0.8812244897959184 0.4977022058823529 0.017142857142857144 0.024816176470588234
