2 0.6296747967479674 0.6980698529411765 0.17154471544715447 0.3446691176470588
2 0.2995934959349594 0.1792279411764706 0.038211382113821135 0.03860294117647059
2 0.3955284552845528 0.16819852941176472 0.046341463414634146 0.034926470588235295
1 0.341869918699187 0.18887867647058823 0.023577235772357725 0.04503676470588235
1 0.40284552845528454 0.3446691176470588 0.0886178861788618 0.08823529411764706
1 0.6853658536585366 0.3322610294117647 0.04715447154471545 0.06158088235294118
1 0.05203252032520325 0.5257352941176471 0.03739837398373984 0.058823529411764705
2 0.12845528455284552 0.29733455882352944 0.08943089430894309 0.10386029411764706
1 0.8073170731707318 0.3584558823529412 0.02113821138211382 0.03308823529411765
1 0.8394308943089431 0.34375 0.01869918699186992 0.022058823529411766
1 0.7630081300813009 0.34329044117647056 0.03170731707317073 0.03952205882352941
1 0.775609756097561 0.37683823529411764 0.03739837398373984 0.04595588235294118
2 0.7703252032520326 0.31755514705882354 0.04959349593495935 0.04503676470588235
1 0.8711382113821138 0.6171875 0.046341463414634146 0.05974264705882353
1 0.8621951219512195 0.6764705882352942 0.04796747967479675 0.05698529411764706
1 0.8544715447154472 0.7090992647058824 0.04878048780487805 0.05422794117647059
