1 0.6173387096774193 0.3818933823529412 0.05887096774193548 0.07077205882352941
1 0.4407258064516129 0.21231617647058823 0.03306451612903226 0.04595588235294118
1 0.3842741935483871 0.19393382352941177 0.03306451612903226 0.03676470588235294
2 0.2701612903225806 0.17095588235294118 0.03870967741935484 0.02389705882352941
2 0.2955645161290323 0.17555147058823528 0.04435483870967742 0.03308823529411765
1 0.3116935483870968 0.1953125 0.02661290322580645 0.03952205882352941
2 0.3338709677419355 0.28630514705882354 0.11129032258064517 0.12775735294117646
1 0.7754032258064516 0.4931066176470588 0.04112903225806452 0.05238970588235294
3 0.7245967741935484 0.40119485294117646 0.029838709677419355 0.04136029411764706
1 0.7314516129032258 0.3828125 0.02258064516129032 0.02849264705882353
1 0.7431451612903226 0.3984375 0.02338709677419355 0.030330882352941176
1 0.7536290322580645 0.4103860294117647 0.02661290322580645 0.035845588235294115
