1 0.41260162601626016 0.19071691176470587 0.013821138211382113 0.02297794117647059
1 0.4008130081300813 0.18933823529411764 0.00975609756097561 0.02389705882352941
1 0.38902439024390245 0.18520220588235295 0.013821138211382113 0.02665441176470588
1 0.37601626016260165 0.17784926470588236 0.012195121951219513 0.02297794117647059
1 0.3646341463414634 0.17693014705882354 0.01056910569105691 0.021139705882352942
1 0.3569105691056911 0.1870404411764706 0.013008130081300813 0.019301470588235295
1 0.3443089430894309 0.18887867647058823 0.012195121951219513 0.017463235294117647
1 0.3304878048780488 0.1870404411764706 0.01707317073170732 0.02665441176470588
1 0.25040650406504067 0.22334558823529413 0.01951219512195122 0.04044117647058824
1 0.5455284552845528 0.23115808823529413 0.027642276422764227 0.024816176470588234
1 0.1597560975609756 0.24540441176470587 0.01869918699186992 0.04044117647058824
1 0.13455284552845528 0.26056985294117646 0.013821138211382113 0.03768382352941176
1 0.11707317073170732 0.2697610294117647 0.013008130081300813 0.03400735294117647
1 0.1 0.2821691176470588 0.013008130081300813 0.027573529411764705
1 0.08902439024390243 0.28860294117647056 0.01056910569105691 0.027573529411764705
2 0.4402439024390244 0.19071691176470587 0.04796747967479675 0.05238970588235294
2 0.7203252032520325 0.29871323529411764 0.027642276422764227 0.02022058823529412
2 0.7451219512195122 0.5073529411764706 0.0983739837398374 0.15625
2 0.7223577235772358 0.31985294117647056 0.036585365853658534 0.03308823529411765
2 0.05 0.3851102941176471 0.02032520325203252 0.07352941176470588
1 0.8060975609756098 0.3538602941176471 0.012195121951219513 0.01838235294117647
1 0.7967479674796748 0.35202205882352944 0.011382113821138212 0.016544117647058824
1 0.7044715447154472 0.28400735294117646 0.013821138211382113 0.02022058823529412
1 0.6910569105691057 0.2725183823529412 0.016260162601626018 0.019301470588235295
1 0.6434959349593496 0.25643382352941174 0.02195121951219512 0.027573529411764705
