2 0.3008130081300813 0.17830882352941177 0.03577235772357724 0.029411764705882353
2 0.3983739837398374 0.16590073529411764 0.04065040650406504 0.03400735294117647
1 0.8691056910569106 0.6153492647058824 0.03414634146341464 0.02665441176470588
1 0.8613821138211382 0.6681985294117647 0.03983739837398374 0.04044117647058824
1 0.8459349593495935 0.6994485294117647 0.043089430894308944 0.05514705882352941
4 0.13739837398373983 0.2545955882352941 0.061788617886178863 0.08455882352941177
2 0.5939024390243902 0.23529411764705882 0.1 0.05698529411764706
1 0.733739837398374 0.26056985294117646 0.01707317073170732 0.019301470588235295
1 0.6947154471544715 0.24816176470588236 0.025203252032520326 0.025735294117647058
2 0.8268292682926829 0.3046875 0.01788617886178862 0.021139705882352942
2 0.8008130081300813 0.30193014705882354 0.027642276422764227 0.02849264705882353
2 0.7268292682926829 0.3322610294117647 0.07154471544715447 0.06341911764705882
2 0.3670731707317073 0.25919117647058826 0.13739837398373983 0.08639705882352941
1 0.4971544715447154 0.1801470588235294 0.023577235772357725 0.016544117647058824
1 0.48902439024390243 0.203125 0.036585365853658534 0.034926470588235295
1 0.3569105691056911 0.2035845588235294 0.04227642276422764 0.046875
1 0.20934959349593496 0.25597426470588236 0.038211382113821135 0.05238970588235294
1 0.1508130081300813 0.26838235294117646 0.026829268292682926 0.042279411764705885
1 0.1040650406504065 0.31295955882352944 0.030894308943089432 0.02665441176470588
1 0.5605691056910569 0.2026654411764706 0.034959349593495934 0.04136029411764706
