1 0.557429718875502 0.20909926470588236 0.024096385542168676 0.02849264705882353
1 0.5734939759036145 0.22840073529411764 0.014457831325301205 0.02297794117647059
1 0.5923694779116466 0.22472426470588236 0.016867469879518072 0.024816176470588234
1 0.6056224899598394 0.21966911764705882 0.014457831325301205 0.022058823529411766
1 0.5020080321285141 0.20588235294117646 0.0321285140562249 0.03676470588235294
1 0.4847389558232932 0.2633272058823529 0.05220883534136546 0.05606617647058824
1 0.1634538152610442 0.359375 0.06827309236947791 0.0900735294117647
1 0.2469879518072289 0.7973345588235294 0.10040160642570281 0.12040441176470588
3 0.3389558232931727 0.7996323529411765 0.06265060240963856 0.07169117647058823
2 0.43493975903614457 0.9719669117647058 0.17590361445783131 0.05422794117647059
0 0.28674698795180725 0.24724264705882354 0.13815261044176708 0.1801470588235294
1 0.36586345381526103 0.20128676470588236 0.028112449799196786 0.03308823529411765
1 0.378714859437751 0.21507352941176472 0.03293172690763052 0.03860294117647059
1 0.40120481927710844 0.23575367647058823 0.04578313253012048 0.05606617647058824
2 0.3690763052208835 0.14246323529411764 0.04417670682730924 0.025735294117647058
2 0.42088353413654617 0.16314338235294118 0.05301204819277108 0.02849264705882353
2 0.7943775100401607 0.45450367647058826 0.05301204819277108 0.07261029411764706
2 0.6550200803212851 0.22794117647058823 0.018473895582329317 0.01838235294117647
2 0.6698795180722892 0.22518382352941177 0.01606425702811245 0.02022058823529412
1 0.621285140562249 0.22886029411764705 0.013654618473895583 0.02022058823529412
1 0.6240963855421687 0.23805147058823528 0.01606425702811245 0.02022058823529412
1 0.6377510040160642 0.23575367647058823 0.014457831325301205 0.02665441176470588
1 0.6883534136546184 0.23529411764705882 0.011244979919678716 0.016544117647058824
1 0.6751004016064257 0.23759191176470587 0.012048192771084338 0.013786764705882353
1 0.6666666666666666 0.23943014705882354 0.011244979919678716 0.019301470588235295
1 0.6518072289156627 0.24126838235294118 0.013654618473895583 0.019301470588235295
1 0.6690763052208836 0.24908088235294118 0.011244979919678716 0.014705882352941176
1 0.9016064257028112 0.7325367647058824 0.024899598393574297 0.029411764705882353
3 0.7481927710843373 0.390625 0.03132530120481928 0.042279411764705885
1 0.6995983935742972 0.33409926470588236 0.020883534136546186 0.03216911764705882
