1 0.2721774193548387 0.671875 0.13306451612903225 0.13786764705882354
1 0.6685483870967742 0.39338235294117646 0.054838709677419356 0.06066176470588235
2 0.6358870967741935 0.22380514705882354 0.028225806451612902 0.02665441176470588
1 0.5786290322580645 0.2109375 0.016935483870967744 0.021139705882352942
2 0.6560483870967742 0.22380514705882354 0.02338709677419355 0.02849264705882353
1 0.7294354838709678 0.3837316176470588 0.025 0.03400735294117647
2 0.2532258064516129 0.16865808823529413 0.03225806451612903 0.02665441176470588
2 0.27903225806451615 0.17830882352941177 0.043548387096774194 0.034926470588235295
1 0.7431451612903226 0.39889705882352944 0.02661290322580645 0.03125
3 0.7431451612903226 0.38556985294117646 0.021774193548387097 0.035845588235294115
1 0.7528225806451613 0.4108455882352941 0.02661290322580645 0.03308823529411765
