2 0.5304147465437788 0.109375 0.02857142857142857 0.029411764705882353
3 0.38894009216589864 0.8216911764705882 0.0423963133640553 0.0625
1 0.5539170506912442 0.10983455882352941 0.011059907834101382 0.024816176470588234
4 0.1552995391705069 0.4025735294117647 0.09493087557603687 0.0625
1 0.03456221198156682 0.5105698529411765 0.02488479262672811 0.013786764705882353
1 0.11013824884792627 0.3235294117647059 0.02304147465437788 0.02022058823529412
2 0.21013824884792626 0.26424632352941174 0.05714285714285714 0.05422794117647059
1 0.18755760368663593 0.47058823529411764 0.05806451612903226 0.027573529411764705
1 0.603225806451613 0.4306066176470588 0.08018433179723503 0.050551470588235295
3 0.27373271889400924 0.17463235294117646 0.016589861751152075 0.022058823529411766
3 0.2589861751152074 0.18520220588235295 0.016589861751152075 0.021139705882352942
1 0.9548387096774194 0.4912683823529412 0.035023041474654376 0.021139705882352942
1 0.652073732718894 0.16544117647058823 0.030414746543778803 0.03676470588235294
