2 0.3975609756097561 0.16498161764705882 0.03577235772357724 0.03400735294117647
2 0.3008130081300813 0.1796875 0.03414634146341464 0.030330882352941176
1 0.34146341463414637 0.1870404411764706 0.01951219512195122 0.03952205882352941
1 0.30528455284552847 0.19255514705882354 0.02032520325203252 0.03400735294117647
1 0.36829268292682926 0.3648897058823529 0.0959349593495935 0.0900735294117647
1 0.12479674796747968 0.5261948529411765 0.07073170731707316 0.078125
4 0.8398373983739837 0.40441176470588236 0.08292682926829269 0.11397058823529412
2 0.47804878048780486 0.15946691176470587 0.04227642276422764 0.04136029411764706
2 0.6439024390243903 0.26286764705882354 0.0959349593495935 0.06433823529411764
2 0.2394308943089431 0.28079044117647056 0.14715447154471545 0.11121323529411764
2 0.7069105691056911 0.3561580882352941 0.09674796747967479 0.08547794117647059
2 0.8731707317073171 0.3681066176470588 0.016260162601626018 0.024816176470588234
1 0.7288617886178862 0.24724264705882354 0.025203252032520326 0.029411764705882353
2 0.7804878048780488 0.27527573529411764 0.02926829268292683 0.02665441176470588
2 0.8105691056910569 0.3010110294117647 0.026016260162601626 0.030330882352941176
2 0.7987804878048781 0.32536764705882354 0.041463414634146344 0.042279411764705885
1 0.8719512195121951 0.625 0.04959349593495935 0.07536764705882353
1 0.20203252032520325 0.21875 0.03333333333333333 0.04595588235294118
1 0.24308943089430896 0.20955882352941177 0.022764227642276424 0.03308823529411765
1 0.8357723577235773 0.3249080882352941 0.011382113821138212 0.015625
1 0.8361788617886179 0.3400735294117647 0.01707317073170732 0.022058823529411766
1 0.816260162601626 0.3635110294117647 0.01951219512195122 0.02665441176470588
1 0.8609756097560975 0.3492647058823529 0.011382113821138212 0.01838235294117647
1 0.733739837398374 0.30606617647058826 0.025203252032520326 0.03125
