2 0.5285714285714286 0.109375 0.02857142857142857 0.029411764705882353
1 0.11658986175115207 0.3157169117647059 0.01935483870967742 0.015625
2 0.047465437788018434 0.49172794117647056 0.030414746543778803 0.02389705882352941
1 0.03271889400921659 0.5202205882352942 0.02304147465437788 0.014705882352941176
1 0.06866359447004608 0.4931066176470588 0.02488479262672811 0.013786764705882353
1 0.07142857142857142 0.5101102941176471 0.030414746543778803 0.016544117647058824
1 0.06451612903225806 0.5404411764705882 0.029493087557603687 0.014705882352941176
1 0.1456221198156682 0.47150735294117646 0.047926267281105994 0.027573529411764705
1 0.2995391705069124 0.5229779411764706 0.07557603686635944 0.034926470588235295
1 0.4345622119815668 0.44806985294117646 0.0728110599078341 0.04136029411764706
2 0.1976958525345622 0.35294117647058826 0.08387096774193549 0.07169117647058823
2 0.3419354838709677 0.35661764705882354 0.12534562211981568 0.07904411764705882
2 0.3009216589861751 0.21507352941176472 0.07834101382488479 0.05698529411764706
1 0.7654377880184332 0.45818014705882354 0.06359447004608294 0.03400735294117647
1 0.8474654377880184 0.4287683823529412 0.05069124423963134 0.02297794117647059
1 0.883410138248848 0.44715073529411764 0.041474654377880185 0.021139705882352942
1 0.9069124423963134 0.4774816176470588 0.0423963133640553 0.021139705882352942
2 0.8852534562211981 0.3616727941176471 0.054377880184331796 0.04503676470588235
2 0.8732718894009217 0.40027573529411764 0.06175115207373272 0.046875
2 0.033640552995391704 0.47610294117647056 0.030414746543778803 0.022058823529411766
