2 0.557429718875502 0.07858455882352941 0.020883534136546186 0.013786764705882353
2 0.5811244979919679 0.08685661764705882 0.024899598393574297 0.015625
2 0.3497991967871486 0.11259191176470588 0.018473895582329317 0.017463235294117647
2 0.41004016064257026 0.10294117647058823 0.02650602409638554 0.02389705882352941
2 0.45943775100401607 0.08823529411764706 0.024096385542168676 0.02022058823529412
3 0.6995983935742972 0.1488970588235294 0.00963855421686747 0.025735294117647058
3 0.25502008032128515 0.17555147058823528 0.013654618473895583 0.025735294117647058
1 0.14779116465863454 0.35018382352941174 0.027309236947791166 0.01838235294117647
1 0.14417670682730924 0.36075367647058826 0.024899598393574297 0.02297794117647059
1 0.13052208835341367 0.3947610294117647 0.028112449799196786 0.02297794117647059
1 0.12329317269076305 0.4085477941176471 0.024899598393574297 0.02665441176470588
1 0.11967871485943775 0.4287683823529412 0.02570281124497992 0.021139705882352942
1 0.1108433734939759 0.45128676470588236 0.02891566265060241 0.02389705882352941
1 0.10281124497991968 0.47150735294117646 0.0321285140562249 0.03125
1 0.09718875502008033 0.5032169117647058 0.027309236947791166 0.02849264705882353
1 0.08674698795180723 0.7261029411764706 0.024096385542168676 0.034926470588235295
1 0.09116465863453815 0.7518382352941176 0.02650602409638554 0.03125
1 0.10642570281124498 0.8106617647058824 0.02650602409638554 0.03125
1 0.761847389558233 0.21645220588235295 0.03293172690763052 0.035845588235294115
1 0.8096385542168675 0.27205882352941174 0.040160642570281124 0.04411764705882353
1 0.834136546184739 0.3056066176470588 0.03132530120481928 0.04136029411764706
1 0.7899598393574297 0.25 0.03293172690763052 0.04044117647058824
1 0.15220883534136545 0.8795955882352942 0.04417670682730924 0.06801470588235294
1 0.2248995983935743 0.3069852941176471 0.035341365461847386 0.06433823529411764
1 0.40481927710843374 0.08455882352941177 0.008032128514056224 0.014705882352941176
1 0.39196787148594375 0.09650735294117647 0.008032128514056224 0.014705882352941176
2 0.3706827309236948 0.10110294117647059 0.023293172690763052 0.022058823529411766
