2 0.9880208333333333 0.4609375 0.017708333333333333 0.03125
2 0.984375 0.4859375 0.01875 0.020833333333333332
2 0.9763020833333333 0.47317708333333336 0.018229166666666668 0.028645833333333332
2 0.8877604166666667 0.22838541666666667 0.0203125 0.018229166666666668
3 0.8760416666666667 0.24973958333333332 0.023958333333333335 0.018229166666666668
1 0.1140625 0.23020833333333332 0.028125 0.019791666666666666
1 0.05390625 0.3294270833333333 0.024479166666666666 0.0140625
4 0.8151041666666666 0.07447916666666667 0.021875 0.025
2 0.95859375 0.6096354166666667 0.018229166666666668 0.022395833333333334
2 0.9700520833333334 0.5192708333333333 0.019270833333333334 0.03125
2 0.9677083333333333 0.625 0.014583333333333334 0.015625
1 0.9643229166666667 0.46770833333333334 0.0234375 0.013541666666666667
1 0.7697916666666667 0.13880208333333333 0.022916666666666665 0.03177083333333333
1 0.3372395833333333 0.14557291666666666 0.030729166666666665 0.05364583333333333
1 0.3770833333333333 0.05026041666666667 0.025 0.03177083333333333
1 0.31328125 0.07630208333333334 0.0265625 0.03697916666666667
2 0.6122395833333333 0.13098958333333333 0.08697916666666666 0.09322916666666667
4 0.5197916666666667 0.028645833333333332 0.041666666666666664 0.04375
4 0.4981770833333333 0.078125 0.04010416666666667 0.078125
2 0.5661458333333333 0.020052083333333335 0.03854166666666667 0.024479166666666666
2 0.6466145833333333 0.013802083333333333 0.025520833333333333 0.022395833333333334
