1 0.41566265060240964 0.19255514705882354 0.013654618473895583 0.021139705882352942
1 0.40522088353413654 0.19025735294117646 0.010441767068273093 0.02389705882352941
1 0.39437751004016064 0.18520220588235295 0.01285140562248996 0.02849264705882353
1 0.378714859437751 0.17463235294117646 0.013654618473895583 0.022058823529411766
1 0.3678714859437751 0.17509191176470587 0.011244979919678716 0.02297794117647059
1 0.3606425702811245 0.18841911764705882 0.01285140562248996 0.022058823529411766
1 0.3485943775100402 0.18841911764705882 0.011244979919678716 0.022058823529411766
1 0.3333333333333333 0.18428308823529413 0.01927710843373494 0.02849264705882353
1 0.25582329317269076 0.22288602941176472 0.021686746987951807 0.043198529411764705
1 0.16586345381526105 0.24586397058823528 0.021686746987951807 0.04136029411764706
1 0.142570281124498 0.25827205882352944 0.013654618473895583 0.04044117647058824
1 0.12248995983935743 0.2688419117647059 0.012048192771084338 0.03400735294117647
1 0.10722891566265061 0.28262867647058826 0.013654618473895583 0.02665441176470588
1 0.09598393574297188 0.2881433823529412 0.010441767068273093 0.02297794117647059
1 0.5457831325301205 0.23023897058823528 0.03293172690763052 0.02665441176470588
2 0.7775100401606426 0.31893382352941174 0.011244979919678716 0.012867647058823529
2 0.757429718875502 0.31066176470588236 0.01927710843373494 0.014705882352941176
2 0.7534136546184739 0.3249080882352941 0.020883534136546186 0.019301470588235295
2 0.7216867469879518 0.31847426470588236 0.02971887550200803 0.02297794117647059
2 0.7365461847389558 0.3446691176470588 0.0321285140562249 0.029411764705882353
1 0.7907630522088354 0.3547794117647059 0.013654618473895583 0.01838235294117647
1 0.5289156626506024 0.24816176470588236 0.02971887550200803 0.03308823529411765
1 0.7253012048192771 0.36994485294117646 0.01927710843373494 0.03216911764705882
1 0.755421686746988 0.3883272058823529 0.020080321285140562 0.03216911764705882
3 0.7879518072289157 0.4195772058823529 0.01927710843373494 0.030330882352941176
2 0.4433734939759036 0.18887867647058823 0.04979919678714859 0.050551470588235295
1 0.11204819277108434 0.3088235294117647 0.03614457831325301 0.04044117647058824
1 0.18473895582329317 0.6387867647058824 0.10120481927710843 0.0974264705882353
4 0.1718875502008032 0.4209558823529412 0.20562248995983937 0.19117647058823528
3 0.6606425702811245 0.6493566176470589 0.0570281124497992 0.06525735294117647
1 0.6903614457831325 0.27527573529411764 0.018473895582329317 0.02297794117647059
1 0.6481927710843374 0.2679227941176471 0.01927710843373494 0.024816176470588234
1 0.6449799196787148 0.25597426470588236 0.01927710843373494 0.024816176470588234
