2 0.8439516129032258 0.6158088235294118 0.01532258064516129 0.02022058823529412
2 0.6879032258064516 0.45128676470588236 0.08064516129032258 0.08272058823529412
1 0.18346774193548387 0.4499080882352941 0.09435483870967742 0.09650735294117647
0 0.49838709677419357 0.26378676470588236 0.3387096774193548 0.22426470588235295
1 0.7883064516129032 0.5101102941176471 0.018548387096774192 0.02022058823529412
2 0.5020161290322581 0.18060661764705882 0.020161290322580645 0.030330882352941176
1 0.7431451612903226 0.9448529411764706 0.03951612903225806 0.034926470588235295
4 0.8120967741935484 0.6576286764705882 0.05161290322580645 0.06341911764705882
3 0.7782258064516129 0.7803308823529411 0.041935483870967745 0.027573529411764705
3 0.7524193548387097 0.8138786764705882 0.054838709677419356 0.021139705882352942
3 0.7487903225806452 0.8285845588235294 0.05403225806451613 0.03400735294117647
1 0.7407258064516129 0.8768382352941176 0.062096774193548386 0.06433823529411764
4 0.8076612903225806 0.5101102941176471 0.03467741935483871 0.04963235294117647
