2 0.984375 0.48671875 0.016666666666666666 0.021354166666666667
2 0.9768229166666667 0.47291666666666665 0.019270833333333334 0.029166666666666667
2 0.8888020833333333 0.22708333333333333 0.024479166666666666 0.01875
2 0.8697916666666666 0.25833333333333336 0.05520833333333333 0.06770833333333333
2 0.8010416666666667 0.07083333333333333 0.013541666666666667 0.015625
1 0.8244791666666667 0.10963541666666667 0.0125 0.015104166666666667
4 0.7973958333333333 0.11223958333333334 0.04375 0.0421875
2 0.10546875 0.23671875 0.03697916666666667 0.0328125
2 0.07135416666666666 0.28125 0.03229166666666667 0.03229166666666667
2 0.075 0.25078125 0.026041666666666668 0.0296875
1 0.07083333333333333 0.29791666666666666 0.027083333333333334 0.016666666666666666
1 0.06822916666666666 0.3294270833333333 0.029166666666666667 0.019270833333333334
1 0.10625 0.25104166666666666 0.027083333333333334 0.01875
1 0.0890625 0.2609375 0.023958333333333335 0.01875
1 0.058333333333333334 0.2557291666666667 0.0125 0.011458333333333333
2 0.04505208333333333 0.3333333333333333 0.025520833333333333 0.022916666666666665
2 0.09921875 0.19765625 0.0265625 0.0265625
2 0.9669270833333333 0.6291666666666667 0.0140625 0.017708333333333333
2 0.9807291666666667 0.6122395833333333 0.011458333333333333 0.018229166666666668
1 0.9703125 0.54921875 0.017708333333333333 0.0109375
1 0.9583333333333334 0.5393229166666667 0.022916666666666665 0.015104166666666667
1 0.9177083333333333 0.57890625 0.035416666666666666 0.021354166666666667
2 0.6140625 0.015885416666666666 0.035416666666666666 0.030729166666666665
