1 0.5024193548387097 0.19944852941176472 0.03064516129032258 0.029411764705882353
2 0.38629032258064516 0.2555147058823529 0.08548387096774193 0.07720588235294118
2 0.7318548387096774 0.9402573529411765 0.11209677419354838 0.10110294117647059
1 0.7673387096774194 0.5225183823529411 0.06370967741935483 0.06893382352941177
1 0.36370967741935484 0.7605698529411765 0.08064516129032258 0.19025735294117646
1 0.5040322580645161 0.7040441176470589 0.09193548387096774 0.15992647058823528
1 0.5641129032258064 0.20726102941176472 0.02338709677419355 0.024816176470588234
1 0.619758064516129 0.24816176470588236 0.018548387096774192 0.025735294117647058
1 0.6233870967741936 0.27297794117647056 0.024193548387096774 0.029411764705882353
1 0.6072580645161291 0.28952205882352944 0.025806451612903226 0.04963235294117647
1 0.6048387096774194 0.3368566176470588 0.03225806451612903 0.046875
3 0.6971774193548387 0.5909926470588235 0.05887096774193548 0.058823529411764705
3 0.722983870967742 0.6070772058823529 0.06532258064516129 0.0744485294117647
3 0.7258064516129032 0.6810661764705882 0.06935483870967742 0.0661764705882353
3 0.7592741935483871 0.6829044117647058 0.06532258064516129 0.07536764705882353
3 0.7491935483870967 0.7297794117647058 0.07903225806451612 0.08639705882352941
1 0.8294354838709678 0.6847426470588235 0.06048387096774194 0.05698529411764706
2 0.8604838709677419 0.7803308823529411 0.05 0.09926470588235294
2 0.8778225806451613 0.8382352941176471 0.04112903225806452 0.06985294117647059
1 0.6346774193548387 0.39659926470588236 0.0467741935483871 0.07628676470588236
1 0.677016129032258 0.4172794117647059 0.049193548387096775 0.07352941176470588
1 0.7431451612903226 0.3975183823529412 0.021774193548387097 0.030330882352941176
1 0.7524193548387097 0.4103860294117647 0.024193548387096774 0.035845588235294115
1 0.7310483870967742 0.3837316176470588 0.02338709677419355 0.02849264705882353
1 0.7052419354838709 0.5091911764705882 0.055645161290322584 0.07720588235294118
