2 0.2975609756097561 0.17693014705882354 0.03739837398373984 0.03952205882352941
2 0.39796747967479673 0.1636029411764706 0.03983739837398374 0.042279411764705885
2 0.4845528455284553 0.16727941176470587 0.03739837398373984 0.034926470588235295
4 0.8410569105691057 0.40762867647058826 0.08373983739837398 0.1130514705882353
1 0.34227642276422765 0.19025735294117646 0.01951219512195122 0.04595588235294118
1 0.30609756097560975 0.19209558823529413 0.01707317073170732 0.034926470588235295
1 0.20772357723577237 0.2182904411764706 0.01707317073170732 0.03400735294117647
1 0.424390243902439 0.19669117647058823 0.03739837398373984 0.042279411764705885
1 0.5386178861788617 0.21783088235294118 0.041463414634146344 0.04411764705882353
1 0.6841463414634147 0.2348345588235294 0.01707317073170732 0.02297794117647059
1 0.7426829268292683 0.25275735294117646 0.013821138211382113 0.01838235294117647
1 0.7585365853658537 0.26516544117647056 0.011382113821138212 0.015625
1 0.7792682926829269 0.27849264705882354 0.00894308943089431 0.011029411764705883
1 0.7707317073170732 0.26838235294117646 0.00975609756097561 0.011029411764705883
1 0.7215447154471545 0.24586397058823528 0.015447154471544716 0.019301470588235295
2 0.8280487804878048 0.3005514705882353 0.013821138211382113 0.01838235294117647
2 0.8150406504065041 0.30422794117647056 0.01869918699186992 0.02389705882352941
2 0.7853658536585366 0.29871323529411764 0.03414634146341464 0.03125
1 0.8703252032520326 0.6236213235294118 0.04796747967479675 0.06893382352941177
1 0.241869918699187 0.20863970588235295 0.01869918699186992 0.034926470588235295
