1 0.1565040650406504 0.3681066176470588 0.03170731707317073 0.03952205882352941
1 0.3699186991869919 0.20542279411764705 0.032520325203252036 0.03768382352941176
1 0.4760162601626016 0.18382352941176472 0.025203252032520326 0.034926470588235295
1 0.4947154471544715 0.17555147058823528 0.03170731707317073 0.034926470588235295
1 0.5247967479674797 0.1723345588235294 0.034959349593495934 0.035845588235294115
1 0.5747967479674797 0.16957720588235295 0.024390243902439025 0.03768382352941176
1 0.5991869918699188 0.17555147058823528 0.027642276422764227 0.029411764705882353
3 0.49065040650406505 0.6534926470588235 0.08211382113821138 0.08088235294117647
2 0.07926829268292683 0.4172794117647059 0.02195121951219512 0.034926470588235295
2 0.07357723577235772 0.4508272058823529 0.02195121951219512 0.035845588235294115
2 0.06097560975609756 0.4522058823529412 0.022764227642276424 0.029411764705882353
2 0.11544715447154472 0.3772977941176471 0.04552845528455285 0.046875
1 0.1288617886178862 0.38556985294117646 0.03170731707317073 0.03400735294117647
1 0.12195121951219512 0.4163602941176471 0.02926829268292683 0.04044117647058824
1 0.1 0.4177389705882353 0.026016260162601626 0.03952205882352941
2 0.765040650406504 0.20174632352941177 0.04552845528455285 0.03216911764705882
2 0.6430894308943089 0.19163602941176472 0.08292682926829269 0.03768382352941176
1 0.7113821138211383 0.18382352941176472 0.01951219512195122 0.025735294117647058
2 0.7792682926829269 0.2265625 0.05121951219512195 0.03952205882352941
3 0.20447154471544715 0.25919117647058826 0.012195121951219513 0.02389705882352941
