2 0.29715447154471547 0.17830882352941177 0.038211382113821135 0.03860294117647059
2 0.3975609756097561 0.16314338235294118 0.03902439024390244 0.043198529411764705
2 0.4845528455284553 0.16681985294117646 0.03902439024390244 0.035845588235294115
2 0.24308943089430896 0.6870404411764706 0.24552845528455283 0.17371323529411764
4 0.8402439024390244 0.4071691176470588 0.08536585365853659 0.11397058823529412
1 0.34146341463414637 0.18841911764705882 0.01951219512195122 0.04044117647058824
1 0.3065040650406504 0.19255514705882354 0.016260162601626018 0.03400735294117647
1 0.20650406504065041 0.21966911764705882 0.01788617886178862 0.034926470588235295
2 0.8036585365853659 0.31204044117647056 0.023577235772357725 0.03400735294117647
1 0.765040650406504 0.2665441176470588 0.014634146341463415 0.025735294117647058
1 0.6528455284552845 0.23345588235294118 0.024390243902439025 0.029411764705882353
1 0.7390243902439024 0.24540441176470587 0.014634146341463415 0.02022058823529412
1 0.8739837398373984 0.3616727941176471 0.016260162601626018 0.024816176470588234
1 0.8711382113821138 0.6222426470588235 0.044715447154471545 0.0661764705882353
1 0.24065040650406505 0.20496323529411764 0.022764227642276424 0.03860294117647059
1 0.8256097560975609 0.3359375 0.01707317073170732 0.021139705882352942
