3 0.36056910569105693 0.18566176470588236 0.01056910569105691 0.01838235294117647
1 0.4796747967479675 0.16865808823529413 0.02113821138211382 0.024816176470588234
1 0.508130081300813 0.16773897058823528 0.01951219512195122 0.019301470588235295
1 0.5373983739837398 0.16222426470588236 0.01951219512195122 0.021139705882352942
1 0.5617886178861788 0.1645220588235294 0.01951219512195122 0.022058823529411766
1 0.5845528455284553 0.16222426470588236 0.01788617886178862 0.021139705882352942
1 0.6036585365853658 0.16590073529411764 0.02032520325203252 0.019301470588235295
2 0.6284552845528455 0.18428308823529413 0.07317073170731707 0.030330882352941176
2 0.08617886178861789 0.4103860294117647 0.022764227642276424 0.030330882352941176
2 0.06666666666666667 0.4443933823529412 0.016260162601626018 0.02665441176470588
1 0.08048780487804878 0.43887867647058826 0.00975609756097561 0.021139705882352942
3 0.05934959349593496 0.5151654411764706 0.013008130081300813 0.021139705882352942
3 0.056504065040650406 0.5193014705882353 0.013821138211382113 0.022058823529411766
2 0.07113821138211382 0.5693933823529411 0.028455284552845527 0.109375
1 0.1967479674796748 0.8791360294117647 0.05853658536585366 0.07996323529411764
1 0.1796747967479675 0.9122242647058824 0.04065040650406504 0.043198529411764705
1 0.15934959349593497 0.8529411764705882 0.04552845528455285 0.0625
1 0.22317073170731708 0.9540441176470589 0.046341463414634146 0.05698529411764706
