3 0.056910569105691054 0.5303308823529411 0.01951219512195122 0.029411764705882353
3 0.0491869918699187 0.5491727941176471 0.01869918699186992 0.03216911764705882
3 0.05447154471544716 0.5615808823529411 0.016260162601626018 0.025735294117647058
1 0.5341463414634147 0.8363970588235294 0.07317073170731707 0.14154411764705882
3 0.8646341463414634 0.8299632352941176 0.06422764227642276 0.05330882352941176
3 0.806910569105691 0.6769301470588235 0.06422764227642276 0.08363970588235294
3 0.8634146341463415 0.48161764705882354 0.03739837398373984 0.06985294117647059
1 0.1991869918699187 0.9237132352941176 0.05040650406504065 0.06801470588235294
1 0.2508130081300813 0.9457720588235294 0.05609756097560976 0.06801470588235294
1 0.21707317073170732 0.9310661764705882 0.04552845528455285 0.06066176470588235
1 0.525609756097561 0.16038602941176472 0.01869918699186992 0.02665441176470588
1 0.540650406504065 0.16268382352941177 0.02113821138211382 0.027573529411764705
1 0.49146341463414633 0.16590073529411764 0.028455284552845527 0.030330882352941176
1 0.43821138211382116 0.17784926470588236 0.024390243902439025 0.035845588235294115
1 0.2833333333333333 0.22242647058823528 0.028455284552845527 0.034926470588235295
1 0.11707317073170732 0.625 0.05040650406504065 0.08272058823529412
2 0.0540650406504065 0.45818014705882354 0.015447154471544716 0.024816176470588234
1 0.09471544715447154 0.40900735294117646 0.01707317073170732 0.02389705882352941
1 0.08699186991869919 0.4227941176470588 0.014634146341463415 0.02389705882352941
1 0.07723577235772358 0.44715073529411764 0.016260162601626018 0.02297794117647059
