2 0.47314814814814815 0.07123161764705882 0.07777777777777778 0.057904411764705885
2 0.019444444444444445 0.5969669117647058 0.02962962962962963 0.03768382352941176
2 0.8476851851851852 0.15211397058823528 0.028703703703703703 0.030330882352941176
4 0.8236111111111111 0.140625 0.03981481481481482 0.04411764705882353
2 0.7921296296296296 0.13648897058823528 0.04351851851851852 0.03768382352941176
2 0.775 0.11259191176470588 0.04259259259259259 0.03216911764705882
2 0.6699074074074074 0.09926470588235294 0.07685185185185185 0.04411764705882353
2 0.7425925925925926 0.13005514705882354 0.07222222222222222 0.050551470588235295
1 0.5217592592592593 0.08363970588235294 0.03796296296296296 0.04595588235294118
1 0.3375 0.17509191176470587 0.05092592592592592 0.06709558823529412
4 0.2013888888888889 0.08547794117647059 0.019444444444444445 0.02389705882352941
0 0.0962962962962963 0.18658088235294118 0.040740740740740744 0.04779411764705882
2 0.12453703703703704 0.14935661764705882 0.017592592592592594 0.021139705882352942
2 0.059722222222222225 0.26516544117647056 0.021296296296296296 0.02849264705882353
1 0.062037037037037036 0.28768382352941174 0.022222222222222223 0.01838235294117647
1 0.05648148148148148 0.29549632352941174 0.022222222222222223 0.017463235294117647
1 0.07314814814814814 0.6999080882352942 0.02962962962962963 0.019301470588235295
1 0.08148148148148149 0.7182904411764706 0.024074074074074074 0.021139705882352942
1 0.09166666666666666 0.7279411764705882 0.02962962962962963 0.01838235294117647
1 0.10462962962962963 0.7467830882352942 0.027777777777777776 0.021139705882352942
2 0.05555555555555555 0.6815257352941176 0.03148148148148148 0.03216911764705882
2 0.053703703703703705 0.7054227941176471 0.025925925925925925 0.02849264705882353
2 0.0824074074074074 0.7334558823529411 0.027777777777777776 0.027573529411764705
2 0.06944444444444445 0.7408088235294118 0.022222222222222223 0.03125
2 0.028703703703703703 0.6636029411764706 0.016666666666666666 0.022058823529411766
2 0.034722222222222224 0.6107536764705882 0.023148148148148147 0.03768382352941176
4 0.030555555555555555 0.5399816176470589 0.03888888888888889 0.07077205882352941
2 0.5402777777777777 0.9535845588235294 0.062037037037037036 0.035845588235294115
