2 0.2991869918699187 0.17876838235294118 0.04227642276422764 0.03768382352941176
2 0.3975609756097561 0.1636029411764706 0.04552845528455285 0.04411764705882353
2 0.7963414634146342 0.5009191176470589 0.0951219512195122 0.10661764705882353
2 0.6841463414634147 0.6870404411764706 0.13089430894308943 0.296875
1 0.8731707317073171 0.6194852941176471 0.04715447154471545 0.0625
1 0.3459349593495935 0.18658088235294118 0.02195121951219512 0.04595588235294118
1 0.8552845528455284 0.6714154411764706 0.05203252032520325 0.05238970588235294
1 0.8471544715447155 0.7113970588235294 0.056910569105691054 0.05698529411764706
1 0.45691056910569106 0.22977941176470587 0.04878048780487805 0.05698529411764706
1 0.2869918699186992 0.23115808823529413 0.07642276422764227 0.06709558823529412
1 0.22926829268292684 0.24310661764705882 0.04552845528455285 0.06341911764705882
1 0.21097560975609755 0.28400735294117646 0.05121951219512195 0.042279411764705885
1 0.16097560975609757 0.2881433823529412 0.04715447154471545 0.05422794117647059
1 0.17357723577235773 0.5822610294117647 0.0951219512195122 0.08731617647058823
1 0.483739837398374 0.4021139705882353 0.07154471544715447 0.08731617647058823
1 0.5650406504065041 0.47012867647058826 0.08292682926829269 0.10202205882352941
1 0.683739837398374 0.38005514705882354 0.04878048780487805 0.06341911764705882
1 0.7089430894308943 0.4241727941176471 0.06504065040650407 0.07628676470588236
2 0.2621951219512195 0.34329044117647056 0.18130081300813009 0.12775735294117646
1 0.12235772357723577 0.30514705882352944 0.044715447154471545 0.06433823529411764
2 0.6280487804878049 0.22564338235294118 0.08536585365853659 0.05974264705882353
2 0.8109756097560976 0.3005514705882353 0.026829268292682926 0.025735294117647058
2 0.7707317073170732 0.29181985294117646 0.04715447154471545 0.03768382352941176
1 0.7455284552845528 0.26700367647058826 0.024390243902439025 0.02297794117647059
1 0.7203252032520325 0.25827205882352944 0.02926829268292683 0.027573529411764705
1 0.6800813008130081 0.26608455882352944 0.03008130081300813 0.03216911764705882
1 0.8150406504065041 0.3681066176470588 0.02032520325203252 0.02849264705882353
1 0.8178861788617886 0.39705882352941174 0.030894308943089432 0.03860294117647059
1 0.7947154471544715 0.3515625 0.02195121951219512 0.035845588235294115
1 0.7670731707317073 0.3786764705882353 0.028455284552845527 0.04411764705882353
1 0.7292682926829268 0.3552389705882353 0.03902439024390244 0.05606617647058824
2 0.6808943089430894 0.3115808823529412 0.1 0.07169117647058823
1 0.8065040650406504 0.6070772058823529 0.06829268292682927 0.07261029411764706
4 0.1329268292682927 0.25827205882352944 0.06422764227642276 0.09375
1 0.5873983739837398 0.234375 0.043089430894308944 0.04963235294117647
1 0.6780487804878049 0.22931985294117646 0.022764227642276424 0.02849264705882353
