2 0.2983739837398374 0.17601102941176472 0.03577235772357724 0.03952205882352941
1 0.8695121951219512 0.6158088235294118 0.036585365853658534 0.04595588235294118
1 0.8613821138211382 0.6659007352941176 0.046341463414634146 0.050551470588235295
1 0.8459349593495935 0.7022058823529411 0.04796747967479675 0.05514705882352941
2 0.39634146341463417 0.16544117647058823 0.043089430894308944 0.04044117647058824
1 0.49552845528455286 0.18566176470588236 0.028455284552845527 0.03308823529411765
2 0.14878048780487804 0.32077205882352944 0.11707317073170732 0.10661764705882353
1 0.2739837398373984 0.23069852941176472 0.05040650406504065 0.05698529411764706
1 0.08902439024390243 0.4944852941176471 0.052845528455284556 0.0661764705882353
1 0.6300813008130082 0.36121323529411764 0.06504065040650407 0.06985294117647059
2 0.776829268292683 0.33318014705882354 0.052845528455284556 0.05238970588235294
2 0.5203252032520326 0.2522977941176471 0.14471544715447154 0.06525735294117647
4 0.13333333333333333 0.25919117647058826 0.06991869918699187 0.08455882352941177
1 0.6943089430894309 0.2265625 0.016260162601626018 0.03216911764705882
