1 0.37056451612903224 0.9076286764705882 0.0846774193548387 0.12040441176470588
1 0.5745967741935484 0.20680147058823528 0.016935483870967744 0.022058823529411766
2 0.6104838709677419 0.3782169117647059 0.11935483870967742 0.12040441176470588
2 0.38911290322580644 0.203125 0.07016129032258064 0.05514705882352941
2 0.2532258064516129 0.16314338235294118 0.025806451612903226 0.021139705882352942
2 0.2713709677419355 0.16957720588235295 0.03306451612903226 0.030330882352941176
2 0.3004032258064516 0.1796875 0.049193548387096775 0.02665441176470588
1 0.3133064516129032 0.19761029411764705 0.02661290322580645 0.034926470588235295
1 0.7637096774193548 0.5022977941176471 0.054838709677419356 0.057904411764705885
3 0.7241935483870968 0.40119485294117646 0.03064516129032258 0.04136029411764706
1 0.7310483870967742 0.38327205882352944 0.021774193548387097 0.027573529411764705
1 0.7443548387096774 0.39797794117647056 0.024193548387096774 0.03125
1 0.7540322580645161 0.4099264705882353 0.027419354838709678 0.034926470588235295
2 0.8725806451612903 0.8455882352941176 0.035483870967741936 0.051470588235294115
