2 0.80390625 0.1254595588235294 0.04739583333333333 0.0818014705882353
1 0.11145833333333334 0.8915441176470589 0.0375 0.10477941176470588
1 0.02578125 0.8400735294117647 0.024479166666666666 0.07352941176470588
1 0.05078125 0.8469669117647058 0.0265625 0.09283088235294118
2 0.07682291666666667 0.26838235294117646 0.030729166666666665 0.06801470588235294
3 0.03567708333333333 0.7738970588235294 0.0359375 0.034926470588235295
1 0.8263020833333333 0.16773897058823528 0.0140625 0.02665441176470588
1 0.63828125 0.05514705882352941 0.033854166666666664 0.0625
1 0.6763020833333333 0.0546875 0.0296875 0.04871323529411765
1 0.7510416666666667 0.10707720588235294 0.022916666666666665 0.04503676470588235
1 0.8098958333333334 0.1723345588235294 0.01875 0.03952205882352941
1 0.8520833333333333 0.21737132352941177 0.014583333333333334 0.03216911764705882
1 0.04765625 0.7081801470588235 0.03697916666666667 0.05238970588235294
4 0.0125 0.5611213235294118 0.023958333333333335 0.08363970588235294
3 0.32526041666666666 0.05376838235294118 0.016145833333333335 0.05238970588235294
2 0.006510416666666667 0.6548713235294118 0.011979166666666667 0.06525735294117647
