2 0.2770161290322581 0.17279411764705882 0.04435483870967742 0.03676470588235294
2 0.3778225806451613 0.203125 0.08951612903225807 0.051470588235294115
1 0.730241935483871 0.38235294117647056 0.021774193548387097 0.027573529411764705
1 0.7431451612903226 0.39889705882352944 0.025 0.027573529411764705
1 0.7504032258064516 0.4131433823529412 0.025 0.030330882352941176
1 0.7592741935483871 0.4802389705882353 0.05887096774193548 0.07261029411764706
1 0.6782258064516129 0.4030330882352941 0.04838709677419355 0.08363970588235294
1 0.8165322580645161 0.5271139705882353 0.03951612903225806 0.046875
1 0.7955645161290322 0.5372242647058824 0.042741935483870966 0.05238970588235294
1 0.7939516129032258 0.6079963235294118 0.06370967741935483 0.0744485294117647
2 0.8798387096774194 0.7339154411764706 0.037096774193548385 0.08363970588235294
2 0.8600806451612903 0.7738970588235294 0.04758064516129032 0.10294117647058823
1 0.7544354838709677 0.9080882352941176 0.06370967741935483 0.04963235294117647
3 0.7866935483870968 0.421875 0.02338709677419355 0.03860294117647059
1 0.6673387096774194 0.2601102941176471 0.02338709677419355 0.025735294117647058
3 0.646774193548387 0.33777573529411764 0.025806451612903226 0.043198529411764705
