1 0.4338709677419355 0.18336397058823528 0.03064516129032258 0.03216911764705882
2 0.5189516129032258 0.2182904411764706 0.07822580645161291 0.04136029411764706
2 0.7318548387096774 0.9393382352941176 0.11209677419354838 0.10110294117647059
1 0.7677419354838709 0.5220588235294118 0.06451612903225806 0.06801470588235294
1 0.3592741935483871 0.7380514705882353 0.07338709677419354 0.15992647058823528
2 0.5048387096774194 0.9117647058823529 0.2967741935483871 0.17647058823529413
1 0.6133064516129032 0.28079044117647056 0.02661290322580645 0.03768382352941176
1 0.6443548387096775 0.28308823529411764 0.020967741935483872 0.034926470588235295
1 0.6217741935483871 0.3193933823529412 0.025806451612903226 0.05238970588235294
2 0.8653225806451613 0.7748161764705882 0.05 0.10294117647058823
2 0.8778225806451613 0.8368566176470589 0.03790322580645161 0.06893382352941177
1 0.7995967741935484 0.7201286764705882 0.05241935483870968 0.08731617647058823
1 0.8346774193548387 0.6796875 0.0467741935483871 0.06341911764705882
1 0.6419354838709678 0.3635110294117647 0.037096774193548385 0.06525735294117647
1 0.6193548387096774 0.3828125 0.041935483870967745 0.07996323529411764
1 0.7431451612903226 0.3975183823529412 0.021774193548387097 0.030330882352941176
1 0.7524193548387097 0.4103860294117647 0.024193548387096774 0.035845588235294115
1 0.7310483870967742 0.3837316176470588 0.02338709677419355 0.02849264705882353
3 0.6895161290322581 0.4852941176470588 0.04516129032258064 0.07169117647058823
3 0.7056451612903226 0.5009191176470589 0.05161290322580645 0.06985294117647059
3 0.7189516129032258 0.5409007352941176 0.05403225806451613 0.06525735294117647
3 0.7318548387096774 0.5868566176470589 0.05403225806451613 0.09099264705882353
