4 0.498828125 0.0828125 0.03984375 0.0484375
1 0.19296875 0.2140625 0.0296875 0.01875
3 0.72265625 0.134765625 0.0171875 0.02421875
1 0.26484375 0.829296875 0.0328125 0.04453125
1 0.491015625 0.0484375 0.01015625 0.01875
4 0.5078125 0.8453125 0.0796875 0.09375
1 0.173828125 0.230859375 0.02890625 0.02265625
2 0.646484375 0.0375 0.01484375 0.0140625
2 0.487109375 0.035546875 0.01953125 0.01796875
2 0.54921875 0.022265625 0.0171875 0.01796875
2 0.498046875 0.0828125 0.03828125 0.0484375
2 0.9484375 0.362890625 0.025 0.02421875
2 0.472265625 0.040625 0.02109375 0.021875
2 0.506640625 0.023828125 0.01640625 0.01484375
1 0.82265625 0.24375 0.0296875 0.025
1 0.1921875 0.2265625 0.03125 0.021875
1 0.458984375 0.06875 0.01484375 0.0265625
1 0.741796875 0.166015625 0.03046875 0.02421875
2 0.6203125 0.035546875 0.015625 0.01640625
4 0.35625 0.78203125 0.08125 0.1171875
1 0.756640625 0.181640625 0.03359375 0.02890625
2 0.45234375 0.05 0.0296875 0.0265625
2 0.91796875 0.332421875 0.0328125 0.03515625
1 0.619140625 0.86875 0.02734375 0.053125
2 0.673828125 0.06640625 0.02265625 0.0203125
1 0.791015625 0.4671875 0.05234375 0.053125
1 0.20546875 0.20859375 0.0328125 0.0265625
1 0.68125 0.80390625 0.0359375 0.0609375
2 0.687109375 0.0828125 0.02265625 0.0203125
2 0.1890625 0.18046875 0.0375 0.03125
2 0.72578125 0.252734375 0.0671875 0.08828125
1 0.227734375 0.18828125 0.03515625 0.0296875
2 0.2625 0.723046875 0.078125 0.11328125
2 0.333984375 0.31015625 0.10546875 0.1609375
2 0.8765625 0.2875 0.04375 0.046875
2 0.691015625 0.44765625 0.08515625 0.1390625
2 0.542578125 0.724609375 0.09453125 0.15390625
2 0.857421875 0.467578125 0.06328125 0.12265625
2 0.818359375 0.625 0.08359375 0.121875
2 0.608984375 0.783203125 0.09453125 0.11484375
2 0.83671875 0.23203125 0.0265625 0.0359375
