3 0.616260162601626 0.21415441176470587 0.02113821138211382 0.042279411764705885
3 0.65 0.23897058823529413 0.023577235772357725 0.06066176470588235
3 0.6792682926829269 0.24494485294117646 0.025203252032520326 0.05422794117647059
3 0.7020325203252032 0.6355698529411765 0.05772357723577236 0.08731617647058823
1 0.5768292682926829 0.19347426470588236 0.03333333333333333 0.03768382352941176
1 0.6321138211382114 0.17738970588235295 0.03170731707317073 0.03125
1 0.7203252032520325 0.29503676470588236 0.056910569105691054 0.07169117647058823
2 0.5341463414634147 0.21599264705882354 0.08780487804878048 0.0661764705882353
3 0.15528455284552845 0.3272058823529412 0.013008130081300813 0.03676470588235294
3 0.13333333333333333 0.35431985294117646 0.013008130081300813 0.035845588235294115
2 0.09065040650406504 0.40119485294117646 0.03333333333333333 0.04503676470588235
2 0.07520325203252033 0.4209558823529412 0.02195121951219512 0.027573529411764705
2 0.06829268292682927 0.44577205882352944 0.022764227642276424 0.03308823529411765
2 0.053252032520325204 0.45496323529411764 0.023577235772357725 0.03676470588235294
1 0.2056910569105691 0.29044117647058826 0.026016260162601626 0.03676470588235294
2 0.26097560975609757 0.27205882352941174 0.04227642276422764 0.04595588235294118
1 0.09024390243902439 0.4195772058823529 0.01788617886178862 0.02665441176470588
1 0.07601626016260163 0.4407169117647059 0.015447154471544716 0.024816176470588234
