2 0.9846354166666667 0.48671875 0.016145833333333335 0.0203125
2 0.9768229166666667 0.47317708333333336 0.0203125 0.030729166666666665
2 0.8885416666666667 0.22708333333333333 0.023958333333333335 0.017708333333333333
3 0.8622395833333333 0.159375 0.0140625 0.010416666666666666
3 0.053125 0.3380208333333333 0.022916666666666665 0.010416666666666666
1 0.08072916666666667 0.25677083333333334 0.021875 0.014583333333333334
1 0.07604166666666666 0.23046875 0.014583333333333334 0.0140625
1 0.05364583333333333 0.2557291666666667 0.016666666666666666 0.009375
3 0.9692708333333333 0.5981770833333333 0.0125 0.0078125
1 0.9533854166666667 0.6263020833333334 0.024479166666666666 0.016145833333333335
1 0.7075520833333333 0.4354166666666667 0.06614583333333333 0.041666666666666664
4 0.4515625 0.020833333333333332 0.04583333333333333 0.040625
1 0.4859375 0.03463541666666667 0.01875 0.03177083333333333
2 0.9674479166666666 0.478125 0.022395833333333334 0.034375
2 0.9536458333333333 0.59765625 0.022916666666666665 0.0296875
2 0.0546875 0.26979166666666665 0.027083333333333334 0.026041666666666668
2 0.9833333333333333 0.5921875 0.011458333333333333 0.019791666666666666
2 0.9723958333333333 0.6328125 0.0125 0.015625
2 0.22682291666666668 0.13359375 0.05260416666666667 0.0546875
2 0.6463541666666667 0.013020833333333334 0.028125 0.025
2 0.09895833333333333 0.19609375 0.027083333333333334 0.0296875
2 0.05234375 0.23359375 0.0140625 0.016145833333333335
1 0.8044270833333333 0.06770833333333333 0.009895833333333333 0.013541666666666667
1 0.8083333333333333 0.07604166666666666 0.008333333333333333 0.014583333333333334
1 0.7958333333333333 0.08307291666666666 0.011458333333333333 0.015104166666666667
1 0.7901041666666667 0.1 0.014583333333333334 0.020833333333333332
4 0.6057291666666667 0.009114583333333334 0.0375 0.0171875
