1 0.90703125 0.627734375 0.0234375 0.02109375
1 0.84296875 0.181640625 0.015625 0.01328125
1 0.158203125 0.4203125 0.03046875 0.021875
4 0.9375 0.340625 0.034375 0.04375
1 0.54765625 0.096875 0.0171875 0.0328125
1 0.50546875 0.10078125 0.015625 0.0328125
3 0.943359375 0.451171875 0.02265625 0.01015625
1 0.542578125 0.09296875 0.01953125 0.0359375
2 0.8734375 0.19453125 0.021875 0.0203125
1 0.833984375 0.171875 0.01484375 0.0125
1 0.916796875 0.612109375 0.02578125 0.02265625
3 0.703125 0.124609375 0.015625 0.02265625
3 0.148046875 0.44453125 0.04140625 0.0203125
2 0.907421875 0.21484375 0.01796875 0.0171875
2 0.84609375 0.162109375 0.0171875 0.01640625
1 0.91953125 0.523046875 0.025 0.02265625
1 0.8296875 0.192578125 0.01875 0.01640625
1 0.593359375 0.11015625 0.02109375 0.0421875
2 0.92890625 0.516796875 0.025 0.04453125
1 0.815625 0.18203125 0.021875 0.0203125
2 0.8484375 0.1953125 0.025 0.021875
3 0.9453125 0.473046875 0.025 0.01171875
1 0.89765625 0.639453125 0.03125 0.02578125
1 0.584765625 0.146484375 0.02265625 0.03984375
2 0.891796875 0.694140625 0.03046875 0.04921875
1 0.569140625 0.1046875 0.01640625 0.034375
2 0.8625 0.217578125 0.028125 0.02578125
1 0.527734375 0.09765625 0.02109375 0.0359375
1 0.558984375 0.151171875 0.02265625 0.04140625
1 0.186328125 0.363671875 0.03359375 0.03984375
1 0.166796875 0.382421875 0.02890625 0.03671875
1 0.196875 0.349609375 0.0328125 0.03671875
4 0.7890625 0.148828125 0.040625 0.03359375
1 0.21796875 0.32734375 0.0359375 0.0375
2 0.929296875 0.640234375 0.02734375 0.05078125
