2 0.7169354838709677 0.40487132352941174 0.08225806451612903 0.09466911764705882
1 0.17096774193548386 0.6847426470588235 0.07903225806451612 0.0661764705882353
1 0.7209677419354839 0.3694852941176471 0.025806451612903226 0.025735294117647058
1 0.42016129032258065 0.19347426470588236 0.03870967741935484 0.043198529411764705
1 0.3782258064516129 0.19301470588235295 0.03387096774193549 0.04411764705882353
1 0.39919354838709675 0.22886029411764705 0.041935483870967745 0.05330882352941176
1 0.3431451612903226 0.18290441176470587 0.02661290322580645 0.04044117647058824
1 0.2153225806451613 0.2725183823529412 0.03225806451612903 0.06158088235294118
1 0.3971774193548387 0.8988970588235294 0.06370967741935483 0.06801470588235294
1 0.8092741935483871 0.5753676470588235 0.050806451612903224 0.051470588235294115
1 0.8100806451612903 0.6190257352941176 0.055645161290322584 0.05974264705882353
3 0.3153225806451613 0.6470588235294118 0.06290322580645161 0.10110294117647059
2 0.4846774193548387 0.2265625 0.09032258064516129 0.05422794117647059
2 0.24919354838709679 0.16222426470588236 0.02903225806451613 0.021139705882352942
2 0.26733870967741935 0.17279411764705882 0.03951612903225806 0.029411764705882353
2 0.8903225806451613 0.7224264705882353 0.035483870967741936 0.06985294117647059
2 0.6580645161290323 0.22104779411764705 0.027419354838709678 0.03216911764705882
1 0.5846774193548387 0.20863970588235295 0.014516129032258065 0.01838235294117647
1 0.6262096774193548 0.23207720588235295 0.013709677419354839 0.019301470588235295
1 0.6407258064516129 0.2339154411764706 0.012096774193548387 0.015625
1 0.6556451612903226 0.2532169117647059 0.017741935483870968 0.02297794117647059
