1 0.14538152610441768 0.35018382352941174 0.024096385542168676 0.02022058823529412
1 0.14216867469879518 0.36075367647058826 0.02570281124497992 0.019301470588235295
1 0.1389558232931727 0.3704044117647059 0.027309236947791166 0.01838235294117647
1 0.13453815261044177 0.38005514705882354 0.02650602409638554 0.019301470588235295
1 0.13092369477911647 0.39108455882352944 0.02570281124497992 0.021139705882352942
1 0.12530120481927712 0.40487132352941174 0.024096385542168676 0.02297794117647059
1 0.11967871485943775 0.4241727941176471 0.02570281124497992 0.02297794117647059
1 0.11004016064257029 0.44485294117647056 0.02570281124497992 0.027573529411764705
1 0.10200803212851406 0.47518382352941174 0.02570281124497992 0.025735294117647058
1 0.09558232931726908 0.5032169117647058 0.02570281124497992 0.030330882352941176
1 0.08674698795180723 0.7279411764705882 0.024096385542168676 0.029411764705882353
1 0.09036144578313253 0.7545955882352942 0.028112449799196786 0.025735294117647058
1 0.10401606425702811 0.8138786764705882 0.023293172690763052 0.021139705882352942
1 0.7610441767068273 0.21507352941176472 0.03453815261044177 0.03308823529411765
1 0.17751004016064256 0.4342830882352941 0.04497991967871486 0.08363970588235294
1 0.3224899598393574 0.14935661764705882 0.018473895582329317 0.02849264705882353
1 0.20200803212851406 0.25965073529411764 0.018473895582329317 0.03952205882352941
1 0.9052208835341365 0.4522058823529412 0.035341365461847386 0.05698529411764706
1 0.7429718875502008 0.24034926470588236 0.035341365461847386 0.046875
1 0.793574297188755 0.25137867647058826 0.030522088353413655 0.030330882352941176
1 0.804417670682731 0.2702205882352941 0.03293172690763052 0.034926470588235295
1 0.8269076305220884 0.30652573529411764 0.03453815261044177 0.03400735294117647
2 0.5714859437751004 0.08409926470588236 0.024899598393574297 0.015625
2 0.9345381526104418 0.4085477941176471 0.02650602409638554 0.04871323529411765
2 0.8220883534136546 0.4453125 0.10361445783132531 0.19944852941176472
0 0.38072289156626504 0.10799632352941177 0.06586345381526104 0.06341911764705882
2 0.5008032128514056 0.08088235294117647 0.021686746987951807 0.016544117647058824
2 0.43293172690763054 0.08272058823529412 0.017670682730923693 0.014705882352941176
2 0.45582329317269077 0.08042279411764706 0.020080321285140562 0.013786764705882353
2 0.45823293172690766 0.0978860294117647 0.03132530120481928 0.02665441176470588
3 0.7128514056224899 0.14705882352941177 0.012048192771084338 0.02022058823529412
3 0.6991967871485943 0.1484375 0.012048192771084338 0.024816176470588234
2 0.42730923694779116 0.07490808823529412 0.01285140562248996 0.01011029411764706
