2 0.7169354838709677 0.40670955882352944 0.08064516129032258 0.09099264705882353
1 0.17096774193548386 0.6856617647058824 0.07903225806451612 0.0661764705882353
1 0.7209677419354839 0.3694852941176471 0.02258064516129032 0.025735294117647058
1 0.8088709677419355 0.5409007352941176 0.0467741935483871 0.03768382352941176
1 0.8088709677419355 0.5625 0.04838709677419355 0.042279411764705885
1 0.8008064516129032 0.5905330882352942 0.05806451612903226 0.050551470588235295
1 0.7919354838709678 0.6351102941176471 0.06129032258064516 0.06433823529411764
1 0.4137096774193548 0.5409007352941176 0.06451612903225806 0.12591911764705882
1 0.572983870967742 0.6893382352941176 0.0814516129032258 0.1213235294117647
1 0.530241935483871 0.8556985294117647 0.09112903225806451 0.1213235294117647
1 0.40846774193548385 0.7596507352941176 0.0717741935483871 0.13878676470588236
1 0.255241935483871 0.7284007352941176 0.07016129032258064 0.140625
1 0.36451612903225805 0.9641544117647058 0.06129032258064516 0.07169117647058823
1 0.7733870967741936 0.7922794117647058 0.07419354838709677 0.08272058823529412
1 0.7217741935483871 0.5753676470588235 0.056451612903225805 0.07720588235294118
1 0.7762096774193549 0.6842830882352942 0.049193548387096775 0.07628676470588236
1 0.8233870967741935 0.7090992647058824 0.0467741935483871 0.06525735294117647
1 0.8040322580645162 0.9103860294117647 0.04032258064516129 0.03768382352941176
1 0.6278225806451613 0.31066176470588236 0.029838709677419355 0.05330882352941176
2 0.8685483870967742 0.6989889705882353 0.04838709677419355 0.08731617647058823
2 0.8548387096774194 0.7555147058823529 0.0532258064516129 0.10845588235294118
2 0.36451612903225805 0.18106617647058823 0.06612903225806452 0.03676470588235294
2 0.42782258064516127 0.32215073529411764 0.08790322580645162 0.11121323529411764
2 0.5733870967741935 0.3170955882352941 0.06774193548387097 0.08455882352941177
2 0.5092741935483871 0.19990808823529413 0.07338709677419354 0.04136029411764706
2 0.8233870967741935 0.5340073529411765 0.07580645161290323 0.09558823529411764
2 0.2794354838709677 0.17830882352941177 0.04112903225806452 0.029411764705882353
2 0.6141129032258065 0.22840073529411764 0.03951612903225806 0.035845588235294115
3 0.20927419354838708 0.4407169117647059 0.03951612903225806 0.09466911764705882
1 0.19475806451612904 0.21645220588235295 0.013709677419354839 0.030330882352941176
1 0.20524193548387096 0.20220588235294118 0.016935483870967744 0.03308823529411765
