1 0.47338709677419355 0.24816176470588236 0.035483870967741936 0.04963235294117647
2 0.2508064516129032 0.16084558823529413 0.027419354838709678 0.03125
2 0.275 0.171875 0.03225806451612903 0.029411764705882353
2 0.2963709677419355 0.17784926470588236 0.04758064516129032 0.030330882352941176
1 0.31129032258064515 0.19439338235294118 0.025806451612903226 0.043198529411764705
1 0.5576612903225806 0.7472426470588235 0.125 0.1323529411764706
2 0.7524193548387097 0.5307904411764706 0.12903225806451613 0.15165441176470587
3 0.7245967741935484 0.40119485294117646 0.029838709677419355 0.04136029411764706
1 0.7314516129032258 0.38235294117647056 0.02258064516129032 0.027573529411764705
1 0.7431451612903226 0.3984375 0.02338709677419355 0.030330882352941176
1 0.7536290322580645 0.4103860294117647 0.02661290322580645 0.035845588235294115
2 0.8407258064516129 0.8704044117647058 0.049193548387096775 0.09191176470588236
