1 0.17258064516129032 0.6870404411764706 0.07903225806451612 0.06709558823529412
1 0.7298387096774194 0.38327205882352944 0.025806451612903226 0.029411764705882353
1 0.7431451612903226 0.3984375 0.025 0.030330882352941176
1 0.7504032258064516 0.4117647058823529 0.025 0.03125
1 0.41451612903225804 0.4788602941176471 0.07903225806451612 0.12316176470588236
1 0.4189516129032258 0.22380514705882354 0.036290322580645164 0.050551470588235295
1 0.45241935483870965 0.2610294117647059 0.041935483870967745 0.0625
1 0.5060483870967742 0.26056985294117646 0.03951612903225806 0.046875
1 0.5290322580645161 0.3005514705882353 0.04032258064516129 0.0625
1 0.6762096774193549 0.3483455882352941 0.03306451612903226 0.04044117647058824
1 0.6399193548387097 0.3474264705882353 0.04435483870967742 0.04779411764705882
1 0.6024193548387097 0.36994485294117646 0.05161290322580645 0.05974264705882353
1 0.6778225806451613 0.3975183823529412 0.04112903225806452 0.046875
1 0.6633064516129032 0.40900735294117646 0.04435483870967742 0.04779411764705882
1 0.652016129032258 0.45266544117647056 0.05403225806451613 0.06893382352941177
1 0.7165322580645161 0.42463235294117646 0.04435483870967742 0.04963235294117647
1 0.7475806451612903 0.47150735294117646 0.04838709677419355 0.04779411764705882
1 0.7512096774193548 0.5234375 0.06532258064516129 0.06341911764705882
1 0.8 0.5151654411764706 0.037096774193548385 0.043198529411764705
1 0.8350806451612903 0.5914522058823529 0.03306451612903226 0.04136029411764706
1 0.8068548387096774 0.5707720588235294 0.042741935483870966 0.04779411764705882
1 0.822983870967742 0.6277573529411765 0.036290322580645164 0.051470588235294115
1 0.3717741935483871 0.16819852941176472 0.017741935483870968 0.03125
1 0.38467741935483873 0.17095588235294118 0.017741935483870968 0.029411764705882353
1 0.5475806451612903 0.20174632352941177 0.024193548387096774 0.02849264705882353
1 0.2709677419354839 0.24724264705882354 0.03064516129032258 0.051470588235294115
1 0.28346774193548385 0.3083639705882353 0.029838709677419355 0.057904411764705885
1 0.22056451612903225 0.2522977941176471 0.025 0.05238970588235294
2 0.3334677419354839 0.22242647058823528 0.06693548387096775 0.06985294117647059
2 0.3350806451612903 0.17003676470588236 0.04435483870967742 0.03125
2 0.2653225806451613 0.17049632352941177 0.03064516129032258 0.024816176470588234
2 0.8576612903225806 0.7380514705882353 0.062096774193548386 0.1213235294117647
2 0.22379032258064516 0.17738970588235295 0.029838709677419355 0.03125
2 0.23024193548387098 0.20082720588235295 0.036290322580645164 0.030330882352941176
2 0.6383064516129032 0.22977941176470587 0.02661290322580645 0.025735294117647058
2 0.6637096774193548 0.23115808823529413 0.02258064516129032 0.02297794117647059
1 0.597983870967742 0.20772058823529413 0.016935483870967744 0.016544117647058824
1 0.5951612903225807 0.22380514705882354 0.016129032258064516 0.02297794117647059
1 0.6084677419354839 0.234375 0.02338709677419355 0.025735294117647058
