3 0.8280487804878048 0.5615808823529411 0.07560975609756097 0.11764705882352941
1 0.5963414634146341 0.17463235294117646 0.025203252032520326 0.027573529411764705
1 0.6134146341463415 0.17095588235294118 0.023577235772357725 0.025735294117647058
1 0.6373983739837399 0.17830882352941177 0.022764227642276424 0.025735294117647058
1 0.6463414634146342 0.1714154411764706 0.02113821138211382 0.021139705882352942
1 0.6682926829268293 0.18152573529411764 0.027642276422764227 0.024816176470588234
1 0.5394308943089431 0.17738970588235295 0.034959349593495934 0.034926470588235295
2 0.8126016260162602 0.23667279411764705 0.04959349593495935 0.04136029411764706
2 0.733739837398374 0.19715073529411764 0.03983739837398374 0.035845588235294115
2 0.7983739837398374 0.22288602941176472 0.032520325203252036 0.02665441176470588
2 0.8491869918699188 0.2568933823529412 0.03333333333333333 0.03216911764705882
2 0.13821138211382114 0.3235294117647059 0.030894308943089432 0.034926470588235295
1 0.1329268292682927 0.40579044117647056 0.03008130081300813 0.03952205882352941
1 0.11463414634146342 0.40579044117647056 0.022764227642276424 0.035845588235294115
3 0.21504065040650405 0.2522977941176471 0.012195121951219513 0.019301470588235295
3 0.20447154471544715 0.25965073529411764 0.012195121951219513 0.021139705882352942
2 0.698780487804878 0.19852941176470587 0.07398373983739838 0.04595588235294118
1 0.09471544715447154 0.40487132352941174 0.02032520325203252 0.03216911764705882
2 0.07195121951219512 0.4329044117647059 0.01869918699186992 0.02389705882352941
2 0.05569105691056911 0.45450367647058826 0.01869918699186992 0.024816176470588234
2 0.04796747967479675 0.46139705882352944 0.01951219512195122 0.022058823529411766
0 0.06097560975609756 0.4227941176470588 0.04065040650406504 0.051470588235294115
0 0.08008130081300813 0.37316176470588236 0.028455284552845527 0.051470588235294115
3 0.0508130081300813 0.625 0.01869918699186992 0.03308823529411765
3 0.05609756097560976 0.6167279411764706 0.01788617886178862 0.03125
1 0.08699186991869919 0.42784926470588236 0.01788617886178862 0.030330882352941176
1 0.07682926829268293 0.44393382352941174 0.015447154471544716 0.022058823529411766
