2 0.025403225806451612 0.5785845588235294 0.021774193548387097 0.05974264705882353
2 0.3133064516129032 0.7886029411764706 0.13629032258064516 0.30514705882352944
2 0.7661290322580645 0.5877757352941176 0.15483870967741936 0.3079044117647059
2 0.41935483870967744 0.125 0.043548387096774194 0.051470588235294115
2 0.47943548387096774 0.08685661764705882 0.031451612903225803 0.02849264705882353
2 0.4963709677419355 0.10845588235294118 0.036290322580645164 0.042279411764705885
2 0.5745967741935484 0.13694852941176472 0.06370967741935483 0.05330882352941176
0 0.7713709677419355 0.27987132352941174 0.2508064516129032 0.3336397058823529
2 0.8536290322580645 0.8230698529411765 0.075 0.18474264705882354
2 0.21653225806451612 0.9021139705882353 0.12338709677419354 0.18474264705882354
