4 0.13739837398373983 0.2536764705882353 0.07154471544715447 0.08823529411764706
2 0.3 0.17876838235294118 0.03902439024390244 0.03952205882352941
2 0.39471544715447154 0.16819852941176472 0.046341463414634146 0.03676470588235294
1 0.34227642276422765 0.18841911764705882 0.024390243902439025 0.04595588235294118
1 0.28577235772357723 0.22886029411764705 0.052845528455284556 0.05698529411764706
2 0.609349593495935 0.8014705882352942 0.17154471544715447 0.32169117647058826
1 0.8715447154471545 0.6181066176470589 0.04715447154471545 0.05974264705882353
1 0.8626016260162601 0.6769301470588235 0.05040650406504065 0.057904411764705885
1 0.8532520325203252 0.7095588235294118 0.04959349593495935 0.05514705882352941
1 0.8382113821138212 0.40349264705882354 0.022764227642276424 0.03308823529411765
2 0.8471544715447155 0.3212316176470588 0.01788617886178862 0.02297794117647059
2 0.7272357723577236 0.2532169117647059 0.052845528455284556 0.03400735294117647
2 0.8008130081300813 0.3249080882352941 0.032520325203252036 0.03768382352941176
2 0.7796747967479675 0.36580882352941174 0.055284552845528454 0.05514705882352941
2 0.5402439024390244 0.24034926470588236 0.12601626016260162 0.07996323529411764
2 0.13373983739837397 0.40487132352941174 0.14065040650406505 0.12775735294117646
1 0.5231707317073171 0.19852941176470587 0.04796747967479675 0.03860294117647059
