1 0.4254032258064516 0.3056066176470588 0.042741935483870966 0.08547794117647059
1 0.31088709677419357 0.17784926470588236 0.02338709677419355 0.03400735294117647
2 0.442741935483871 0.8782169117647058 0.25967741935483873 0.24356617647058823
1 0.730241935483871 0.3828125 0.021774193548387097 0.02665441176470588
1 0.7435483870967742 0.3984375 0.024193548387096774 0.02849264705882353
1 0.7508064516129033 0.4131433823529412 0.025806451612903226 0.030330882352941176
1 0.8100806451612903 0.5588235294117647 0.03951612903225806 0.04963235294117647
1 0.8048387096774193 0.6061580882352942 0.0467741935483871 0.06709558823529412
3 0.7298387096774194 0.5225183823529411 0.043548387096774194 0.05238970588235294
3 0.7504032258064516 0.765625 0.09112903225806451 0.06801470588235294
1 0.7576612903225807 0.47931985294117646 0.05887096774193548 0.07077205882352941
2 0.8616935483870968 0.7734375 0.06048387096774194 0.11121323529411764
1 0.6221774193548387 0.29733455882352944 0.021774193548387097 0.035845588235294115
1 0.6487903225806452 0.31066176470588236 0.02338709677419355 0.034926470588235295
