2 0.29878048780487804 0.1796875 0.041463414634146344 0.03768382352941176
2 0.3967479674796748 0.1640625 0.04715447154471545 0.043198529411764705
2 0.7959349593495935 0.5004595588235294 0.0943089430894309 0.10753676470588236
1 0.8686991869918699 0.6194852941176471 0.038211382113821135 0.04411764705882353
1 0.34552845528455284 0.1870404411764706 0.02113821138211382 0.043198529411764705
2 0.43821138211382116 0.24310661764705882 0.15934959349593497 0.08731617647058823
1 0.8560975609756097 0.6750919117647058 0.04390243902439024 0.043198529411764705
1 0.8390243902439024 0.7150735294117647 0.03902439024390244 0.04411764705882353
2 0.8365853658536585 0.2922794117647059 0.016260162601626018 0.01838235294117647
2 0.8186991869918699 0.29549632352941174 0.02113821138211382 0.02297794117647059
2 0.7853658536585366 0.28768382352941174 0.030894308943089432 0.03125
1 0.8056910569105691 0.35110294117647056 0.024390243902439025 0.03125
1 0.5861788617886179 0.21231617647058823 0.03739837398373984 0.034926470588235295
2 0.7239837398373984 0.42371323529411764 0.1016260162601626 0.10661764705882353
1 0.0459349593495935 0.5477941176470589 0.036585365853658534 0.06066176470588235
4 0.13455284552845528 0.2545955882352941 0.06747967479674796 0.0900735294117647
