2 0.8044270833333333 0.12683823529411764 0.0453125 0.08088235294117647
1 0.11145833333333334 0.8924632352941176 0.03854166666666667 0.10661764705882353
1 0.026041666666666668 0.8409926470588235 0.026041666666666668 0.07536764705882353
1 0.04973958333333333 0.8469669117647058 0.030729166666666665 0.09650735294117647
2 0.0765625 0.26838235294117646 0.03125 0.06801470588235294
1 0.8265625 0.16773897058823528 0.014583333333333334 0.02665441176470588
1 0.8416666666666667 0.44347426470588236 0.04479166666666667 0.0744485294117647
1 0.8716145833333333 0.22564338235294118 0.011979166666666667 0.024816176470588234
4 0.9010416666666666 0.2913602941176471 0.029166666666666667 0.05698529411764706
3 0.32916666666666666 0.05238970588235294 0.019791666666666666 0.0625
2 0.0067708333333333336 0.5303308823529411 0.0125 0.04779411764705882
0 0.007291666666666667 0.5974264705882353 0.013541666666666667 0.09375
