2 0.8872395833333333 0.228125 0.0203125 0.01875
2 0.978125 0.47317708333333336 0.019791666666666666 0.028645833333333332
3 0.8614583333333333 0.159375 0.013541666666666667 0.011458333333333333
3 0.8455729166666667 0.5997395833333333 0.0390625 0.0203125
3 0.20546875 0.12552083333333333 0.019270833333333334 0.027083333333333334
1 0.78828125 0.253125 0.049479166666666664 0.041666666666666664
1 0.875 0.5325520833333334 0.04791666666666667 0.027604166666666666
1 0.8359375 0.54921875 0.04895833333333333 0.0328125
1 0.6549479166666666 0.10807291666666667 0.028645833333333332 0.04010416666666667
0 0.01796875 0.28567708333333336 0.0234375 0.021354166666666667
1 0.11432291666666666 0.24765625 0.0296875 0.0234375
1 0.09192708333333334 0.26276041666666666 0.024479166666666666 0.018229166666666668
1 0.06380208333333333 0.2596354166666667 0.019270833333333334 0.011979166666666667
1 0.06484375 0.31276041666666665 0.0265625 0.0203125
1 0.7848958333333333 0.07864583333333333 0.0125 0.015625
1 0.013020833333333334 0.2986979166666667 0.010416666666666666 0.005729166666666666
1 0.01796875 0.3026041666666667 0.011979166666666667 0.008333333333333333
1 0.008072916666666667 0.30546875 0.009895833333333333 0.008854166666666666
1 0.017447916666666667 0.30885416666666665 0.011979166666666667 0.008333333333333333
2 0.16927083333333334 0.35963541666666665 0.09270833333333334 0.0671875
2 0.09895833333333333 0.19583333333333333 0.027083333333333334 0.029166666666666667
2 0.18046875 0.2171875 0.06302083333333333 0.04375
2 0.052083333333333336 0.2875 0.026041666666666668 0.023958333333333335
1 0.030729166666666665 0.2703125 0.011458333333333333 0.014583333333333334
2 0.7786458333333334 0.39114583333333336 0.08645833333333333 0.10520833333333333
1 0.19895833333333332 0.14973958333333334 0.028125 0.027604166666666666
2 0.024739583333333332 0.32317708333333334 0.019270833333333334 0.018229166666666668
