1 0.14899598393574298 0.3515625 0.02650602409638554 0.021139705882352942
1 0.14457831325301204 0.36213235294117646 0.02891566265060241 0.02022058823529412
1 0.13654618473895583 0.3791360294117647 0.024096385542168676 0.02297794117647059
1 0.13172690763052208 0.3929227941176471 0.01927710843373494 0.024816176470588234
1 0.12610441767068273 0.4071691176470588 0.02570281124497992 0.022058823529411766
1 0.11887550200803212 0.4255514705882353 0.027309236947791166 0.025735294117647058
1 0.11325301204819277 0.44806985294117646 0.02570281124497992 0.02849264705882353
1 0.10200803212851406 0.4733455882352941 0.02891566265060241 0.03125
1 0.09558232931726908 0.5036764705882353 0.02891566265060241 0.03308823529411765
1 0.08755020080321285 0.7302389705882353 0.027309236947791166 0.02849264705882353
1 0.09036144578313253 0.7555147058823529 0.028112449799196786 0.02389705882352941
1 0.10441767068273092 0.8129595588235294 0.027309236947791166 0.024816176470588234
2 0.6236947791164659 0.11075367647058823 0.03293172690763052 0.02297794117647059
2 0.3522088353413655 0.11259191176470588 0.021686746987951807 0.011948529411764705
2 0.3333333333333333 0.13097426470588236 0.03855421686746988 0.024816176470588234
2 0.30522088353413657 0.40487132352941174 0.11887550200803212 0.2509191176470588
2 0.457429718875502 0.08731617647058823 0.02650602409638554 0.01838235294117647
2 0.45943775100401607 0.09880514705882353 0.02891566265060241 0.021139705882352942
3 0.35542168674698793 0.2265625 0.03293172690763052 0.05422794117647059
3 0.2923694779116466 0.2743566176470588 0.02891566265060241 0.035845588235294115
3 0.327710843373494 0.26056985294117646 0.030522088353413655 0.05238970588235294
0 0.38433734939759034 0.09926470588235294 0.05381526104417671 0.042279411764705885
0 0.5024096385542168 0.07720588235294118 0.03132530120481928 0.022058823529411766
3 0.7947791164658634 0.21461397058823528 0.016867469879518072 0.030330882352941176
2 0.6337349397590362 0.1323529411764706 0.046586345381526104 0.04411764705882353
2 0.5337349397590362 0.08134191176470588 0.024899598393574297 0.02665441176470588
2 0.5815261044176707 0.09650735294117647 0.035341365461847386 0.025735294117647058
1 0.755421686746988 0.20496323529411764 0.028112449799196786 0.027573529411764705
1 0.8032128514056225 0.2665441176470588 0.0321285140562249 0.042279411764705885
1 0.8393574297188755 0.3134191176470588 0.030522088353413655 0.034926470588235295
2 0.1634538152610442 0.7481617647058824 0.10682730923694779 0.25919117647058826
2 0.5289156626506024 0.1130514705882353 0.03614457831325301 0.03125
2 0.3329317269076305 0.16314338235294118 0.07951807228915662 0.05606617647058824
1 0.18433734939759036 0.26286764705882354 0.021686746987951807 0.027573529411764705
1 0.21044176706827308 0.2844669117647059 0.027309236947791166 0.04871323529411765
1 0.7208835341365462 0.19347426470588236 0.021686746987951807 0.043198529411764705
2 0.7325301204819277 0.9673713235294118 0.0819277108433735 0.06525735294117647
2 0.4357429718875502 0.08088235294117647 0.020080321285140562 0.014705882352941176
3 0.26224899598393575 0.17738970588235295 0.010441767068273093 0.022058823529411766
