3 0.6943089430894309 0.6479779411764706 0.07154471544715447 0.08272058823529412
3 0.7126016260162602 0.6934742647058824 0.06910569105691057 0.09283088235294118
3 0.9341463414634147 0.640625 0.04715447154471545 0.0625
3 0.05040650406504065 0.5395220588235294 0.027642276422764227 0.04963235294117647
0 0.2682926829268293 0.2270220588235294 0.15447154471544716 0.1213235294117647
3 0.04065040650406504 0.5813419117647058 0.014634146341463415 0.024816176470588234
2 0.7573170731707317 0.2270220588235294 0.07073170731707316 0.04779411764705882
1 0.5833333333333334 0.17509191176470587 0.028455284552845527 0.02849264705882353
1 0.6487804878048781 0.17417279411764705 0.026016260162601626 0.02849264705882353
1 0.47276422764227644 0.16681985294117646 0.01707317073170732 0.02849264705882353
2 0.4902439024390244 0.1879595588235294 0.0991869918699187 0.04503676470588235
2 0.6597560975609756 0.25735294117647056 0.14227642276422764 0.08088235294117647
4 0.8378048780487805 0.23897058823529413 0.03170731707317073 0.027573529411764705
2 0.8548780487804878 0.2601102941176471 0.038211382113821135 0.03125
1 0.7943089430894309 0.21553308823529413 0.01951219512195122 0.02297794117647059
2 0.07804878048780488 0.5303308823529411 0.04390243902439024 0.10661764705882353
2 0.08414634146341464 0.390625 0.01869918699186992 0.034926470588235295
3 0.37642276422764226 0.18152573529411764 0.01788617886178862 0.03400735294117647
