1 0.21875 0.328125 0.0375 0.0375
1 0.196875 0.350390625 0.034375 0.03671875
1 0.186328125 0.363671875 0.03359375 0.03984375
1 0.16640625 0.383203125 0.0296875 0.03671875
1 0.19375 0.452734375 0.05 0.03203125
3 0.510546875 0.114453125 0.01171875 0.03828125
1 0.503125 0.092578125 0.01875 0.03203125
1 0.76328125 0.187109375 0.0265625 0.02421875
1 0.797265625 0.19453125 0.02265625 0.021875
1 0.82421875 0.17578125 0.015625 0.0140625
4 0.78828125 0.1484375 0.040625 0.034375
2 0.8421875 0.278515625 0.0375 0.05234375
2 0.873046875 0.246484375 0.02578125 0.02734375
2 0.844140625 0.16171875 0.01796875 0.01875
4 0.8890625 0.31484375 0.0546875 0.0546875
2 0.9296875 0.269140625 0.015625 0.01640625
2 0.93515625 0.259375 0.0140625 0.0140625
2 0.9203125 0.305859375 0.021875 0.02734375
2 0.937890625 0.353125 0.02265625 0.0296875
2 0.895703125 0.36796875 0.03515625 0.046875
1 0.93515625 0.496484375 0.0296875 0.02421875
1 0.834375 0.565625 0.04375 0.03125
2 0.752734375 0.6109375 0.08828125 0.10625
1 0.859375 0.615234375 0.0390625 0.02578125
1 0.9109375 0.61953125 0.025 0.021875
1 0.905859375 0.640625 0.02734375 0.0234375
2 0.926953125 0.6109375 0.02578125 0.053125
2 0.912109375 0.673828125 0.03046875 0.05234375
4 0.93125 0.66171875 0.028125 0.0515625
2 0.9203125 0.695703125 0.0234375 0.03359375
1 0.784375 0.7140625 0.0328125 0.0328125
3 0.828515625 0.760546875 0.03203125 0.02421875
1 0.694921875 0.712109375 0.04453125 0.04765625
1 0.626953125 0.7390625 0.04609375 0.053125
1 0.55234375 0.803125 0.04375 0.0484375
1 0.465234375 0.845703125 0.03671875 0.04140625
2 0.38125 0.7453125 0.0953125 0.075
2 0.326953125 0.68046875 0.11796875 0.075
