1 0.5181451612903226 0.19944852941176472 0.021774193548387097 0.029411764705882353
1 0.5629032258064516 0.31387867647058826 0.03870967741935484 0.043198529411764705
1 0.7278225806451613 0.7265625 0.062096774193548386 0.06893382352941177
1 0.7725806451612903 0.8768382352941176 0.04032258064516129 0.0625
2 0.7915322580645161 0.4875919117647059 0.021774193548387097 0.030330882352941176
2 0.8096774193548387 0.6631433823529411 0.027419354838709678 0.04503676470588235
2 0.8100806451612903 0.5459558823529411 0.021774193548387097 0.029411764705882353
1 0.8153225806451613 0.6204044117647058 0.02258064516129032 0.02389705882352941
1 0.7431451612903226 0.8998161764705882 0.04435483870967742 0.0625
1 0.7673387096774194 0.9204963235294118 0.03306451612903226 0.04871323529411765
