3 0.4479674796747967 0.6686580882352942 0.07642276422764227 0.078125
3 0.18252032520325204 0.6089154411764706 0.06747967479674796 0.07077205882352941
3 0.8800813008130082 0.49172794117647056 0.03983739837398374 0.07169117647058823
3 0.8646341463414634 0.5574448529411765 0.052845528455284556 0.07077205882352941
2 0.7479674796747967 0.22334558823529413 0.06341463414634146 0.03860294117647059
2 0.8154471544715447 0.24632352941176472 0.04715447154471545 0.034926470588235295
1 0.18089430894308944 0.9011948529411765 0.043089430894308944 0.05238970588235294
1 0.21138211382113822 0.9306066176470589 0.04552845528455285 0.050551470588235295
1 0.25853658536585367 0.9609375 0.05853658536585366 0.05606617647058824
1 0.32398373983739837 0.3069852941176471 0.05772357723577236 0.058823529411764705
1 0.34959349593495936 0.20404411764705882 0.022764227642276424 0.03308823529411765
1 0.4402439024390244 0.17738970588235295 0.02195121951219512 0.029411764705882353
1 0.49634146341463414 0.16681985294117646 0.025203252032520326 0.02665441176470588
1 0.5475609756097561 0.16084558823529413 0.026829268292682926 0.029411764705882353
1 0.7024390243902439 0.3005514705882353 0.055284552845528454 0.06985294117647059
2 0.8617886178861789 0.2711397058823529 0.032520325203252036 0.027573529411764705
2 0.37642276422764226 0.9632352941176471 0.13170731707317074 0.06985294117647059
1 0.07317073170731707 0.4397977941176471 0.01788617886178862 0.030330882352941176
1 0.0524390243902439 0.4921875 0.013821138211382113 0.021139705882352942
