3 0.8630081300813008 0.47840073529411764 0.034959349593495934 0.06709558823529412
3 0.8056910569105691 0.6773897058823529 0.06991869918699187 0.07904411764705882
3 0.8439024390243902 0.8722426470588235 0.056910569105691054 0.04595588235294118
1 0.2601626016260163 0.9646139705882353 0.06016260162601626 0.05974264705882353
1 0.21341463414634146 0.9292279411764706 0.052845528455284556 0.06066176470588235
1 0.183739837398374 0.9016544117647058 0.04552845528455285 0.05330882352941176
1 0.7934959349593496 0.21599264705882354 0.01788617886178862 0.022058823529411766
1 0.5422764227642276 0.1636029411764706 0.032520325203252036 0.03308823529411765
1 0.4902439024390244 0.16498161764705882 0.026016260162601626 0.03400735294117647
1 0.43902439024390244 0.17601102941176472 0.02113821138211382 0.03400735294117647
2 0.8422764227642277 0.32766544117647056 0.07317073170731707 0.06709558823529412
2 0.5044715447154472 0.21645220588235295 0.1 0.05606617647058824
2 0.25 0.3795955882352941 0.12926829268292683 0.14154411764705882
2 0.07357723577235772 0.4397977941176471 0.02195121951219512 0.035845588235294115
1 0.08699186991869919 0.42233455882352944 0.013008130081300813 0.021139705882352942
1 0.2845528455284553 0.22748161764705882 0.024390243902439025 0.030330882352941176
3 0.0508130081300813 0.546875 0.02032520325203252 0.034926470588235295
