1 0.41606425702811245 0.19025735294117646 0.01606425702811245 0.025735294117647058
1 0.39879518072289155 0.18474264705882354 0.021686746987951807 0.03125
1 0.3791164658634538 0.17693014705882354 0.011244979919678716 0.02297794117647059
1 0.3674698795180723 0.17509191176470587 0.015261044176706828 0.024816176470588234
1 0.3598393574297189 0.18382352941176472 0.01606425702811245 0.025735294117647058
1 0.3473895582329317 0.18290441176470587 0.013654618473895583 0.029411764705882353
1 0.334136546184739 0.18474264705882354 0.017670682730923693 0.03125
1 0.25662650602409637 0.22242647058823528 0.018473895582329317 0.04411764705882353
1 0.1682730923694779 0.24862132352941177 0.013654618473895583 0.03768382352941176
1 0.15261044176706828 0.2541360294117647 0.01285140562248996 0.035845588235294115
1 0.14176706827309238 0.25827205882352944 0.012048192771084338 0.034926470588235295
1 0.12409638554216867 0.2711397058823529 0.013654618473895583 0.029411764705882353
1 0.10763052208835341 0.28400735294117646 0.01285140562248996 0.029411764705882353
1 0.09678714859437751 0.28952205882352944 0.010441767068273093 0.025735294117647058
1 0.5485943775100401 0.23115808823529413 0.02891566265060241 0.02849264705882353
2 0.8 0.38878676470588236 0.024096385542168676 0.029411764705882353
1 0.7461847389558233 0.296875 0.011244979919678716 0.012867647058823529
1 0.16265060240963855 0.7509191176470589 0.07951807228915662 0.06066176470588235
1 0.7253012048192771 0.2936580882352941 0.011244979919678716 0.011948529411764705
2 0.793574297188755 0.3400735294117647 0.011244979919678716 0.014705882352941176
2 0.7686746987951807 0.34420955882352944 0.01927710843373494 0.021139705882352942
2 0.761847389558233 0.3662683823529412 0.03132530120481928 0.03952205882352941
2 0.6216867469879518 0.5124080882352942 0.19759036144578312 0.15349264705882354
1 0.7289156626506024 0.32536764705882354 0.015261044176706828 0.025735294117647058
1 0.7 0.296875 0.018473895582329317 0.022058823529411766
1 0.691566265060241 0.27389705882352944 0.01927710843373494 0.022058823529411766
1 0.6429718875502008 0.2568933823529412 0.021686746987951807 0.024816176470588234
