1 0.707258064516129 0.5064338235294118 0.09838709677419355 0.0974264705882353
1 0.7516129032258064 0.6433823529411765 0.10483870967741936 0.08455882352941177
1 0.5383064516129032 0.6029411764705882 0.13306451612903225 0.0974264705882353
1 0.30806451612903224 0.5087316176470589 0.11774193548387096 0.08731617647058823
0 0.8129032258064516 0.8354779411764706 0.22580645161290322 0.3272058823529412
1 0.8375 0.28400735294117646 0.028225806451612902 0.027573529411764705
1 0.7975806451612903 0.2532169117647059 0.027419354838709678 0.02665441176470588
1 0.7967741935483871 0.28170955882352944 0.03387096774193549 0.035845588235294115
2 0.4592741935483871 0.24724264705882354 0.20725806451612902 0.10477941176470588
2 0.7826612903225807 0.23253676470588236 0.07338709677419354 0.0625
2 0.5375 0.18520220588235295 0.15241935483870966 0.07628676470588236
2 0.17016129032258065 0.328125 0.09193548387096774 0.11580882352941177
2 0.46491935483870966 0.11443014705882353 0.07983870967741935 0.030330882352941176
1 0.1314516129032258 0.5726102941176471 0.07580645161290323 0.06985294117647059
1 0.09032258064516129 0.5142463235294118 0.0467741935483871 0.05422794117647059
1 0.052016129032258066 0.578125 0.031451612903225803 0.03676470588235294
1 0.8161290322580645 0.40441176470588236 0.04516129032258064 0.08455882352941177
1 0.7790322580645161 0.4181985294117647 0.05 0.07720588235294118
1 0.8931451612903226 0.4609375 0.04596774193548387 0.03768382352941176
1 0.8935483870967742 0.5022977941176471 0.05161290322580645 0.078125
1 0.8588709677419355 0.48943014705882354 0.054838709677419356 0.078125
1 0.04596774193548387 0.5349264705882353 0.020967741935483872 0.022058823529411766
