2 0.16975806451612904 0.33088235294117646 0.14758064516129032 0.10294117647058823
1 0.11129032258064517 0.48161764705882354 0.08225806451612903 0.11029411764705882
1 0.1338709677419355 0.5634191176470589 0.1032258064516129 0.10661764705882353
1 0.11895161290322581 0.7192095588235294 0.10403225806451613 0.09466911764705882
1 0.15725806451612903 0.3975183823529412 0.07419354838709677 0.09834558823529412
1 0.8 0.6429227941176471 0.027419354838709678 0.02297794117647059
2 0.8181451612903226 0.5514705882352942 0.016935483870967744 0.027573529411764705
2 0.7850806451612903 0.5151654411764706 0.025 0.03768382352941176
1 0.730241935483871 0.42463235294117646 0.021774193548387097 0.022058823529411766
1 0.75 0.45909926470588236 0.024193548387096774 0.02297794117647059
1 0.7556451612903226 0.4806985294117647 0.02258064516129032 0.02389705882352941
1 0.775 0.5078125 0.020967741935483872 0.02665441176470588
2 0.8056451612903226 0.5372242647058824 0.01935483870967742 0.02665441176470588
2 0.853225806451613 0.6351102941176471 0.00967741935483871 0.02022058823529412
2 0.8403225806451613 0.6098345588235294 0.012903225806451613 0.02297794117647059
4 0.8080645161290323 0.5105698529411765 0.037096774193548385 0.05238970588235294
