1 0.7286458333333333 0.18177083333333333 0.010416666666666666 0.016666666666666666
1 0.012239583333333333 0.6473958333333333 0.0234375 0.01875
4 0.07239583333333334 0.8361979166666667 0.058333333333333334 0.09947916666666666
1 0.08567708333333333 0.66796875 0.0484375 0.043229166666666666
1 0.1140625 0.7140625 0.05520833333333333 0.05416666666666667
1 0.5278645833333333 0.16927083333333334 0.0203125 0.03125
2 0.4239583333333333 0.15989583333333332 0.051041666666666666 0.026041666666666668
2 0.30572916666666666 0.17630208333333333 0.030208333333333334 0.0234375
2 0.5682291666666667 0.14036458333333332 0.030208333333333334 0.016145833333333335
2 0.49635416666666665 0.13932291666666666 0.0375 0.019270833333333334
2 0.08203125 0.3953125 0.0359375 0.05416666666666667
2 0.24427083333333333 0.25494791666666666 0.06875 0.050520833333333334
0 0.18880208333333334 0.22083333333333333 0.0421875 0.029166666666666667
4 0.15833333333333333 0.2825520833333333 0.09895833333333333 0.10052083333333334
2 0.1328125 0.8794270833333333 0.059375 0.08489583333333334
1 0.79765625 0.25885416666666666 0.0234375 0.021875
