1 0.6726530612244898 0.34237132352941174 0.031020408163265307 0.04136029411764706
1 0.6126530612244898 0.34558823529411764 0.044897959183673466 0.058823529411764705
1 0.5914285714285714 0.3046875 0.03346938775510204 0.046875
1 0.726530612244898 0.3166360294117647 0.009795918367346938 0.015625
1 0.7379591836734694 0.3249080882352941 0.011428571428571429 0.017463235294117647
2 0.756734693877551 0.3272058823529412 0.024489795918367346 0.022058823529411766
2 0.2820408163265306 0.2104779411764706 0.03346938775510204 0.02022058823529412
1 0.2595918367346939 0.22886029411764705 0.014693877551020407 0.02389705882352941
1 0.2795918367346939 0.22564338235294118 0.010612244897959184 0.021139705882352942
1 0.23918367346938776 0.23207720588235295 0.011428571428571429 0.019301470588235295
1 0.33877551020408164 0.23805147058823528 0.022857142857142857 0.022058823529411766
1 0.3216326530612245 0.22334558823529413 0.02122448979591837 0.029411764705882353
1 0.36081632653061224 0.23667279411764705 0.017959183673469388 0.021139705882352942
1 0.3673469387755102 0.22518382352941177 0.0163265306122449 0.01838235294117647
1 0.4228571428571429 0.23943014705882354 0.026122448979591838 0.03216911764705882
1 0.44693877551020406 0.23115808823529413 0.025306122448979593 0.02665441176470588
2 0.8110204081632653 0.4260110294117647 0.04979591836734694 0.05606617647058824
1 0.6306122448979592 0.27941176470588236 0.0236734693877551 0.02389705882352941
1 0.6604081632653062 0.2927389705882353 0.022857142857142857 0.024816176470588234
1 0.7044897959183674 0.31893382352941174 0.02122448979591837 0.027573529411764705
