2 0.9846354166666667 0.48671875 0.016145833333333335 0.0203125
2 0.9768229166666667 0.47317708333333336 0.0203125 0.030729166666666665
2 0.8885416666666667 0.22708333333333333 0.023958333333333335 0.017708333333333333
3 0.21380208333333334 0.40625 0.05572916666666667 0.025
1 0.04140625 0.31614583333333335 0.018229166666666668 0.011458333333333333
1 0.06822916666666666 0.28177083333333336 0.022916666666666665 0.013541666666666667
1 0.12786458333333334 0.24895833333333334 0.0328125 0.022916666666666665
1 0.02109375 0.30963541666666666 0.013020833333333334 0.0067708333333333336
2 0.82578125 0.14401041666666667 0.028645833333333332 0.03802083333333333
0 0.68671875 0.16510416666666666 0.3182291666666667 0.17291666666666666
2 0.08671875 0.24713541666666666 0.04114583333333333 0.033854166666666664
2 0.16119791666666666 0.21276041666666667 0.07135416666666666 0.04739583333333333
2 0.28567708333333336 0.190625 0.10677083333333333 0.07291666666666667
2 0.051041666666666666 0.2674479166666667 0.023958333333333335 0.019270833333333334
1 0.4864583333333333 0.034375 0.019791666666666666 0.03125
2 0.9765625 0.5114583333333333 0.01875 0.034375
2 0.04088541666666667 0.28958333333333336 0.027604166666666666 0.022916666666666665
3 0.1234375 0.18098958333333334 0.014583333333333334 0.0171875
2 0.09895833333333333 0.19609375 0.027083333333333334 0.0296875
2 0.052083333333333336 0.23333333333333334 0.013541666666666667 0.015625
1 0.0203125 0.2950520833333333 0.011458333333333333 0.0078125
1 0.013020833333333334 0.2984375 0.009375 0.008333333333333333
1 0.8158854166666667 0.09609375 0.011979166666666667 0.0140625
2 0.5140625 0.008333333333333333 0.034375 0.015625
4 0.6078125 0.009635416666666667 0.03854166666666667 0.018229166666666668
