2 0.9880208333333333 0.4609375 0.017708333333333333 0.03125
2 0.9846354166666667 0.48671875 0.019270833333333334 0.0203125
2 0.9770833333333333 0.47291666666666665 0.01875 0.028125
2 0.8880208333333334 0.228125 0.019791666666666666 0.017708333333333333
3 0.2786458333333333 0.1 0.015625 0.021875
1 0.8088541666666667 0.11953125 0.0125 0.019270833333333334
4 0.6854166666666667 0.11458333333333333 0.07604166666666666 0.06458333333333334
1 0.12838541666666667 0.3268229166666667 0.04010416666666667 0.0265625
1 0.071875 0.2625 0.020833333333333332 0.015625
4 0.8151041666666666 0.07447916666666667 0.021875 0.025
2 0.9557291666666666 0.5088541666666667 0.021875 0.036458333333333336
2 0.05130208333333333 0.2830729166666667 0.0265625 0.024479166666666666
2 0.2604166666666667 0.25390625 0.103125 0.06302083333333333
1 0.7802083333333333 0.11536458333333334 0.016666666666666666 0.022395833333333334
1 0.026302083333333334 0.3111979166666667 0.015104166666666667 0.008854166666666666
1 0.14375 0.36276041666666664 0.041666666666666664 0.022395833333333334
1 0.5625 0.0171875 0.014583333333333334 0.023958333333333335
4 0.98359375 0.6203125 0.0203125 0.025
1 0.4708333333333333 0.0109375 0.015625 0.020833333333333332
