2 0.7169354838709677 0.40487132352941174 0.08225806451612903 0.09466911764705882
1 0.17096774193548386 0.6847426470588235 0.07903225806451612 0.0661764705882353
1 0.7209677419354839 0.3694852941176471 0.025806451612903226 0.025735294117647058
1 0.5576612903225806 0.2348345588235294 0.028225806451612902 0.035845588235294115
1 0.5975806451612903 0.2624080882352941 0.035483870967741936 0.04136029411764706
1 0.45564516129032256 0.20772058823529413 0.03870967741935484 0.04044117647058824
1 0.8116935483870967 0.5758272058823529 0.04596774193548387 0.04503676470588235
1 0.3895161290322581 0.8984375 0.07096774193548387 0.08363970588235294
3 0.22701612903225807 0.43887867647058826 0.04112903225806452 0.09466911764705882
2 0.8939516129032258 0.7215073529411765 0.028225806451612902 0.07169117647058823
2 0.25443548387096776 0.1640625 0.025 0.021139705882352942
2 0.3016129032258065 0.18474264705882354 0.05161290322580645 0.034926470588235295
1 0.26370967741935486 0.18933823529411764 0.020967741935483872 0.029411764705882353
1 0.2709677419354839 0.17325367647058823 0.017741935483870968 0.02849264705882353
2 0.6580645161290323 0.22104779411764705 0.027419354838709678 0.03216911764705882
1 0.5846774193548387 0.20863970588235295 0.014516129032258065 0.01838235294117647
1 0.6262096774193548 0.23207720588235295 0.013709677419354839 0.019301470588235295
1 0.6407258064516129 0.2339154411764706 0.012096774193548387 0.015625
