3 0.33755102040816326 0.8074448529411765 0.061224489795918366 0.07996323529411764
1 0.15020408163265306 0.35891544117647056 0.060408163265306125 0.09283088235294118
1 0.2383673469387755 0.7909007352941176 0.0946938775510204 0.11488970588235294
1 0.6959183673469388 0.33455882352941174 0.0236734693877551 0.029411764705882353
2 0.35877551020408166 0.14292279411764705 0.04816326530612245 0.030330882352941176
2 0.41020408163265304 0.1636029411764706 0.054693877551020405 0.034926470588235295
2 0.5595918367346939 0.5643382352941176 0.24571428571428572 0.29963235294117646
2 0.7906122448979592 0.4540441176470588 0.05142857142857143 0.07169117647058823
1 0.6 0.2182904411764706 0.019591836734693877 0.030330882352941176
1 0.58 0.20680147058823528 0.022040816326530613 0.02389705882352941
1 0.5828571428571429 0.22564338235294118 0.024489795918367346 0.030330882352941176
1 0.5669387755102041 0.2265625 0.022040816326530613 0.030330882352941176
1 0.5461224489795918 0.21231617647058823 0.024489795918367346 0.029411764705882353
2 0.6738775510204081 0.22058823529411764 0.017142857142857144 0.01838235294117647
2 0.6632653061224489 0.2270220588235294 0.018775510204081632 0.022058823529411766
2 0.6514285714285715 0.22380514705882354 0.022857142857142857 0.021139705882352942
1 0.6828571428571428 0.234375 0.012244897959183673 0.01838235294117647
1 0.6693877551020408 0.23713235294117646 0.013061224489795919 0.01838235294117647
1 0.6612244897959184 0.23759191176470587 0.011428571428571429 0.019301470588235295
1 0.6461224489795918 0.23667279411764705 0.018775510204081632 0.02297794117647059
1 0.623265306122449 0.23575367647058823 0.0236734693877551 0.02665441176470588
1 0.6151020408163266 0.22748161764705882 0.017142857142857144 0.02297794117647059
2 0.22448979591836735 0.15625 0.017959183673469388 0.01838235294117647
2 0.24122448979591837 0.16038602941176472 0.022040816326530613 0.024816176470588234
2 0.2542857142857143 0.16819852941176472 0.03346938775510204 0.027573529411764705
2 0.22081632653061226 0.15487132352941177 0.013877551020408163 0.017463235294117647
1 0.29020408163265304 0.16957720588235295 0.015510204081632653 0.02297794117647059
1 0.2746938775510204 0.18244485294117646 0.02040816326530612 0.02297794117647059
1 0.3395918367346939 0.2192095588235294 0.027755102040816326 0.043198529411764705
1 0.35836734693877553 0.23161764705882354 0.031020408163265307 0.04963235294117647
1 0.3289795918367347 0.2026654411764706 0.029387755102040815 0.03768382352941176
1 0.7963265306122449 0.9466911764705882 0.04653061224489796 0.029411764705882353
2 0.2730612244897959 0.24862132352941177 0.08408163265306122 0.09283088235294118
1 0.2453061224489796 0.33639705882352944 0.036734693877551024 0.08088235294117647
