2 0.8049479166666667 0.12821691176470587 0.044270833333333336 0.07996323529411764
1 0.86015625 0.5303308823529411 0.0421875 0.07169117647058823
1 0.11119791666666666 0.8924632352941176 0.0390625 0.10845588235294118
1 0.026041666666666668 0.8414522058823529 0.027083333333333334 0.07628676470588236
1 0.04895833333333333 0.8460477941176471 0.03333333333333333 0.09834558823529412
2 0.078125 0.265625 0.035416666666666666 0.0625
3 0.0734375 0.7513786764705882 0.04895833333333333 0.046875
3 0.07395833333333333 0.7913602941176471 0.046875 0.04411764705882353
1 0.8268229166666666 0.16819852941176472 0.015104166666666667 0.027573529411764705
1 0.6856770833333333 0.07674632352941177 0.0328125 0.05238970588235294
1 0.6403645833333333 0.0744485294117647 0.0390625 0.05698529411764706
1 0.75078125 0.11580882352941177 0.019270833333333334 0.03308823529411765
1 0.8802083333333334 0.24356617647058823 0.011458333333333333 0.02389705882352941
1 0.9 0.28308823529411764 0.011458333333333333 0.02389705882352941
1 0.11276041666666667 0.5133272058823529 0.05260416666666667 0.0744485294117647
1 0.20859375 0.19439338235294118 0.03802083333333333 0.07077205882352941
1 0.35104166666666664 0.5891544117647058 0.125 0.125
1 0.38723958333333336 0.06801470588235294 0.0484375 0.07352941176470588
1 0.9153645833333334 0.30422794117647056 0.008854166666666666 0.01838235294117647
1 0.009895833333333333 0.4696691176470588 0.0125 0.022058823529411766
2 0.00703125 0.5303308823529411 0.013020833333333334 0.04963235294117647
2 0.08854166666666667 0.3166360294117647 0.04375 0.09650735294117647
2 0.8510416666666667 0.23805147058823528 0.0375 0.058823529411764705
2 0.84921875 0.2844669117647059 0.044270833333333336 0.07996323529411764
2 0.721875 0.14981617647058823 0.0875 0.0974264705882353
