2 0.8049479166666667 0.12821691176470587 0.044270833333333336 0.07996323529411764
1 0.86015625 0.5298713235294118 0.0421875 0.07077205882352941
1 0.11119791666666666 0.8924632352941176 0.0390625 0.10845588235294118
1 0.026041666666666668 0.8414522058823529 0.027083333333333334 0.07628676470588236
1 0.04895833333333333 0.8460477941176471 0.03333333333333333 0.09834558823529412
2 0.07630208333333334 0.2679227941176471 0.03177083333333333 0.06709558823529412
3 0.7986979166666667 0.48299632352941174 0.058854166666666666 0.08915441176470588
3 0.81015625 0.5179227941176471 0.05677083333333333 0.0818014705882353
1 0.8268229166666666 0.16819852941176472 0.015104166666666667 0.027573529411764705
1 0.8458333333333333 0.39338235294117646 0.035416666666666666 0.0625
1 0.6505208333333333 0.06985294117647059 0.03958333333333333 0.05698529411764706
1 0.7908854166666667 0.15073529411764705 0.022395833333333334 0.042279411764705885
1 0.88125 0.2495404411764706 0.013541666666666667 0.02665441176470588
1 0.04635416666666667 0.3897058823529412 0.016666666666666666 0.03125
1 0.8984375 0.27389705882352944 0.010416666666666666 0.022058823529411766
2 0.2015625 0.48391544117647056 0.1625 0.203125
2 0.66015625 0.3727022058823529 0.1859375 0.1957720588235294
2 0.8971354166666666 0.32306985294117646 0.0234375 0.05606617647058824
2 0.8247395833333333 0.20128676470588236 0.0453125 0.07169117647058823
2 0.8338541666666667 0.2665441176470588 0.04479166666666667 0.08455882352941177
2 0.019791666666666666 0.4875919117647059 0.023958333333333335 0.06893382352941177
3 0.3924479166666667 0.02619485294117647 0.019270833333333334 0.05238970588235294
