2 0.98828125 0.45859375 0.019270833333333334 0.03177083333333333
2 0.984375 0.48515625 0.017708333333333333 0.0234375
2 0.9770833333333333 0.47265625 0.019791666666666666 0.027604166666666666
2 0.8877604166666667 0.22890625 0.021354166666666667 0.019270833333333334
0 0.7924479166666667 0.05 0.015104166666666667 0.020833333333333332
4 0.8026041666666667 0.11223958333333334 0.028125 0.030729166666666665
2 0.9578125 0.6182291666666667 0.022916666666666665 0.028125
1 0.050520833333333334 0.25078125 0.017708333333333333 0.011979166666666667
1 0.8174479166666667 0.09036458333333333 0.009895833333333333 0.013020833333333334
1 0.8075520833333333 0.08567708333333333 0.009895833333333333 0.011979166666666667
1 0.7927083333333333 0.06953125 0.0125 0.0140625
1 0.9013020833333333 0.40390625 0.0421875 0.025520833333333333
