0 0.8762096774193548 0.7803308823529411 0.12016129032258065 0.1875
2 0.6673387096774194 0.37224264705882354 0.08790322580645162 0.09191176470588236
2 0.6411290322580645 0.2265625 0.03387096774193549 0.024816176470588234
2 0.6407258064516129 0.24724264705882354 0.042741935483870966 0.03308823529411765
2 0.6346774193548387 0.2789522058823529 0.04516129032258064 0.046875
1 0.30201612903225805 0.19255514705882354 0.03467741935483871 0.043198529411764705
2 0.2745967741935484 0.1796875 0.042741935483870966 0.035845588235294115
1 0.7524193548387097 0.40762867647058826 0.025806451612903226 0.03216911764705882
3 0.7294354838709678 0.3717830882352941 0.02661290322580645 0.035845588235294115
3 0.7362903225806452 0.38465073529411764 0.024193548387096774 0.03952205882352941
1 0.7326612903225806 0.38235294117647056 0.029838709677419355 0.034926470588235295
1 0.7443548387096774 0.39705882352941174 0.027419354838709678 0.03308823529411765
1 0.8016129032258065 0.5514705882352942 0.04032258064516129 0.04963235294117647
