2 0.7314516129032258 0.9388786764705882 0.11451612903225807 0.10386029411764706
1 0.7689516129032258 0.5211397058823529 0.06532258064516129 0.06801470588235294
1 0.36451612903225805 0.7440257352941176 0.08709677419354839 0.16268382352941177
2 0.8633064516129032 0.7780330882352942 0.05403225806451613 0.11488970588235294
2 0.8782258064516129 0.84375 0.041935483870967745 0.07536764705882353
1 0.8056451612903226 0.53125 0.035483870967741936 0.04779411764705882
1 0.8403225806451613 0.578125 0.03870967741935484 0.04963235294117647
1 0.822983870967742 0.6171875 0.050806451612903224 0.07261029411764706
1 0.7584677419354838 0.5565257352941176 0.06693548387096775 0.0744485294117647
2 0.41088709677419355 0.16268382352941177 0.05725806451612903 0.03860294117647059
1 0.7431451612903226 0.3975183823529412 0.021774193548387097 0.030330882352941176
1 0.7524193548387097 0.4103860294117647 0.024193548387096774 0.035845588235294115
1 0.7298387096774194 0.38465073529411764 0.024193548387096774 0.02849264705882353
