1 0.17258064516129032 0.6861213235294118 0.07903225806451612 0.06709558823529412
1 0.7298387096774194 0.3818933823529412 0.025806451612903226 0.02849264705882353
1 0.7419354838709677 0.3984375 0.024193548387096774 0.02849264705882353
1 0.75 0.41130514705882354 0.025806451612903226 0.03216911764705882
1 0.5455645161290322 0.27527573529411764 0.03467741935483871 0.050551470588235295
1 0.5028225806451613 0.2803308823529412 0.05403225806451613 0.058823529411764705
1 0.34233870967741936 0.7486213235294118 0.07338709677419354 0.16084558823529413
1 0.46169354838709675 0.21277573529411764 0.02661290322580645 0.03400735294117647
1 0.38629032258064516 0.1796875 0.020967741935483872 0.030330882352941176
1 0.32983870967741935 0.16544117647058823 0.017741935483870968 0.02389705882352941
2 0.2600806451612903 0.17325367647058823 0.03306451612903226 0.02849264705882353
2 0.8770161290322581 0.8350183823529411 0.029838709677419355 0.04871323529411765
1 0.31370967741935485 0.19025735294117646 0.016129032258064516 0.029411764705882353
1 0.330241935483871 0.203125 0.020161290322580645 0.03308823529411765
1 0.5713709677419355 0.20726102941176472 0.016935483870967744 0.02297794117647059
2 0.6540322580645161 0.22840073529411764 0.024193548387096774 0.02297794117647059
2 0.635483870967742 0.23023897058823528 0.027419354838709678 0.024816176470588234
