2 0.98828125 0.46041666666666664 0.018229166666666668 0.03125
2 0.9864583333333333 0.48541666666666666 0.014583333333333334 0.019791666666666666
2 0.9768229166666667 0.47291666666666665 0.018229166666666668 0.029166666666666667
2 0.8880208333333334 0.228125 0.020833333333333332 0.01875
3 0.9614583333333333 0.45651041666666664 0.020833333333333332 0.0078125
1 0.0765625 0.253125 0.019791666666666666 0.014583333333333334
1 0.041666666666666664 0.26848958333333334 0.013541666666666667 0.008854166666666666
1 0.046614583333333334 0.27421875 0.016145833333333335 0.0109375
4 0.81640625 0.07447916666666667 0.022395833333333334 0.023958333333333335
1 0.9752604166666666 0.5494791666666666 0.0171875 0.010416666666666666
1 0.78125 0.13567708333333334 0.01875 0.028645833333333332
1 0.51953125 0.12838541666666667 0.0484375 0.04739583333333333
1 0.46822916666666664 0.008854166666666666 0.0125 0.016666666666666666
2 0.60078125 0.026302083333333334 0.030729166666666665 0.0265625
1 0.06302083333333333 0.3098958333333333 0.022916666666666665 0.013541666666666667
