2 0.7165322580645161 0.40808823529411764 0.07983870967741935 0.08823529411764706
1 0.17096774193548386 0.6856617647058824 0.07903225806451612 0.0661764705882353
1 0.7205645161290323 0.36856617647058826 0.02338709677419355 0.027573529411764705
1 0.5548387096774193 0.28630514705882354 0.04032258064516129 0.046875
1 0.6274193548387097 0.3681066176470588 0.0467741935483871 0.06158088235294118
1 0.3875 0.5818014705882353 0.08951612903225807 0.13051470588235295
1 0.7520161290322581 0.5087316176470589 0.05403225806451613 0.057904411764705885
1 0.24758064516129033 0.28125 0.03387096774193549 0.0661764705882353
1 0.16653225806451613 0.30193014705882354 0.04112903225806452 0.05974264705882353
1 0.4213709677419355 0.1957720588235294 0.021774193548387097 0.03308823529411765
1 0.4568548387096774 0.18566176470588236 0.025 0.025735294117647058
1 0.4971774193548387 0.19715073529411764 0.028225806451612902 0.02297794117647059
1 0.5241935483870968 0.20128676470588236 0.024193548387096774 0.025735294117647058
1 0.5754032258064516 0.2109375 0.016935483870967744 0.024816176470588234
2 0.8459677419354839 0.7146139705882353 0.06451612903225806 0.12408088235294118
2 0.4612903225806452 0.2587316176470588 0.08709677419354839 0.06525735294117647
2 0.822983870967742 0.5372242647058824 0.07661290322580645 0.10386029411764706
2 0.2794354838709677 0.17601102941176472 0.03467741935483871 0.030330882352941176
2 0.2616935483870968 0.16498161764705882 0.025 0.02665441176470588
2 0.30443548387096775 0.16314338235294118 0.036290322580645164 0.024816176470588234
2 0.24596774193548387 0.16176470588235295 0.017741935483870968 0.02022058823529412
1 0.2875 0.1957720588235294 0.016935483870967744 0.025735294117647058
1 0.6266129032258064 0.23115808823529413 0.017741935483870968 0.019301470588235295
2 0.6471774193548387 0.2265625 0.025 0.02297794117647059
2 0.6564516129032258 0.22012867647058823 0.01935483870967742 0.021139705882352942
3 0.7774193548387097 0.46139705882352944 0.03870967741935484 0.04779411764705882
