3 0.6357723577235772 0.5689338235294118 0.04715447154471545 0.07169117647058823
3 0.9479674796747968 0.6420036764705882 0.027642276422764227 0.046875
3 0.0459349593495935 0.6429227941176471 0.01707317073170732 0.02297794117647059
3 0.05609756097560976 0.5877757352941176 0.016260162601626018 0.02297794117647059
3 0.056910569105691054 0.6015625 0.013008130081300813 0.021139705882352942
3 0.37398373983739835 0.18198529411764705 0.013008130081300813 0.02022058823529412
1 0.615040650406504 0.1714154411764706 0.02195121951219512 0.024816176470588234
1 0.7361788617886179 0.19715073529411764 0.02032520325203252 0.02297794117647059
1 0.7630081300813009 0.20174632352941177 0.013821138211382113 0.013786764705882353
1 0.8191056910569106 0.22794117647058823 0.01056910569105691 0.014705882352941176
2 0.875609756097561 0.2697610294117647 0.014634146341463415 0.017463235294117647
4 0.6548780487804878 0.18658088235294118 0.07235772357723577 0.042279411764705885
2 0.08536585365853659 0.4085477941176471 0.02113821138211382 0.02665441176470588
0 0.052845528455284556 0.4719669117647059 0.04227642276422764 0.06893382352941177
1 0.08699186991869919 0.42325367647058826 0.016260162601626018 0.021139705882352942
1 0.08048780487804878 0.43474264705882354 0.013008130081300813 0.01838235294117647
1 0.07398373983739838 0.4462316176470588 0.014634146341463415 0.019301470588235295
