1 0.17258064516129032 0.6861213235294118 0.07903225806451612 0.06709558823529412
1 0.7201612903225807 0.36764705882352944 0.025806451612903226 0.029411764705882353
1 0.7298387096774194 0.38143382352941174 0.025806451612903226 0.027573529411764705
1 0.7415322580645162 0.3984375 0.02338709677419355 0.02665441176470588
1 0.7491935483870967 0.41130514705882354 0.025806451612903226 0.03216911764705882
1 0.7830645161290323 0.7274816176470589 0.07419354838709677 0.078125
1 0.7165322580645161 0.8731617647058824 0.08790322580645162 0.06985294117647059
1 0.2213709677419355 0.3469669117647059 0.03790322580645161 0.08363970588235294
1 0.4338709677419355 0.18244485294117646 0.03064516129032258 0.024816176470588234
1 0.5366935483870968 0.20450367647058823 0.025 0.024816176470588234
1 0.5725806451612904 0.20726102941176472 0.01935483870967742 0.02297794117647059
2 0.8407258064516129 0.7233455882352942 0.06532258064516129 0.1213235294117647
2 0.8407258064516129 0.8694852941176471 0.042741935483870966 0.07352941176470588
2 0.4838709677419355 0.20818014705882354 0.08709677419354839 0.03952205882352941
2 0.8225806451612904 0.5386029411764706 0.07741935483870968 0.10845588235294118
2 0.2806451612903226 0.17647058823529413 0.03870967741935484 0.03308823529411765
2 0.23669354838709677 0.18290441176470587 0.028225806451612902 0.029411764705882353
2 0.8524193548387097 0.6447610294117647 0.0532258064516129 0.08363970588235294
1 0.8004032258064516 0.5514705882352942 0.04596774193548387 0.042279411764705885
1 0.7915322580645161 0.5625 0.042741935483870966 0.03676470588235294
1 0.8411290322580646 0.5753676470588235 0.03387096774193549 0.04044117647058824
1 0.8116935483870967 0.6121323529411765 0.05241935483870968 0.058823529411764705
1 0.20120967741935483 0.20680147058823528 0.013709677419354839 0.022058823529411766
1 0.22056451612903225 0.19669117647058823 0.013709677419354839 0.029411764705882353
