1 0.8661224489795918 0.4756433823529412 0.0163265306122449 0.019301470588235295
2 0.9012244897959184 0.6185661764705882 0.037551020408163265 0.06433823529411764
2 0.5134693877551021 0.24356617647058823 0.08 0.034926470588235295
2 0.6416326530612245 0.2780330882352941 0.04244897959183674 0.02665441176470588
1 0.7538775510204082 0.3249080882352941 0.010612244897959184 0.013786764705882353
2 0.2636734693877551 0.21461397058823528 0.022857142857142857 0.017463235294117647
1 0.2473469387755102 0.22380514705882354 0.011428571428571429 0.017463235294117647
1 0.2946938775510204 0.2109375 0.011428571428571429 0.013786764705882353
1 0.8824489795918368 0.4944852941176471 0.019591836734693877 0.02022058823529412
1 0.8836734693877552 0.5036764705882353 0.018775510204081632 0.02389705882352941
