2 0.9848958333333333 0.4869791666666667 0.016666666666666666 0.020833333333333332
2 0.9770833333333333 0.4734375 0.019791666666666666 0.030208333333333334
2 0.8888020833333333 0.22734375 0.024479166666666666 0.018229166666666668
3 0.13645833333333332 0.3015625 0.03854166666666667 0.025
3 0.11953125 0.3265625 0.03177083333333333 0.020833333333333332
3 0.11119791666666666 0.340625 0.03802083333333333 0.021875
3 0.27265625 0.090625 0.015104166666666667 0.023958333333333335
1 0.09505208333333333 0.21145833333333333 0.016145833333333335 0.015625
1 0.07734375 0.22109375 0.0140625 0.0109375
1 0.029166666666666667 0.28958333333333336 0.0125 0.007291666666666667
2 0.08697916666666666 0.24557291666666667 0.030208333333333334 0.028645833333333332
2 0.06692708333333333 0.25416666666666665 0.025520833333333333 0.026041666666666668
2 0.05286458333333333 0.23411458333333332 0.015104166666666667 0.016145833333333335
2 0.09921875 0.196875 0.025520833333333333 0.027083333333333334
1 0.9479166666666666 0.428125 0.028125 0.016666666666666666
1 0.9598958333333333 0.45729166666666665 0.025 0.0125
1 0.9505208333333334 0.4622395833333333 0.020833333333333332 0.011979166666666667
1 0.9453125 0.47890625 0.028125 0.019270833333333334
1 0.9338541666666667 0.46588541666666666 0.022916666666666665 0.016145833333333335
1 0.9421875 0.46015625 0.023958333333333335 0.009895833333333333
4 0.94921875 0.5213541666666667 0.043229166666666666 0.04895833333333333
2 0.9796875 0.6338541666666667 0.011458333333333333 0.014583333333333334
2 0.96015625 0.6369791666666667 0.018229166666666668 0.017708333333333333
2 0.9526041666666667 0.60234375 0.026041666666666668 0.0328125
1 0.4825520833333333 0.017708333333333333 0.018229166666666668 0.034375
2 0.7989583333333333 0.15026041666666667 0.04479166666666667 0.049479166666666664
2 0.8057291666666667 0.11484375 0.027083333333333334 0.033854166666666664
4 0.35078125 0.05911458333333333 0.0609375 0.05572916666666667
