2 0.98828125 0.46041666666666664 0.018229166666666668 0.03125
2 0.9872395833333333 0.48541666666666666 0.0140625 0.01875
2 0.97734375 0.47239583333333335 0.018229166666666668 0.028125
2 0.8877604166666667 0.22786458333333334 0.0203125 0.018229166666666668
3 0.14192708333333334 0.15104166666666666 0.016145833333333335 0.016666666666666666
0 0.9885416666666667 0.60546875 0.013541666666666667 0.021354166666666667
1 0.08984375 0.26197916666666665 0.027604166666666666 0.017708333333333333
1 0.043229166666666666 0.3067708333333333 0.017708333333333333 0.010416666666666666
1 0.0390625 0.28802083333333334 0.015625 0.009375
4 0.815625 0.07421875 0.021875 0.024479166666666666
2 0.9713541666666666 0.62890625 0.0125 0.015104166666666667
1 0.90859375 0.6010416666666667 0.0296875 0.01875
1 0.02890625 0.275 0.0109375 0.008333333333333333
2 0.07760416666666667 0.22916666666666666 0.027083333333333334 0.026041666666666668
2 0.08229166666666667 0.25 0.03333333333333333 0.027083333333333334
2 0.11953125 0.23645833333333333 0.043229166666666666 0.035416666666666666
2 0.21588541666666666 0.20078125 0.06927083333333334 0.050520833333333334
2 0.16848958333333333 0.18333333333333332 0.0484375 0.040625
2 0.024479166666666666 0.2903645833333333 0.0125 0.0140625
2 0.027604166666666666 0.26614583333333336 0.011458333333333333 0.011458333333333333
1 0.12291666666666666 0.25078125 0.029166666666666667 0.0234375
4 0.5940104166666667 0.009635416666666667 0.0296875 0.018229166666666668
