2 0.3008130081300813 0.17830882352941177 0.03577235772357724 0.029411764705882353
2 0.3983739837398374 0.16590073529411764 0.04065040650406504 0.03400735294117647
1 0.8691056910569106 0.6153492647058824 0.03414634146341464 0.02665441176470588
1 0.8613821138211382 0.6681985294117647 0.03983739837398374 0.04044117647058824
1 0.8459349593495935 0.6994485294117647 0.043089430894308944 0.05514705882352941
4 0.13739837398373983 0.2545955882352941 0.061788617886178863 0.08455882352941177
2 0.774390243902439 0.2922794117647059 0.036585365853658534 0.03308823529411765
2 0.7947154471544715 0.3322610294117647 0.038211382113821135 0.03952205882352941
2 0.8154471544715447 0.30652573529411764 0.024390243902439025 0.02297794117647059
1 0.7398373983739838 0.2532169117647059 0.016260162601626018 0.017463235294117647
1 0.6772357723577236 0.24080882352941177 0.026016260162601626 0.029411764705882353
1 0.6044715447154472 0.23023897058823528 0.03333333333333333 0.03768382352941176
1 0.5126016260162601 0.20818014705882354 0.03983739837398374 0.03952205882352941
1 0.49552845528455286 0.18474264705882354 0.026829268292682926 0.025735294117647058
1 0.39878048780487807 0.19301470588235295 0.03008130081300813 0.029411764705882353
1 0.3101626016260163 0.21507352941176472 0.044715447154471545 0.04963235294117647
2 0.42276422764227645 0.22242647058823528 0.14471544715447154 0.0625
2 0.1589430894308943 0.3092830882352941 0.09349593495934959 0.09650735294117647
