2 0.30040650406504066 0.18060661764705882 0.034959349593495934 0.02849264705882353
2 0.39878048780487807 0.16681985294117646 0.03983739837398374 0.03400735294117647
1 0.8695121951219512 0.6148897058823529 0.03333333333333333 0.02389705882352941
1 0.8621951219512195 0.6672794117647058 0.041463414634146344 0.03860294117647059
1 0.8479674796747968 0.6989889705882353 0.04552845528455285 0.057904411764705885
1 0.8686991869918699 0.6374080882352942 0.03333333333333333 0.017463235294117647
4 0.13658536585365855 0.25505514705882354 0.061788617886178863 0.08731617647058823
1 0.4943089430894309 0.18382352941176472 0.026016260162601626 0.03125
3 0.733739837398374 0.6245404411764706 0.06747967479674796 0.06709558823529412
2 0.6158536585365854 0.30514705882352944 0.11138211382113822 0.06985294117647059
2 0.17276422764227642 0.29503676470588236 0.11626016260162601 0.11029411764705882
2 0.6540650406504065 0.26056985294117646 0.09024390243902439 0.06158088235294118
1 0.40691056910569107 0.38878676470588236 0.0951219512195122 0.08455882352941177
1 0.7012195121951219 0.41268382352941174 0.04959349593495935 0.06066176470588235
1 0.7760162601626016 0.36902573529411764 0.026829268292682926 0.03952205882352941
1 0.7491869918699187 0.2587316176470588 0.00894308943089431 0.011948529411764705
1 0.7630081300813009 0.2693014705882353 0.01056910569105691 0.014705882352941176
1 0.8211382113821138 0.31204044117647056 0.011382113821138212 0.013786764705882353
2 0.8235772357723578 0.3318014705882353 0.022764227642276424 0.025735294117647058
2 0.7723577235772358 0.2881433823529412 0.03577235772357724 0.030330882352941176
1 0.8256097560975609 0.3630514705882353 0.015447154471544716 0.02389705882352941
1 0.8467479674796748 0.37362132352941174 0.013821138211382113 0.021139705882352942
2 0.8479674796747968 0.3226102941176471 0.014634146341463415 0.022058823529411766
1 0.6959349593495935 0.2265625 0.01951219512195122 0.03216911764705882
