2 0.5294930875576037 0.10891544117647059 0.02857142857142857 0.030330882352941176
3 0.37557603686635943 0.8157169117647058 0.04331797235023042 0.06158088235294118
1 0.5557603686635945 0.11626838235294118 0.014746543778801843 0.02849264705882353
2 0.347926267281106 0.27987132352941174 0.12995391705069123 0.09099264705882353
2 0.035023041474654376 0.4921875 0.027649769585253458 0.024816176470588234
2 0.5599078341013825 0.1879595588235294 0.10230414746543778 0.046875
3 0.4414746543778802 0.12178308823529412 0.012903225806451613 0.030330882352941176
3 0.4308755760368664 0.12408088235294118 0.011981566820276499 0.029411764705882353
1 0.8516129032258064 0.5707720588235294 0.060829493087557605 0.05330882352941176
1 0.7764976958525346 0.6162683823529411 0.06359447004608294 0.06341911764705882
1 0.7391705069124423 0.6153492647058824 0.06820276497695853 0.07628676470588236
2 0.8626728110599078 0.2771139705882353 0.05161290322580645 0.046875
1 0.2350230414746544 0.6920955882352942 0.07004608294930875 0.03676470588235294
1 0.14101382488479264 0.6773897058823529 0.053456221198156684 0.02389705882352941
