2 0.7471774193548387 0.9388786764705882 0.11693548387096774 0.12040441176470588
1 0.05806451612903226 0.46737132352941174 0.02258064516129032 0.02297794117647059
1 0.06733870967741935 0.4880514705882353 0.028225806451612902 0.029411764705882353
1 0.044758064516129036 0.5422794117647058 0.021774193548387097 0.027573529411764705
1 0.06008064516129032 0.5597426470588235 0.031451612903225803 0.025735294117647058
1 0.12701612903225806 0.35661764705882354 0.03306451612903226 0.04044117647058824
1 0.16653225806451613 0.32950367647058826 0.04435483870967742 0.03216911764705882
1 0.1975806451612903 0.40441176470588236 0.07096774193548387 0.0661764705882353
1 0.13629032258064516 0.40625 0.04516129032258064 0.05514705882352941
1 0.09435483870967742 0.4273897058823529 0.02903225806451613 0.03308823529411765
2 0.0875 0.37224264705882354 0.055645161290322584 0.08272058823529412
1 0.4745967741935484 0.23897058823529413 0.09435483870967742 0.09191176470588236
1 0.925 0.6553308823529411 0.041935483870967745 0.0625
0 0.8334677419354839 0.90625 0.16048387096774194 0.18566176470588236
