2 0.8044270833333333 0.12591911764705882 0.04635416666666667 0.08088235294117647
1 0.11119791666666666 0.8920036764705882 0.03802083333333333 0.1056985294117647
1 0.02578125 0.8405330882352942 0.025520833333333333 0.0744485294117647
1 0.05026041666666667 0.8469669117647058 0.028645833333333332 0.09466911764705882
2 0.0765625 0.26838235294117646 0.03125 0.06801470588235294
3 0.39869791666666665 0.02849264705882353 0.0109375 0.05514705882352941
3 0.4075520833333333 0.029871323529411766 0.0140625 0.057904411764705885
1 0.8265625 0.16773897058823528 0.014583333333333334 0.02665441176470588
1 0.9059895833333333 0.3786764705882353 0.0203125 0.034926470588235295
1 0.8872395833333333 0.25919117647058826 0.011979166666666667 0.02389705882352941
1 0.83984375 0.1957720588235294 0.018229166666666668 0.03125
1 0.49505208333333334 0.04503676470588235 0.04635416666666667 0.07169117647058823
1 0.5059895833333333 0.4967830882352941 0.1296875 0.12775735294117646
1 0.1359375 0.25735294117647056 0.028125 0.051470588235294115
1 0.018229166666666668 0.4724264705882353 0.013541666666666667 0.027573529411764705
1 0.5830729166666667 0.019761029411764705 0.033854166666666664 0.03768382352941176
2 0.7239583333333334 0.2426470588235294 0.11145833333333334 0.1323529411764706
3 0.31953125 0.0546875 0.0171875 0.057904411764705885
