2 0.9848958333333333 0.4869791666666667 0.016666666666666666 0.020833333333333332
2 0.9770833333333333 0.47317708333333336 0.019791666666666666 0.0296875
2 0.8888020833333333 0.22734375 0.024479166666666666 0.018229166666666668
3 0.20130208333333333 0.13567708333333334 0.016145833333333335 0.022395833333333334
3 0.19713541666666667 0.13697916666666668 0.0171875 0.01875
3 0.12838541666666667 0.16901041666666666 0.016145833333333335 0.0140625
3 0.06484375 0.34609375 0.0296875 0.0140625
3 0.39401041666666664 0.021354166666666667 0.0109375 0.021875
1 0.05807291666666667 0.2908854166666667 0.019270833333333334 0.0140625
1 0.04401041666666667 0.28411458333333334 0.016145833333333335 0.0109375
1 0.027864583333333335 0.30494791666666665 0.011979166666666667 0.008854166666666666
2 0.038802083333333334 0.27369791666666665 0.0171875 0.0171875
2 0.02734375 0.27786458333333336 0.0140625 0.0171875
2 0.19166666666666668 0.25494791666666666 0.084375 0.0609375
4 0.07578125 0.2421875 0.0765625 0.057291666666666664
2 0.09895833333333333 0.19713541666666667 0.026041666666666668 0.024479166666666666
1 0.8434895833333333 0.5846354166666666 0.04635416666666667 0.027604166666666666
1 0.9361979166666666 0.46588541666666666 0.030729166666666665 0.021354166666666667
4 0.9479166666666666 0.521875 0.04583333333333333 0.04791666666666667
2 0.9830729166666666 0.59375 0.0109375 0.01875
2 0.9841145833333333 0.6111979166666667 0.0109375 0.019270833333333334
2 0.9440104166666666 0.6234375 0.028645833333333332 0.027083333333333334
2 0.5966145833333333 0.019270833333333334 0.04010416666666667 0.03333333333333333
2 0.28411458333333334 0.16119791666666666 0.0984375 0.05677083333333333
2 0.7705729166666667 0.125 0.0421875 0.041666666666666664
2 0.5966145833333333 0.12447916666666667 0.10260416666666666 0.06666666666666667
1 0.8177083333333334 0.115625 0.015625 0.025
1 0.821875 0.20416666666666666 0.027083333333333334 0.028125
1 0.46640625 0.17005208333333333 0.05572916666666667 0.05677083333333333
1 0.37213541666666666 0.17421875 0.0578125 0.0578125
1 0.5197916666666667 0.009375 0.0125 0.017708333333333333
2 0.57578125 0.012239583333333333 0.025520833333333333 0.022395833333333334
1 0.80625 0.0859375 0.013541666666666667 0.019791666666666666
2 0.5481770833333334 0.007291666666666667 0.025520833333333333 0.013541666666666667
