1 0.14779116465863454 0.3506433823529412 0.01927710843373494 0.017463235294117647
1 0.14216867469879518 0.3602941176470588 0.024096385542168676 0.01838235294117647
1 0.13373493975903614 0.38143382352941174 0.024899598393574297 0.01838235294117647
1 0.12971887550200803 0.39568014705882354 0.028112449799196786 0.021139705882352942
1 0.12329317269076305 0.4053308823529412 0.024899598393574297 0.01838235294117647
1 0.11726907630522089 0.4255514705882353 0.02570281124497992 0.022058823529411766
1 0.11004016064257029 0.4489889705882353 0.030522088353413655 0.024816176470588234
1 0.10160642570281124 0.47518382352941174 0.02971887550200803 0.029411764705882353
1 0.09397590361445783 0.5022977941176471 0.02891566265060241 0.030330882352941176
1 0.08393574297188755 0.7274816176470589 0.024899598393574297 0.03400735294117647
1 0.09036144578313253 0.75 0.028112449799196786 0.027573529411764705
1 0.10321285140562249 0.8134191176470589 0.02650602409638554 0.022058823529411766
1 0.16546184738955824 0.2688419117647059 0.02248995983935743 0.024816176470588234
1 0.19156626506024096 0.28079044117647056 0.03293172690763052 0.03952205882352941
1 0.821285140562249 0.24678308823529413 0.018473895582329317 0.03400735294117647
1 0.7843373493975904 0.23943014705882354 0.03132530120481928 0.035845588235294115
1 0.8036144578313253 0.25 0.024899598393574297 0.03860294117647059
1 0.8184738955823293 0.29549632352941174 0.036947791164658635 0.04871323529411765
1 0.8461847389558232 0.3313419117647059 0.02971887550200803 0.046875
2 0.9385542168674699 0.41452205882352944 0.02650602409638554 0.04963235294117647
2 0.3526104417670683 0.11213235294117647 0.02570281124497992 0.02022058823529412
1 0.14176706827309238 0.5399816176470589 0.0393574297188755 0.09650735294117647
2 0.4578313253012048 0.0859375 0.024096385542168676 0.015625
2 0.45903614457831327 0.10018382352941177 0.02971887550200803 0.02022058823529412
0 0.40763052208835343 0.0818014705882353 0.023293172690763052 0.03125
2 0.6160642570281124 0.1052389705882353 0.040160642570281124 0.02665441176470588
2 0.5706827309236948 0.08318014705882353 0.023293172690763052 0.015625
1 0.8803212851405623 0.3322610294117647 0.020883534136546186 0.02297794117647059
1 0.9080321285140562 0.3805147058823529 0.023293172690763052 0.029411764705882353
1 0.8863453815261044 0.35340073529411764 0.02650602409638554 0.02849264705882353
