2 0.7169354838709677 0.40670955882352944 0.08064516129032258 0.09099264705882353
1 0.17096774193548386 0.6856617647058824 0.07903225806451612 0.0661764705882353
1 0.7209677419354839 0.3694852941176471 0.02258064516129032 0.025735294117647058
1 0.8088709677419355 0.5409007352941176 0.0467741935483871 0.03768382352941176
1 0.8092741935483871 0.5625 0.049193548387096775 0.042279411764705885
1 0.8012096774193549 0.5905330882352942 0.05887096774193548 0.050551470588235295
1 0.7919354838709678 0.6351102941176471 0.06129032258064516 0.06433823529411764
1 0.8286290322580645 0.6493566176470589 0.03790322580645161 0.04871323529411765
1 0.6270161290322581 0.28170955882352944 0.02338709677419355 0.035845588235294115
1 0.6072580645161291 0.3046875 0.03387096774193549 0.04871323529411765
1 0.6544354838709677 0.31985294117647056 0.028225806451612902 0.042279411764705885
1 0.6584677419354839 0.36534926470588236 0.03951612903225806 0.046875
1 0.6306451612903226 0.36075367647058826 0.035483870967741936 0.05606617647058824
1 0.7036290322580645 0.4397977941176471 0.049193548387096775 0.05974264705882353
1 0.6858870967741936 0.5009191176470589 0.05725806451612903 0.10110294117647059
1 0.7326612903225806 0.6571691176470589 0.06693548387096775 0.11764705882352941
1 0.8241935483870968 0.7054227941176471 0.0467741935483871 0.06341911764705882
1 0.7883064516129032 0.7417279411764706 0.06048387096774194 0.08455882352941177
1 0.8318548387096775 0.8318014705882353 0.04596774193548387 0.04595588235294118
1 0.7943548387096774 0.8727022058823529 0.05 0.057904411764705885
1 0.2584677419354839 0.7320772058823529 0.06370967741935483 0.1479779411764706
1 0.34516129032258064 0.19761029411764705 0.02258064516129032 0.03676470588235294
2 0.8685483870967742 0.6989889705882353 0.04838709677419355 0.08731617647058823
2 0.8548387096774194 0.7550551470588235 0.0532258064516129 0.109375
2 0.5669354838709677 0.21966911764705882 0.0532258064516129 0.034926470588235295
2 0.4576612903225806 0.8621323529411765 0.22016129032258064 0.2757352941176471
2 0.5705645161290323 0.5096507352941176 0.1314516129032258 0.2270220588235294
2 0.8233870967741935 0.5340073529411765 0.07580645161290323 0.09558823529411764
2 0.2794354838709677 0.17830882352941177 0.036290322580645164 0.029411764705882353
2 0.23024193548387098 0.18152573529411764 0.029838709677419355 0.02665441176470588
1 0.22056451612903225 0.19715073529411764 0.016935483870967744 0.02665441176470588
1 0.18346774193548387 0.19439338235294118 0.013709677419354839 0.021139705882352942
1 0.1935483870967742 0.20955882352941177 0.016129032258064516 0.027573529411764705
2 0.655241935483871 0.22840073529411764 0.025 0.024816176470588234
2 0.6294354838709677 0.22196691176470587 0.031451612903225803 0.02849264705882353
1 0.6068548387096774 0.22472426470588236 0.013709677419354839 0.021139705882352942
3 0.17943548387096775 0.3304227941176471 0.02661290322580645 0.06341911764705882
