2 0.9885416666666667 0.45859375 0.019791666666666666 0.03177083333333333
2 0.9838541666666667 0.48541666666666666 0.017708333333333333 0.023958333333333335
2 0.9770833333333333 0.47265625 0.019791666666666666 0.027604166666666666
2 0.8877604166666667 0.22890625 0.021354166666666667 0.019270833333333334
0 0.11796875 0.22682291666666668 0.08177083333333333 0.0640625
4 0.038802083333333334 0.28567708333333336 0.034895833333333334 0.024479166666666666
2 0.011979166666666667 0.3 0.016666666666666666 0.013541666666666667
1 0.06354166666666666 0.26197916666666665 0.019791666666666666 0.013541666666666667
1 0.846875 0.14296875 0.0125 0.018229166666666668
1 0.18880208333333334 0.28567708333333336 0.04635416666666667 0.033854166666666664
1 0.1046875 0.30416666666666664 0.034375 0.021875
1 0.4901041666666667 0.11119791666666666 0.040625 0.0421875
1 0.07109375 0.3294270833333333 0.030729166666666665 0.015104166666666667
