1 0.41526104417670684 0.19163602941176472 0.014457831325301205 0.02297794117647059
1 0.40481927710843374 0.19025735294117646 0.00963855421686747 0.02389705882352941
1 0.39397590361445783 0.18566176470588236 0.013654618473895583 0.029411764705882353
1 0.378714859437751 0.17509191176470587 0.013654618473895583 0.02297794117647059
1 0.3674698795180723 0.17509191176470587 0.012048192771084338 0.02297794117647059
1 0.3606425702811245 0.1879595588235294 0.01285140562248996 0.02297794117647059
1 0.3485943775100402 0.18658088235294118 0.01285140562248996 0.02389705882352941
1 0.3325301204819277 0.18428308823529413 0.01927710843373494 0.030330882352941176
1 0.25582329317269076 0.22288602941176472 0.021686746987951807 0.043198529411764705
1 0.1642570281124498 0.24586397058823528 0.020080321285140562 0.04136029411764706
1 0.14176706827309238 0.25827205882352944 0.013654618473895583 0.03860294117647059
1 0.12289156626506025 0.2679227941176471 0.01285140562248996 0.035845588235294115
1 0.10682730923694779 0.28262867647058826 0.01285140562248996 0.02849264705882353
1 0.09598393574297188 0.2881433823529412 0.010441767068273093 0.02297794117647059
1 0.5493975903614458 0.23069852941176472 0.02570281124497992 0.027573529411764705
2 0.7943775100401607 0.3414522058823529 0.011244979919678716 0.013786764705882353
1 0.7108433734939759 0.2881433823529412 0.01285140562248996 0.011948529411764705
0 0.7746987951807229 0.31204044117647056 0.02650602409638554 0.02849264705882353
1 0.7767068273092369 0.33409926470588236 0.011244979919678716 0.011948529411764705
2 0.7831325301204819 0.35018382352941174 0.01927710843373494 0.02389705882352941
1 0.43413654618473896 0.23161764705882354 0.03775100401606426 0.04044117647058824
1 0.07269076305220884 0.34512867647058826 0.03453815261044177 0.06158088235294118
2 0.29437751004016066 0.2835477941176471 0.15180722891566265 0.10018382352941177
2 0.44377510040160645 0.18933823529411764 0.04899598393574297 0.05330882352941176
1 0.6907630522088354 0.2725183823529412 0.01606425702811245 0.017463235294117647
1 0.6429718875502008 0.2568933823529412 0.020080321285140562 0.024816176470588234
