1 0.15183673469387754 0.3625919117647059 0.060408163265306125 0.10202205882352941
2 0.35714285714285715 0.14384191176470587 0.04653061224489796 0.02665441176470588
2 0.7910204081632654 0.453125 0.05551020408163265 0.07904411764705882
3 0.33183673469387753 0.8166360294117647 0.07265306122448979 0.07261029411764706
1 0.23510204081632652 0.7927389705882353 0.09795918367346938 0.12224264705882353
3 0.7412244897959184 0.9715073529411765 0.0653061224489796 0.029411764705882353
2 0.40938775510204084 0.1636029411764706 0.053061224489795916 0.03125
2 0.2779591836734694 0.17830882352941177 0.036734693877551024 0.03125
3 0.25755102040816324 0.5859375 0.06612244897959184 0.109375
3 0.2146938775510204 0.5969669117647058 0.060408163265306125 0.10753676470588236
1 0.570204081632653 0.2633272058823529 0.03183673469387755 0.035845588235294115
1 0.5689795918367347 0.3350183823529412 0.035918367346938776 0.05974264705882353
1 0.6057142857142858 0.4462316176470588 0.053877551020408164 0.09650735294117647
1 0.5506122448979592 0.4420955882352941 0.04979591836734694 0.10294117647058823
1 0.586530612244898 0.5634191176470589 0.07265306122448979 0.12867647058823528
1 0.6628571428571428 0.5422794117647058 0.05877551020408163 0.11029411764705882
1 0.710204081632653 0.6277573529411765 0.062040816326530614 0.0974264705882353
2 0.673469387755102 0.22748161764705882 0.019591836734693877 0.019301470588235295
2 0.6942857142857143 0.23943014705882354 0.017142857142857144 0.019301470588235295
2 0.6571428571428571 0.22518382352941177 0.022857142857142857 0.02389705882352941
1 0.6428571428571429 0.21507352941176472 0.010612244897959184 0.016544117647058824
1 0.6575510204081633 0.21277573529411764 0.010612244897959184 0.015625
1 0.6261224489795918 0.20955882352941177 0.0163265306122449 0.016544117647058824
1 0.6138775510204082 0.20909926470588236 0.0163265306122449 0.019301470588235295
1 0.6016326530612245 0.21231617647058823 0.017959183673469388 0.022058823529411766
1 0.643265306122449 0.23759191176470587 0.0163265306122449 0.021139705882352942
1 0.6546938775510204 0.2348345588235294 0.013061224489795919 0.015625
1 0.6685714285714286 0.23943014705882354 0.017959183673469388 0.021139705882352942
1 0.5783673469387756 0.21185661764705882 0.022040816326530613 0.02297794117647059
2 0.6146938775510205 0.23575367647058823 0.04081632653061224 0.030330882352941176
1 0.5371428571428571 0.20404411764705882 0.024489795918367346 0.025735294117647058
2 0.4563265306122449 0.19623161764705882 0.08979591836734693 0.046875
2 0.3289795918367347 0.1714154411764706 0.05551020408163265 0.03216911764705882
1 0.6783673469387755 0.7421875 0.08326530612244898 0.1056985294117647
1 0.6297959183673469 0.8189338235294118 0.09387755102040816 0.10477941176470588
2 0.7751020408163265 0.7927389705882353 0.10693877551020409 0.17555147058823528
0 0.906530612244898 0.7063419117647058 0.030204081632653063 0.06893382352941177
2 0.8824489795918368 0.7058823529411765 0.03918367346938775 0.09375
1 0.7481632653061224 0.5661764705882353 0.05959183673469388 0.07720588235294118
1 0.6946938775510204 0.33318014705882354 0.022857142857142857 0.03400735294117647
1 0.8448979591836735 0.8704044117647058 0.045714285714285714 0.04963235294117647
1 0.8114285714285714 0.5110294117647058 0.045714285714285714 0.02022058823529412
2 0.8820408163265306 0.7991727941176471 0.03183673469387755 0.07077205882352941
2 0.883265306122449 0.8446691176470589 0.031020408163265307 0.0625
1 0.8693877551020408 0.8345588235294118 0.0326530612244898 0.03125
1 0.8444897959183674 0.7780330882352942 0.04326530612244898 0.04136029411764706
1 0.8624489795918368 0.7403492647058824 0.04979591836734694 0.03952205882352941
1 0.8089795918367347 0.53125 0.045714285714285714 0.025735294117647058
1 0.8036734693877551 0.5675551470588235 0.04979591836734694 0.043198529411764705
1 0.8110204081632653 0.5919117647058824 0.05795918367346939 0.029411764705882353
1 0.796734693877551 0.6144301470588235 0.0653061224489796 0.046875
1 0.7983673469387755 0.6608455882352942 0.062040816326530614 0.058823529411764705
1 0.8469387755102041 0.6567095588235294 0.03836734693877551 0.04136029411764706
1 0.2342857142857143 0.19255514705882354 0.017959183673469388 0.030330882352941176
1 0.21183673469387754 0.19990808823529413 0.018775510204081632 0.030330882352941176
1 0.23061224489795917 0.22334558823529413 0.018775510204081632 0.04044117647058824
1 0.2530612244897959 0.18841911764705882 0.017959183673469388 0.034926470588235295
2 0.22408163265306122 0.14476102941176472 0.012244897959183673 0.011948529411764705
2 0.24 0.14705882352941177 0.0163265306122449 0.014705882352941176
2 0.21510204081632653 0.16498161764705882 0.02040816326530612 0.019301470588235295
1 0.18775510204081633 0.1714154411764706 0.009795918367346938 0.013786764705882353
1 0.18326530612244898 0.18841911764705882 0.010612244897959184 0.014705882352941176
1 0.18 0.20082720588235295 0.012244897959183673 0.021139705882352942
1 0.17877551020408164 0.2192095588235294 0.013061224489795919 0.024816176470588234
1 0.19224489795918367 0.20036764705882354 0.015510204081632653 0.01838235294117647
1 0.19142857142857142 0.2109375 0.012244897959183673 0.021139705882352942
1 0.2636734693877551 0.1488970588235294 0.013061224489795919 0.01838235294117647
2 0.2273469387755102 0.17417279411764705 0.0236734693877551 0.021139705882352942
1 0.8273469387755102 0.7169117647058824 0.054693877551020405 0.051470588235294115
1 0.30489795918367346 0.17784926470588236 0.015510204081632653 0.02849264705882353
1 0.2795918367346939 0.1488970588235294 0.008979591836734694 0.014705882352941176
1 0.2946938775510204 0.14613970588235295 0.011428571428571429 0.016544117647058824
1 0.7334693877551021 0.9264705882352942 0.07265306122448979 0.03860294117647059
1 0.8726530612244898 0.6397058823529411 0.037551020408163265 0.03676470588235294
1 0.856734693877551 0.6015625 0.02857142857142857 0.030330882352941176
1 0.8416326530612245 0.5767463235294118 0.026122448979591838 0.02665441176470588
1 0.8865306122448979 0.6700367647058824 0.0326530612244898 0.022058823529411766
3 0.816734693877551 0.4678308823529412 0.022040816326530613 0.03676470588235294
