1 0.7415322580645162 0.45496323529411764 0.049193548387096775 0.05514705882352941
1 0.4596774193548387 0.2339154411764706 0.03870967741935484 0.05238970588235294
1 0.2907258064516129 0.7026654411764706 0.1217741935483871 0.17555147058823528
1 0.630241935483871 0.8184742647058824 0.11048387096774194 0.11856617647058823
1 0.8302419354838709 0.5588235294117647 0.04435483870967742 0.06066176470588235
2 0.6338709677419355 0.22472426470588236 0.027419354838709678 0.024816176470588234
2 0.6564516129032258 0.22058823529411764 0.025806451612903226 0.022058823529411766
1 0.7298387096774194 0.3818933823529412 0.024193548387096774 0.03400735294117647
4 0.3116935483870968 0.16590073529411764 0.04596774193548387 0.03952205882352941
2 0.2439516129032258 0.16498161764705882 0.029838709677419355 0.03400735294117647
2 0.2661290322580645 0.17279411764705882 0.04838709677419355 0.04411764705882353
1 0.29838709677419356 0.19255514705882354 0.02903225806451613 0.03768382352941176
1 0.32661290322580644 0.21001838235294118 0.03387096774193549 0.046875
1 0.4165322580645161 0.20082720588235295 0.031451612903225803 0.04503676470588235
2 0.8491935483870968 0.7049632352941176 0.06935483870967742 0.11029411764705882
1 0.742741935483871 0.3984375 0.027419354838709678 0.03216911764705882
1 0.7516129032258064 0.4103860294117647 0.025806451612903226 0.03400735294117647
