2 0.30040650406504066 0.1792279411764706 0.034959349593495934 0.029411764705882353
2 0.3983739837398374 0.16681985294117646 0.04065040650406504 0.03400735294117647
1 0.8691056910569106 0.6153492647058824 0.03414634146341464 0.02665441176470588
1 0.8617886178861789 0.6681985294117647 0.04065040650406504 0.04044117647058824
1 0.8467479674796748 0.6999080882352942 0.043089430894308944 0.05606617647058824
4 0.13739837398373983 0.2541360294117647 0.061788617886178863 0.08547794117647059
2 0.6934959349593496 0.2775735294117647 0.08130081300813008 0.051470588235294115
1 0.7597560975609756 0.2633272058823529 0.015447154471544716 0.019301470588235295
1 0.7284552845528456 0.25505514705882354 0.01788617886178862 0.024816176470588234
1 0.8126016260162602 0.34237132352941174 0.013821138211382113 0.02297794117647059
2 0.8186991869918699 0.3005514705882353 0.016260162601626018 0.01838235294117647
2 0.8451219512195122 0.3235294117647059 0.013821138211382113 0.01838235294117647
1 0.6227642276422765 0.21966911764705882 0.02926829268292683 0.029411764705882353
1 0.532520325203252 0.20220588235294118 0.02926829268292683 0.03308823529411765
1 0.4951219512195122 0.18244485294117646 0.02926829268292683 0.035845588235294115
1 0.1951219512195122 0.2624080882352941 0.04390243902439024 0.05422794117647059
1 0.4443089430894309 0.34191176470588236 0.07886178861788617 0.07904411764705882
2 0.4321138211382114 0.25183823529411764 0.15691056910569107 0.07169117647058823
1 0.6955284552845529 0.22472426470588236 0.01707317073170732 0.030330882352941176
1 0.108130081300813 0.31295955882352944 0.027642276422764227 0.04871323529411765
