1 0.16265060240963855 0.35983455882352944 0.0714859437751004 0.09099264705882353
1 0.24819277108433735 0.7950367647058824 0.10120481927710843 0.1213235294117647
3 0.3457831325301205 0.8207720588235294 0.060240963855421686 0.06985294117647059
2 0.3682730923694779 0.14384191176470587 0.04417670682730924 0.02665441176470588
1 0.44216867469879517 0.18520220588235295 0.03293172690763052 0.02849264705882353
1 0.39879518072289155 0.17784926470588236 0.02650602409638554 0.02849264705882353
1 0.4855421686746988 0.19301470588235295 0.03293172690763052 0.03125
1 0.5349397590361445 0.20404411764705882 0.020883534136546186 0.025735294117647058
1 0.5132530120481927 0.22840073529411764 0.02891566265060241 0.035845588235294115
1 0.4465863453815261 0.2348345588235294 0.0321285140562249 0.046875
1 0.41726907630522087 0.3313419117647059 0.03775100401606426 0.08547794117647059
2 0.42048192771084336 0.16268382352941177 0.05060240963855422 0.029411764705882353
2 0.7923694779116466 0.4554227941176471 0.05381526104417671 0.06893382352941177
1 0.6152610441767068 0.20955882352941177 0.01285140562248996 0.016544117647058824
1 0.5983935742971888 0.2109375 0.01606425702811245 0.019301470588235295
1 0.5831325301204819 0.2113970588235294 0.01606425702811245 0.02022058823529412
1 0.43172690763052207 0.41544117647058826 0.06345381526104418 0.12316176470588236
1 0.4393574297188755 0.5335477941176471 0.06746987951807229 0.14430147058823528
1 0.5867469879518072 0.7743566176470589 0.0891566265060241 0.14246323529411764
1 0.6811244979919678 0.8506433823529411 0.09317269076305221 0.09283088235294118
2 0.6738955823293172 0.2270220588235294 0.01927710843373494 0.022058823529411766
2 0.636144578313253 0.22380514705882354 0.040160642570281124 0.02665441176470588
1 0.661847389558233 0.23207720588235295 0.01285140562248996 0.015625
1 0.6522088353413654 0.23575367647058823 0.01285140562248996 0.021139705882352942
1 0.6345381526104418 0.23575367647058823 0.017670682730923693 0.02665441176470588
2 0.6 0.23345588235294118 0.04819277108433735 0.034926470588235295
2 0.5204819277108433 0.28170955882352944 0.06907630522088354 0.0818014705882353
2 0.5497991967871486 0.4443933823529412 0.14538152610441768 0.21783088235294118
2 0.6995983935742972 0.2417279411764706 0.017670682730923693 0.016544117647058824
2 0.6967871485943775 0.2532169117647059 0.018473895582329317 0.021139705882352942
2 0.6751004016064257 0.25505514705882354 0.02971887550200803 0.03216911764705882
2 0.6502008032128515 0.2757352941176471 0.04096385542168675 0.042279411764705885
1 0.5819277108433735 0.2619485294117647 0.024899598393574297 0.03860294117647059
1 0.5875502008032129 0.3125 0.02971887550200803 0.051470588235294115
1 0.5947791164658635 0.35753676470588236 0.03775100401606426 0.07352941176470588
1 0.6550200803212851 0.3524816176470588 0.03293172690763052 0.057904411764705885
1 0.6200803212851406 0.44393382352941174 0.05140562248995984 0.08455882352941177
1 0.7566265060240964 0.4586397058823529 0.04497991967871486 0.05330882352941176
1 0.5791164658634538 0.9590992647058824 0.09477911646586346 0.0818014705882353
2 0.3293172690763052 0.16957720588235295 0.04497991967871486 0.02849264705882353
2 0.29156626506024097 0.18106617647058823 0.036947791164658635 0.03308823529411765
2 0.26987951807228916 0.16865808823529413 0.02891566265060241 0.02849264705882353
1 0.25140562248995985 0.15854779411764705 0.014457831325301205 0.019301470588235295
1 0.2678714859437751 0.19209558823529413 0.016867469879518072 0.03125
2 0.2321285140562249 0.16957720588235295 0.02248995983935743 0.021139705882352942
2 0.20803212851405622 0.18198529411764705 0.02248995983935743 0.027573529411764705
2 0.2353413654618474 0.17463235294117646 0.024096385542168676 0.027573529411764705
2 0.24136546184738955 0.18336397058823528 0.028112449799196786 0.02849264705882353
1 0.20803212851405622 0.20772058823529413 0.01606425702811245 0.03308823529411765
1 0.19036144578313252 0.21369485294117646 0.011244979919678716 0.02665441176470588
1 0.22771084337349398 0.21001838235294118 0.013654618473895583 0.02665441176470588
2 0.876706827309237 0.7458639705882353 0.058634538152610445 0.109375
3 0.6907630522088354 0.31066176470588236 0.01927710843373494 0.03676470588235294
1 0.6995983935742972 0.33455882352941174 0.020883534136546186 0.03125
2 0.8975903614457831 0.7490808823529411 0.03132530120481928 0.06433823529411764
2 0.9032128514056225 0.8028492647058824 0.028112449799196786 0.04503676470588235
2 0.8811244979919679 0.8386948529411765 0.0321285140562249 0.05606617647058824
1 0.8096385542168675 0.5349264705882353 0.04176706827309237 0.042279411764705885
1 0.821285140562249 0.5592830882352942 0.04899598393574297 0.035845588235294115
1 0.8068273092369478 0.5909926470588235 0.05060240963855422 0.034926470588235295
1 0.8040160642570281 0.6135110294117647 0.06586345381526104 0.043198529411764705
1 0.8024096385542169 0.6328125 0.06746987951807229 0.050551470588235295
1 0.8598393574297188 0.5808823529411765 0.03132530120481928 0.029411764705882353
1 0.857429718875502 0.6024816176470589 0.03453815261044177 0.030330882352941176
1 0.8566265060240964 0.6259191176470589 0.028112449799196786 0.027573529411764705
1 0.8514056224899599 0.6622242647058824 0.036947791164658635 0.043198529411764705
1 0.8060240963855422 0.6792279411764706 0.060240963855421686 0.05698529411764706
1 0.8493975903614458 0.7421875 0.04738955823293173 0.05606617647058824
1 0.8738955823293173 0.6470588235294118 0.024096385542168676 0.02022058823529412
1 0.8734939759036144 0.6672794117647058 0.03132530120481928 0.03308823529411765
1 0.9024096385542169 0.6925551470588235 0.021686746987951807 0.02849264705882353
1 0.6839357429718875 0.2348345588235294 0.010441767068273093 0.015625
