2 0.7763265306122449 0.34191176470588236 0.014693877551020407 0.014705882352941176
0 0.7542857142857143 0.32306985294117646 0.0326530612244898 0.03400735294117647
1 0.7171428571428572 0.3115808823529412 0.008979591836734694 0.014705882352941176
1 0.726530612244898 0.31525735294117646 0.009795918367346938 0.014705882352941176
1 0.7383673469387755 0.32628676470588236 0.008979591836734694 0.014705882352941176
1 0.6959183673469388 0.28952205882352944 0.010612244897959184 0.014705882352941176
1 0.6261224489795918 0.25275735294117646 0.014693877551020407 0.014705882352941176
2 0.26326530612244897 0.21415441176470587 0.022040816326530613 0.016544117647058824
1 0.2946938775510204 0.2109375 0.011428571428571429 0.019301470588235295
1 0.8661224489795918 0.47840073529411764 0.0163265306122449 0.02297794117647059
