3 0.6369918699186992 0.5689338235294118 0.04959349593495935 0.08823529411764706
3 0.9231707317073171 0.7274816176470589 0.028455284552845527 0.043198529411764705
3 0.055284552845528454 0.5854779411764706 0.016260162601626018 0.027573529411764705
3 0.05447154471544716 0.6001838235294118 0.016260162601626018 0.02389705882352941
3 0.4121951219512195 0.17463235294117646 0.016260162601626018 0.02389705882352941
1 0.615040650406504 0.171875 0.02195121951219512 0.025735294117647058
1 0.651219512195122 0.17738970588235295 0.02113821138211382 0.022058823529411766
1 0.8008130081300813 0.21737132352941177 0.013008130081300813 0.017463235294117647
1 0.8280487804878048 0.23299632352941177 0.01056910569105691 0.019301470588235295
4 0.7 0.19623161764705882 0.06504065040650407 0.03952205882352941
2 0.08536585365853659 0.4085477941176471 0.02113821138211382 0.02665441176470588
1 0.05040650406504065 0.5068933823529411 0.013008130081300813 0.019301470588235295
2 0.10203252032520325 0.8203125 0.03008130081300813 0.06341911764705882
1 0.08821138211382114 0.42233455882352944 0.015447154471544716 0.021139705882352942
1 0.08130081300813008 0.4338235294117647 0.014634146341463415 0.022058823529411766
1 0.07154471544715447 0.45174632352941174 0.014634146341463415 0.021139705882352942
