4 0.11504065040650406 0.4053308823529412 0.16016260162601625 0.20036764705882354
2 0.2995934959349594 0.17830882352941177 0.03983739837398374 0.042279411764705885
2 0.39471544715447154 0.1645220588235294 0.04796747967479675 0.042279411764705885
1 0.34227642276422765 0.18566176470588236 0.027642276422764227 0.04595588235294118
2 0.1548780487804878 0.2789522058823529 0.10975609756097561 0.09099264705882353
1 0.816260162601626 0.39659926470588236 0.024390243902439025 0.03768382352941176
1 0.8313008130081301 0.4172794117647059 0.028455284552845527 0.04044117647058824
1 0.501219512195122 0.18612132352941177 0.038211382113821135 0.043198529411764705
1 0.5487804878048781 0.20128676470588236 0.03902439024390244 0.03308823529411765
1 0.8715447154471545 0.6263786764705882 0.03902439024390244 0.05422794117647059
1 0.8479674796747968 0.7095588235294118 0.05040650406504065 0.051470588235294115
1 0.2097560975609756 0.2192095588235294 0.01788617886178862 0.03400735294117647
2 0.8150406504065041 0.30193014705882354 0.023577235772357725 0.02665441176470588
