1 0.5770161290322581 0.3046875 0.042741935483870966 0.05422794117647059
1 0.4125 0.20680147058823528 0.025 0.04963235294117647
1 0.27741935483870966 0.6755514705882353 0.11451612903225807 0.13051470588235295
1 0.6008064516129032 0.21966911764705882 0.020967741935483872 0.025735294117647058
2 0.635483870967742 0.22288602941176472 0.025806451612903226 0.02665441176470588
2 0.655241935483871 0.22380514705882354 0.02661290322580645 0.02665441176470588
1 0.7294354838709678 0.3828125 0.025 0.03400735294117647
2 0.24556451612903227 0.16176470588235295 0.031451612903225803 0.025735294117647058
2 0.2754032258064516 0.17693014705882354 0.049193548387096775 0.03400735294117647
1 0.7431451612903226 0.39889705882352944 0.02661290322580645 0.03125
1 0.7520161290322581 0.4103860294117647 0.02661290322580645 0.03400735294117647
2 0.7842741935483871 0.6052389705882353 0.10564516129032259 0.16636029411764705
