2 0.4736111111111111 0.07077205882352941 0.075 0.05698529411764706
2 0.01990740740740741 0.5965073529411765 0.028703703703703703 0.03860294117647059
4 0.1574074074074074 0.1130514705882353 0.024074074074074074 0.022058823529411766
2 0.7435185185185185 0.1332720588235294 0.07222222222222222 0.051470588235294115
2 0.1875 0.3327205882352941 0.0824074074074074 0.11764705882352941
1 0.32916666666666666 0.17784926470588236 0.05092592592592592 0.06709558823529412
1 0.21157407407407408 0.15854779411764705 0.026851851851851852 0.02849264705882353
1 0.21712962962962962 0.07123161764705882 0.012037037037037037 0.015625
2 0.15138888888888888 0.12821691176470587 0.017592592592592594 0.019301470588235295
2 0.14212962962962963 0.14292279411764705 0.017592592592592594 0.021139705882352942
4 0.12731481481481483 0.1636029411764706 0.026851851851851852 0.029411764705882353
1 0.10277777777777777 0.1792279411764706 0.012962962962962963 0.014705882352941176
2 0.060648148148148145 0.2647058823529412 0.021296296296296296 0.027573529411764705
2 0.05555555555555555 0.6810661764705882 0.03148148148148148 0.03308823529411765
2 0.39675925925925926 0.9411764705882353 0.06759259259259259 0.03860294117647059
1 0.052314814814814814 0.48621323529411764 0.03981481481481482 0.03860294117647059
1 0.04722222222222222 0.5349264705882353 0.037037037037037035 0.03676470588235294
2 0.05092592592592592 0.7270220588235294 0.018518518518518517 0.022058823529411766
2 0.0699074074074074 0.7467830882352942 0.023148148148148147 0.02297794117647059
2 0.5398148148148149 0.9540441176470589 0.06296296296296296 0.034926470588235295
