0 0.7806451612903226 0.5386029411764706 0.10483870967741936 0.11213235294117647
2 0.4729838709677419 0.29181985294117646 0.1443548387096774 0.09099264705882353
2 0.6245967741935484 0.4007352941176471 0.11048387096774194 0.09558823529411764
1 0.5899193548387097 0.2619485294117647 0.029838709677419355 0.03125
2 0.5342741935483871 0.4103860294117647 0.1717741935483871 0.15533088235294118
1 0.7032258064516129 0.41130514705882354 0.02903225806451613 0.02849264705882353
1 0.6673387096774194 0.34329044117647056 0.028225806451612902 0.03400735294117647
1 0.8173387096774194 0.6231617647058824 0.018548387096774192 0.016544117647058824
0 0.842741935483871 0.6102941176470589 0.025806451612903226 0.034926470588235295
2 0.24153225806451614 0.6295955882352942 0.3153225806451613 0.2702205882352941
1 0.2217741935483871 0.24448529411764705 0.06290322580645161 0.0661764705882353
2 0.07741935483870968 0.4273897058823529 0.0935483870967742 0.14154411764705882
1 0.7419354838709677 0.9476102941176471 0.06290322580645161 0.05514705882352941
4 0.8076612903225806 0.5101102941176471 0.036290322580645164 0.051470588235294115
2 0.7620967741935484 0.48391544117647056 0.03225806451612903 0.030330882352941176
