2 0.98828125 0.46041666666666664 0.018229166666666668 0.03125
2 0.9869791666666666 0.48515625 0.014583333333333334 0.019270833333333334
2 0.9768229166666667 0.47265625 0.018229166666666668 0.028645833333333332
2 0.8880208333333334 0.228125 0.020833333333333332 0.01875
3 0.9778645833333334 0.5299479166666666 0.016145833333333335 0.0078125
3 0.93984375 0.3065104166666667 0.008854166666666666 0.0109375
0 0.9455729166666667 0.6231770833333333 0.05364583333333333 0.050520833333333334
1 0.7856770833333333 0.08541666666666667 0.011979166666666667 0.015625
1 0.10104166666666667 0.29192708333333334 0.034375 0.0234375
1 0.10807291666666667 0.2359375 0.024479166666666666 0.020833333333333332
1 0.062239583333333334 0.2984375 0.022395833333333334 0.014583333333333334
4 0.8158854166666667 0.07473958333333333 0.022395833333333334 0.024479166666666666
2 0.9171875 0.37109375 0.04479166666666667 0.0671875
1 0.8432291666666667 0.4947916666666667 0.05416666666666667 0.026041666666666668
1 0.946875 0.5888020833333333 0.021875 0.0140625
1 0.8161458333333333 0.16979166666666667 0.021875 0.029166666666666667
1 0.8296875 0.17395833333333333 0.020833333333333332 0.029166666666666667
1 0.43333333333333335 0.40677083333333336 0.07604166666666666 0.04583333333333333
1 0.3768229166666667 0.1203125 0.04635416666666667 0.041666666666666664
1 0.28671875 0.14401041666666667 0.04114583333333333 0.04010416666666667
1 0.5916666666666667 0.11666666666666667 0.036458333333333336 0.046875
1 0.29375 0.0921875 0.028125 0.03333333333333333
1 0.546875 0.04453125 0.015625 0.033854166666666664
1 0.5236979166666667 0.04114583333333333 0.015104166666666667 0.035416666666666666
1 0.5255208333333333 0.021614583333333333 0.013541666666666667 0.024479166666666666
1 0.5565104166666667 0.006510416666666667 0.013020833333333334 0.011979166666666667
1 0.5744791666666667 0.013802083333333333 0.0125 0.0265625
2 0.6010416666666667 0.026302083333333334 0.03125 0.0265625
2 0.15989583333333332 0.17135416666666667 0.05416666666666667 0.057291666666666664
2 0.04296875 0.2713541666666667 0.018229166666666668 0.01875
2 0.7338541666666667 0.12447916666666667 0.057291666666666664 0.046875
4 0.9864583333333333 0.5671875 0.015625 0.019791666666666666
2 0.025520833333333333 0.29348958333333336 0.017708333333333333 0.0171875
