2 0.8872395833333333 0.22864583333333333 0.0203125 0.01875
2 0.9778645833333334 0.47317708333333336 0.0203125 0.0296875
3 0.09713541666666667 0.3067708333333333 0.0328125 0.020833333333333332
3 0.08854166666666667 0.3502604166666667 0.028125 0.018229166666666668
3 0.1296875 0.40208333333333335 0.04375 0.017708333333333333
3 0.27291666666666664 0.09010416666666667 0.017708333333333333 0.027083333333333334
3 0.17604166666666668 0.12213541666666666 0.015625 0.015104166666666667
3 0.79140625 0.5947916666666667 0.04739583333333333 0.035416666666666666
3 0.7356770833333334 0.5752604166666667 0.058854166666666666 0.0328125
1 0.9786458333333333 0.5419270833333333 0.016666666666666666 0.0109375
1 0.8223958333333333 0.15598958333333332 0.023958333333333335 0.0234375
1 0.07239583333333334 0.3125 0.03125 0.021875
1 0.2 0.14557291666666666 0.027083333333333334 0.030729166666666665
1 0.8083333333333333 0.08958333333333333 0.011458333333333333 0.015625
1 0.09921875 0.2015625 0.011979166666666667 0.010416666666666666
2 0.16979166666666667 0.36015625 0.09270833333333334 0.06927083333333334
2 0.09895833333333333 0.19583333333333333 0.027083333333333334 0.029166666666666667
2 0.9416666666666667 0.52265625 0.030208333333333334 0.03802083333333333
2 0.11067708333333333 0.21354166666666666 0.0328125 0.034375
2 0.08671875 0.24427083333333333 0.0359375 0.03229166666666667
2 0.026822916666666665 0.31875 0.019270833333333334 0.019791666666666666
2 0.4515625 0.3671875 0.18333333333333332 0.1625
1 0.18984375 0.17760416666666667 0.030729166666666665 0.035416666666666666
3 0.8611979166666667 0.1578125 0.016145833333333335 0.01875
