3 0.932520325203252 0.6116727941176471 0.04227642276422764 0.057904411764705885
1 0.5280487804878049 0.8051470588235294 0.13902439024390245 0.09375
2 0.7069105691056911 0.21415441176470587 0.07723577235772358 0.042279411764705885
2 0.8020325203252032 0.24080882352941177 0.052845528455284556 0.03676470588235294
2 0.8459349593495935 0.25827205882352944 0.03983739837398374 0.03860294117647059
1 0.5548780487804879 0.1636029411764706 0.026829268292682926 0.027573529411764705
1 0.5292682926829269 0.16314338235294118 0.026016260162601626 0.02665441176470588
1 0.5 0.16727941176470587 0.022764227642276424 0.03125
1 0.47560975609756095 0.16865808823529413 0.01951219512195122 0.030330882352941176
1 0.4276422764227642 0.18290441176470587 0.032520325203252036 0.03125
1 0.7398373983739838 0.1953125 0.02113821138211382 0.02665441176470588
2 0.4410569105691057 0.21737132352941177 0.11300813008130081 0.06158088235294118
2 0.15934959349593497 0.35110294117647056 0.056910569105691054 0.058823529411764705
1 0.29715447154471547 0.22472426470588236 0.026829268292682926 0.030330882352941176
1 0.2658536585365854 0.24448529411764705 0.024390243902439025 0.027573529411764705
