3 0.3834677419354839 0.19071691176470587 0.025 0.04136029411764706
3 0.4334677419354839 0.2035845588235294 0.02338709677419355 0.03216911764705882
1 0.7564516129032258 0.7991727941176471 0.0532258064516129 0.06525735294117647
1 0.16532258064516128 0.421875 0.08225806451612903 0.09926470588235294
1 0.08306451612903226 0.5330882352941176 0.06935483870967742 0.08639705882352941
1 0.4245967741935484 0.8262867647058824 0.12338709677419354 0.07720588235294118
1 0.7737903225806452 0.8786764705882353 0.03951612903225806 0.04963235294117647
1 0.7637096774193548 0.9108455882352942 0.04838709677419355 0.05514705882352941
1 0.7584677419354838 0.9214154411764706 0.03790322580645161 0.04503676470588235
1 0.7366935483870968 0.9333639705882353 0.049193548387096775 0.06341911764705882
4 0.8189516129032258 0.6617647058823529 0.03467741935483871 0.04044117647058824
2 0.790725806451613 0.4866727941176471 0.02338709677419355 0.02849264705882353
1 0.7641129032258065 0.47380514705882354 0.01532258064516129 0.017463235294117647
1 0.4939516129032258 0.19439338235294118 0.018548387096774192 0.021139705882352942
1 0.5133064516129032 0.19347426470588236 0.016935483870967744 0.03400735294117647
1 0.6580645161290323 0.33869485294117646 0.024193548387096774 0.02297794117647059
3 0.4020161290322581 0.18198529411764705 0.025 0.03125
3 0.4213709677419355 0.18474264705882354 0.021774193548387097 0.029411764705882353
1 0.49959677419354837 0.17784926470588236 0.016935483870967744 0.019301470588235295
