2 0.644758064516129 0.22518382352941177 0.03467741935483871 0.03125
1 0.3935483870967742 0.22196691176470587 0.03387096774193549 0.046875
1 0.3911290322580645 0.1801470588235294 0.02903225806451613 0.03676470588235294
1 0.4504032258064516 0.21507352941176472 0.04112903225806452 0.04044117647058824
1 0.4415322580645161 0.23988970588235295 0.04112903225806452 0.04779411764705882
1 0.5318548387096774 0.26424632352941174 0.04596774193548387 0.05238970588235294
1 0.5181451612903226 0.2757352941176471 0.03951612903225806 0.05698529411764706
1 0.667741935483871 0.3391544117647059 0.035483870967741936 0.04779411764705882
1 0.7491935483870967 0.44485294117647056 0.05 0.05330882352941176
1 0.30201612903225805 0.19255514705882354 0.031451612903225803 0.03768382352941176
1 0.2245967741935484 0.33869485294117646 0.055645161290322584 0.10018382352941177
2 0.2685483870967742 0.23575367647058823 0.06451612903225806 0.07077205882352941
2 0.26975806451612905 0.17279411764705882 0.036290322580645164 0.04411764705882353
2 0.2375 0.18382352941176472 0.036290322580645164 0.042279411764705885
2 0.2068548387096774 0.20955882352941177 0.04112903225806452 0.04044117647058824
1 0.6899193548387097 0.8598345588235294 0.09274193548387097 0.06525735294117647
2 0.8556451612903225 0.7522977941176471 0.06290322580645161 0.11488970588235294
2 0.8717741935483871 0.6893382352941176 0.05967741935483871 0.11580882352941177
1 0.5092741935483871 0.5914522058823529 0.08790322580645162 0.140625
1 0.7520161290322581 0.4085477941176471 0.025 0.03400735294117647
3 0.7286290322580645 0.37362132352941174 0.02661290322580645 0.03400735294117647
3 0.7366935483870968 0.3864889705882353 0.02338709677419355 0.03952205882352941
1 0.7322580645161291 0.38327205882352944 0.03064516129032258 0.03308823529411765
1 0.744758064516129 0.3952205882352941 0.029838709677419355 0.034926470588235295
