3 0.3253061224489796 0.8193933823529411 0.07102040816326531 0.0818014705882353
1 0.1510204081632653 0.36075367647058826 0.05551020408163265 0.09650735294117647
1 0.23673469387755103 0.7913602941176471 0.09795918367346938 0.11213235294117647
1 0.6951020408163265 0.3336397058823529 0.0236734693877551 0.03860294117647059
2 0.35918367346938773 0.14384191176470587 0.045714285714285714 0.02665441176470588
2 0.4126530612244898 0.1640625 0.05795918367346939 0.035845588235294115
2 0.7906122448979592 0.45358455882352944 0.054693877551020405 0.07628676470588236
1 0.5661224489795919 0.22564338235294118 0.02040816326530612 0.03216911764705882
1 0.3016326530612245 0.265625 0.03183673469387755 0.06985294117647059
1 0.3693877551020408 0.3791360294117647 0.06448979591836734 0.10753676470588236
1 0.3485714285714286 0.5252757352941176 0.07346938775510205 0.13511029411764705
1 0.20816326530612245 0.24540441176470587 0.03428571428571429 0.058823529411764705
1 0.7428571428571429 0.7766544117647058 0.07346938775510205 0.07352941176470588
1 0.7024489795918367 0.8975183823529411 0.09387755102040816 0.057904411764705885
2 0.669795918367347 0.22196691176470587 0.0236734693877551 0.024816176470588234
2 0.6640816326530612 0.22748161764705882 0.0236734693877551 0.024816176470588234
2 0.6477551020408163 0.22886029411764705 0.026938775510204082 0.022058823529411766
1 0.6959183673469388 0.2339154411764706 0.010612244897959184 0.015625
1 0.703265306122449 0.24402573529411764 0.010612244897959184 0.017463235294117647
2 0.6506122448979592 0.25505514705882354 0.04244897959183674 0.03768382352941176
0 0.5457142857142857 0.27297794117647056 0.11673469387755102 0.09191176470588236
1 0.6375510204081632 0.32766544117647056 0.037551020408163265 0.04503676470588235
1 0.6265306122448979 0.2803308823529412 0.02040816326530612 0.034926470588235295
1 0.643265306122449 0.2858455882352941 0.027755102040816326 0.04044117647058824
1 0.6551020408163265 0.36994485294117646 0.044897959183673466 0.05238970588235294
1 0.6942857142857143 0.3772977941176471 0.04163265306122449 0.05238970588235294
1 0.7110204081632653 0.41911764705882354 0.04897959183673469 0.04779411764705882
1 0.703265306122449 0.43795955882352944 0.04653061224489796 0.05422794117647059
1 0.6710204081632654 0.2899816176470588 0.019591836734693877 0.024816176470588234
3 0.6861224489795918 0.2927389705882353 0.018775510204081632 0.03216911764705882
1 0.27714285714285714 0.14935661764705882 0.010612244897959184 0.019301470588235295
1 0.29061224489795917 0.15165441176470587 0.013061224489795919 0.014705882352941176
1 0.30979591836734693 0.15211397058823528 0.012244897959183673 0.017463235294117647
1 0.28530612244897957 0.16636029411764705 0.015510204081632653 0.014705882352941176
2 0.2559183673469388 0.1484375 0.018775510204081632 0.019301470588235295
1 0.22775510204081634 0.16176470588235295 0.011428571428571429 0.01838235294117647
1 0.2518367346938776 0.16727941176470587 0.013877551020408163 0.01838235294117647
1 0.21755102040816326 0.16727941176470587 0.012244897959183673 0.01838235294117647
1 0.22163265306122448 0.18841911764705882 0.017142857142857144 0.027573529411764705
1 0.1946938775510204 0.19301470588235295 0.012244897959183673 0.02022058823529412
2 0.28775510204081634 0.18520220588235295 0.04163265306122449 0.030330882352941176
2 0.3187755102040816 0.17049632352941177 0.03836734693877551 0.030330882352941176
1 0.4089795918367347 0.18979779411764705 0.02122448979591837 0.03768382352941176
2 0.793469387755102 0.6401654411764706 0.10285714285714286 0.1645220588235294
1 0.769795918367347 0.5238970588235294 0.05551020408163265 0.05698529411764706
1 0.8212244897959183 0.5716911764705882 0.04244897959183674 0.05514705882352941
1 0.856326530612245 0.5818014705882353 0.027755102040816326 0.04595588235294118
1 0.8702040816326531 0.6125919117647058 0.029387755102040815 0.043198529411764705
2 0.8791836734693877 0.7072610294117647 0.05061224489795919 0.10386029411764706
2 0.8718367346938776 0.7945772058823529 0.045714285714285714 0.09283088235294118
2 0.4942857142857143 0.2945772058823529 0.11673469387755102 0.08547794117647059
1 0.5910204081632653 0.22564338235294118 0.027755102040816326 0.030330882352941176
1 0.6265306122448979 0.23023897058823528 0.015510204081632653 0.021139705882352942
