1 0.14779116465863454 0.35110294117647056 0.01927710843373494 0.01838235294117647
1 0.1429718875502008 0.36075367647058826 0.024096385542168676 0.019301470588235295
1 0.13333333333333333 0.3805147058823529 0.02570281124497992 0.01838235294117647
1 0.13012048192771083 0.39568014705882354 0.027309236947791166 0.021139705882352942
1 0.12369477911646587 0.40579044117647056 0.02570281124497992 0.019301470588235295
1 0.1180722891566265 0.4255514705882353 0.02570281124497992 0.022058823529411766
1 0.10923694779116466 0.4485294117647059 0.02891566265060241 0.02389705882352941
1 0.10120481927710843 0.47472426470588236 0.02891566265060241 0.02849264705882353
1 0.09477911646586346 0.5032169117647058 0.02891566265060241 0.030330882352941176
1 0.08473895582329317 0.7274816176470589 0.024899598393574297 0.03400735294117647
1 0.09036144578313253 0.75 0.028112449799196786 0.027573529411764705
1 0.10321285140562249 0.8138786764705882 0.02650602409638554 0.02297794117647059
1 0.16586345381526105 0.2697610294117647 0.021686746987951807 0.02297794117647059
1 0.1895582329317269 0.2853860294117647 0.0321285140562249 0.035845588235294115
1 0.8184738955823293 0.25045955882352944 0.02570281124497992 0.02849264705882353
1 0.7883534136546185 0.23759191176470587 0.03132530120481928 0.035845588235294115
1 0.8052208835341366 0.24908088235294118 0.024899598393574297 0.03860294117647059
1 0.8192771084337349 0.2945772058823529 0.036947791164658635 0.04871323529411765
1 0.844578313253012 0.33318014705882354 0.028112449799196786 0.04503676470588235
1 0.8779116465863454 0.3322610294117647 0.01927710843373494 0.021139705882352942
2 0.9385542168674699 0.41452205882352944 0.02650602409638554 0.05330882352941176
2 0.7160642570281125 0.9204963235294118 0.11325301204819277 0.15900735294117646
2 0.42771084337349397 0.08823529411764706 0.018473895582329317 0.012867647058823529
0 0.378714859437751 0.10753676470588236 0.061847389558232935 0.058823529411764705
1 0.21164658634538153 0.24908088235294118 0.024899598393574297 0.02389705882352941
1 0.7650602409638554 0.21369485294117646 0.03293172690763052 0.03216911764705882
2 0.6160642570281124 0.1052389705882353 0.040160642570281124 0.02665441176470588
2 0.9224899598393574 0.4632352941176471 0.0393574297188755 0.07352941176470588
2 0.5706827309236948 0.08318014705882353 0.023293172690763052 0.015625
1 0.8867469879518072 0.35431985294117646 0.02570281124497992 0.030330882352941176
1 0.9080321285140562 0.38235294117647056 0.021686746987951807 0.029411764705882353
3 0.9485943775100402 0.6443014705882353 0.02570281124497992 0.029411764705882353
