2 0.5290322580645161 0.109375 0.027649769585253458 0.03125
3 0.42672811059907834 0.8189338235294118 0.022119815668202765 0.058823529411764705
2 0.5746543778801844 0.10248161764705882 0.02488479262672811 0.024816176470588234
1 0.5654377880184331 0.11580882352941177 0.010138248847926268 0.029411764705882353
1 0.5552995391705069 0.11810661764705882 0.013824884792626729 0.030330882352941176
1 0.17603686635944701 0.2693014705882353 0.023963133640552997 0.014705882352941176
1 0.06359447004608294 0.5183823529411765 0.03317972350230415 0.012867647058823529
1 0.44930875576036866 0.44715073529411764 0.07649769585253456 0.046875
2 0.5018433179723503 0.27389705882352944 0.16497695852534563 0.07536764705882353
2 0.17096774193548386 0.30422794117647056 0.054377880184331796 0.058823529411764705
3 0.44193548387096776 0.12224264705882353 0.011981566820276499 0.03125
3 0.4304147465437788 0.12454044117647059 0.011059907834101382 0.02849264705882353
1 0.8525345622119815 0.5693933823529411 0.060829493087557605 0.05238970588235294
1 0.7755760368663595 0.6153492647058824 0.06543778801843318 0.06341911764705882
1 0.7682027649769585 0.21277573529411764 0.034101382488479264 0.02849264705882353
1 0.9152073732718894 0.4977022058823529 0.0423963133640553 0.021139705882352942
3 0.9230414746543779 0.6208639705882353 0.054377880184331796 0.021139705882352942
