3 0.9361788617886179 0.6364889705882353 0.03983739837398374 0.05974264705882353
3 0.9308943089430894 0.6700367647058824 0.03902439024390244 0.051470588235294115
0 0.15691056910569107 0.29549632352941174 0.07642276422764227 0.08363970588235294
2 0.6865853658536586 0.19715073529411764 0.06585365853658537 0.03768382352941176
2 0.7491869918699187 0.22288602941176472 0.06910569105691057 0.035845588235294115
1 0.7475609756097561 0.20174632352941177 0.028455284552845527 0.02849264705882353
1 0.6491869918699187 0.17371323529411764 0.023577235772357725 0.03125
0 0.8715447154471545 0.2587316176470588 0.027642276422764227 0.03768382352941176
1 0.45365853658536587 0.17371323529411764 0.022764227642276424 0.03125
1 0.4711382113821138 0.18198529411764705 0.03170731707317073 0.03308823529411765
1 0.3048780487804878 0.2192095588235294 0.024390243902439025 0.035845588235294115
3 0.3459349593495935 0.19347426470588236 0.01056910569105691 0.021139705882352942
3 0.43861788617886177 0.16957720588235295 0.012195121951219513 0.019301470588235295
3 0.2630081300813008 0.2270220588235294 0.015447154471544716 0.025735294117647058
3 0.2886178861788618 0.21461397058823528 0.016260162601626018 0.02665441176470588
1 0.6833333333333333 0.296875 0.06585365853658537 0.06985294117647059
2 0.3747967479674797 0.9641544117647058 0.13495934959349593 0.06985294117647059
2 0.07845528455284553 0.4724264705882353 0.03170731707317073 0.0661764705882353
