2 0.47314814814814815 0.07123161764705882 0.07592592592592592 0.057904411764705885
1 0.7263888888888889 0.09650735294117647 0.030555555555555555 0.03125
1 0.5337962962962963 0.7977941176470589 0.041666666666666664 0.08272058823529412
1 0.5912037037037037 0.8042279411764706 0.04722222222222222 0.07169117647058823
0 0.08611111111111111 0.4655330882352941 0.15925925925925927 0.3318014705882353
2 0.21481481481481482 0.06433823529411764 0.012962962962962963 0.012867647058823529
2 0.19305555555555556 0.11580882352941177 0.025 0.027573529411764705
2 0.12361111111111112 0.15349264705882354 0.013888888888888888 0.02022058823529412
0 0.09444444444444444 0.18658088235294118 0.03518518518518519 0.04595588235294118
2 0.11666666666666667 0.18841911764705882 0.024074074074074074 0.034926470588235295
2 0.14351851851851852 0.14200367647058823 0.022222222222222223 0.02665441176470588
2 0.0699074074074074 0.25505514705882354 0.021296296296296296 0.02665441176470588
1 0.06481481481481481 0.27987132352941174 0.020370370370370372 0.021139705882352942
2 0.06898148148148148 0.6465992647058824 0.03981481481481482 0.04871323529411765
1 0.09861111111111111 0.7440257352941176 0.025 0.02297794117647059
2 0.5398148148148149 0.9540441176470589 0.06111111111111111 0.03676470588235294
