1 0.41260162601626016 0.19071691176470587 0.013821138211382113 0.02297794117647059
1 0.4008130081300813 0.18933823529411764 0.00975609756097561 0.02389705882352941
1 0.3886178861788618 0.18520220588235295 0.014634146341463415 0.02665441176470588
1 0.37601626016260165 0.17784926470588236 0.012195121951219513 0.02297794117647059
1 0.3646341463414634 0.17647058823529413 0.01056910569105691 0.022058823529411766
1 0.3569105691056911 0.1870404411764706 0.013008130081300813 0.019301470588235295
1 0.3443089430894309 0.18887867647058823 0.012195121951219513 0.017463235294117647
1 0.32967479674796746 0.1870404411764706 0.01707317073170732 0.02665441176470588
1 0.25040650406504067 0.22334558823529413 0.01951219512195122 0.04044117647058824
1 0.5459349593495935 0.23115808823529413 0.028455284552845527 0.024816176470588234
1 0.1597560975609756 0.24540441176470587 0.01869918699186992 0.04044117647058824
1 0.13455284552845528 0.26056985294117646 0.013821138211382113 0.03768382352941176
1 0.11707317073170732 0.2697610294117647 0.013008130081300813 0.03400735294117647
1 0.1 0.2821691176470588 0.013008130081300813 0.027573529411764705
1 0.08902439024390243 0.28860294117647056 0.01056910569105691 0.027573529411764705
1 0.6906504065040651 0.27389705882352944 0.01707317073170732 0.016544117647058824
2 0.43821138211382116 0.18933823529411764 0.05203252032520325 0.05514705882352941
1 0.6231707317073171 0.25505514705882354 0.01707317073170732 0.024816176470588234
2 0.7077235772357724 0.3180147058823529 0.036585365853658534 0.03308823529411765
1 0.317479674796748 0.23575367647058823 0.05121951219512195 0.04503676470588235
1 0.6434959349593496 0.25643382352941174 0.02195121951219512 0.027573529411764705
