2 0.30040650406504066 0.17693014705882354 0.036585365853658534 0.030330882352941176
2 0.3975609756097561 0.1645220588235294 0.04065040650406504 0.03308823529411765
1 0.8691056910569106 0.6158088235294118 0.03577235772357724 0.029411764705882353
1 0.8613821138211382 0.6677389705882353 0.038211382113821135 0.04136029411764706
1 0.8439024390243902 0.7003676470588235 0.04065040650406504 0.05330882352941176
4 0.13821138211382114 0.2541360294117647 0.061788617886178863 0.0818014705882353
2 0.8166666666666667 0.28308823529411764 0.015447154471544716 0.01838235294117647
2 0.7845528455284553 0.2743566176470588 0.02113821138211382 0.021139705882352942
1 0.7410569105691057 0.25275735294117646 0.013821138211382113 0.016544117647058824
1 0.7434959349593496 0.26378676470588236 0.01707317073170732 0.016544117647058824
1 0.7597560975609756 0.265625 0.01056910569105691 0.016544117647058824
1 0.7109756097560975 0.2509191176470588 0.01707317073170732 0.02389705882352941
1 0.6016260162601627 0.21599264705882354 0.02926829268292683 0.03125
1 0.45447154471544715 0.2113970588235294 0.04390243902439024 0.04779411764705882
1 0.40487804878048783 0.1948529411764706 0.026016260162601626 0.04411764705882353
1 0.3695121951219512 0.20220588235294118 0.03983739837398374 0.04963235294117647
1 0.29715447154471547 0.2339154411764706 0.06097560975609756 0.05974264705882353
1 0.20609756097560974 0.2545955882352941 0.041463414634146344 0.06066176470588235
1 0.11341463414634147 0.3212316176470588 0.03008130081300813 0.04871323529411765
1 0.7386178861788618 0.48161764705882354 0.05772357723577236 0.0625
1 0.4394308943089431 0.7068014705882353 0.07723577235772358 0.13419117647058823
2 0.6317073170731707 0.24126838235294118 0.08617886178861789 0.05974264705882353
2 0.35040650406504065 0.25827205882352944 0.16097560975609757 0.08455882352941177
2 0.5304878048780488 0.3648897058823529 0.11138211382113822 0.13970588235294118
2 0.806910569105691 0.4030330882352941 0.044715447154471545 0.06525735294117647
3 0.37317073170731707 0.17830882352941177 0.013008130081300813 0.03676470588235294
1 0.6808943089430894 0.2339154411764706 0.023577235772357725 0.03400735294117647
