1 0.1642570281124498 0.36121323529411764 0.06506024096385542 0.09191176470588236
1 0.25060240963855424 0.7931985294117647 0.09317269076305221 0.11580882352941177
3 0.3405622489959839 0.8000919117647058 0.05461847389558233 0.06341911764705882
1 0.44738955823293175 0.5367647058823529 0.0819277108433735 0.15073529411764705
2 0.25020080321285143 0.1401654411764706 0.012048192771084338 0.013786764705882353
2 0.25662650602409637 0.1479779411764706 0.018473895582329317 0.014705882352941176
2 0.2895582329317269 0.15303308823529413 0.028112449799196786 0.02297794117647059
4 0.3200803212851406 0.15992647058823528 0.04417670682730924 0.03676470588235294
1 0.3453815261044177 0.1640625 0.01606425702811245 0.024816176470588234
1 0.3610441767068273 0.16957720588235295 0.016867469879518072 0.030330882352941176
1 0.3566265060240964 0.22794117647058823 0.0321285140562249 0.04595588235294118
1 0.28714859437751006 0.29181985294117646 0.03614457831325301 0.078125
1 0.2433734939759036 0.27481617647058826 0.02570281124497992 0.06433823529411764
2 0.2710843373493976 0.22104779411764705 0.05060240963855422 0.05606617647058824
2 0.4710843373493976 0.25597426470588236 0.09558232931726908 0.078125
2 0.3682730923694779 0.14292279411764705 0.04578313253012048 0.024816176470588234
2 0.42088353413654617 0.16222426470588236 0.05140562248995984 0.030330882352941176
1 0.5429718875502008 0.20082720588235295 0.02570281124497992 0.03400735294117647
1 0.5614457831325301 0.21737132352941177 0.027309236947791166 0.030330882352941176
2 0.7947791164658634 0.45358455882352944 0.05220883534136546 0.0744485294117647
1 0.8337349397590361 0.8501838235294118 0.046586345381526104 0.04963235294117647
1 0.6947791164658634 0.8993566176470589 0.08353413654618475 0.057904411764705885
1 0.8654618473895582 0.6580882352941176 0.04096385542168675 0.04595588235294118
2 0.6967871485943775 0.23345588235294118 0.016867469879518072 0.01838235294117647
2 0.6759036144578313 0.22104779411764705 0.018473895582329317 0.02297794117647059
2 0.6449799196787148 0.22564338235294118 0.02570281124497992 0.02849264705882353
1 0.6200803212851406 0.3014705882352941 0.040160642570281124 0.04595588235294118
1 0.5983935742971888 0.20955882352941177 0.01606425702811245 0.02389705882352941
1 0.6176706827309237 0.21185661764705882 0.01285140562248996 0.021139705882352942
1 0.6168674698795181 0.23115808823529413 0.017670682730923693 0.021139705882352942
1 0.6076305220883534 0.22840073529411764 0.015261044176706828 0.02297794117647059
1 0.6333333333333333 0.23529411764705882 0.016867469879518072 0.02022058823529412
1 0.6815261044176707 0.2509191176470588 0.020080321285140562 0.025735294117647058
3 0.6626506024096386 0.2780330882352941 0.014457831325301205 0.02849264705882353
3 0.6726907630522089 0.28125 0.010441767068273093 0.02389705882352941
3 0.7036144578313253 0.3079044117647059 0.017670682730923693 0.029411764705882353
3 0.736144578313253 0.3561580882352941 0.016867469879518072 0.02665441176470588
3 0.7546184738955823 0.3805147058823529 0.018473895582329317 0.03125
2 0.44899598393574297 0.9283088235294118 0.20883534136546184 0.14154411764705882
2 0.8730923694779117 0.7784926470588235 0.043373493975903614 0.09191176470588236
2 0.2678714859437751 0.16590073529411764 0.021686746987951807 0.024816176470588234
2 0.25542168674698795 0.16314338235294118 0.020883534136546186 0.021139705882352942
1 0.2397590361445783 0.16544117647058823 0.012048192771084338 0.01838235294117647
1 0.20080321285140562 0.17738970588235295 0.011244979919678716 0.02022058823529412
1 0.21124497991967872 0.19852941176470587 0.014457831325301205 0.02389705882352941
1 0.2248995983935743 0.2104779411764706 0.017670682730923693 0.029411764705882353
1 0.20562248995983937 0.23115808823529413 0.014457831325301205 0.02665441176470588
2 0.2923694779116466 0.17509191176470587 0.035341365461847386 0.035845588235294115
1 0.28393574297188756 0.18520220588235295 0.018473895582329317 0.024816176470588234
1 0.26947791164658635 0.18290441176470587 0.015261044176706828 0.027573529411764705
2 0.21887550200803213 0.16636029411764705 0.015261044176706828 0.01838235294117647
