1 0.14779116465863454 0.35110294117647056 0.01927710843373494 0.01838235294117647
1 0.1429718875502008 0.36075367647058826 0.024096385542168676 0.019301470588235295
1 0.13333333333333333 0.3805147058823529 0.02570281124497992 0.01838235294117647
1 0.13012048192771083 0.39568014705882354 0.027309236947791166 0.021139705882352942
1 0.12369477911646587 0.40579044117647056 0.02570281124497992 0.019301470588235295
1 0.1180722891566265 0.4255514705882353 0.02570281124497992 0.022058823529411766
1 0.10963855421686747 0.4485294117647059 0.02971887550200803 0.02389705882352941
1 0.10120481927710843 0.47472426470588236 0.02891566265060241 0.02849264705882353
1 0.09477911646586346 0.5032169117647058 0.02891566265060241 0.030330882352941176
1 0.08473895582329317 0.7274816176470589 0.024899598393574297 0.03400735294117647
1 0.09036144578313253 0.75 0.028112449799196786 0.027573529411764705
1 0.10321285140562249 0.8138786764705882 0.02650602409638554 0.02297794117647059
1 0.16586345381526105 0.2693014705882353 0.021686746987951807 0.02389705882352941
1 0.19116465863453816 0.28079044117647056 0.033734939759036145 0.04136029411764706
1 0.8192771084337349 0.25137867647058826 0.020883534136546186 0.02849264705882353
1 0.7867469879518072 0.23667279411764705 0.03132530120481928 0.035845588235294115
1 0.802008032128514 0.2509191176470588 0.024899598393574297 0.03860294117647059
1 0.8192771084337349 0.2936580882352941 0.036947791164658635 0.04871323529411765
1 0.8453815261044176 0.3322610294117647 0.028112449799196786 0.04503676470588235
1 0.8791164658634538 0.32950367647058826 0.020080321285140562 0.019301470588235295
2 0.940562248995984 0.4172794117647059 0.02570281124497992 0.058823529411764705
2 0.3506024096385542 0.1135110294117647 0.021686746987951807 0.017463235294117647
2 0.7040160642570281 0.9131433823529411 0.11325301204819277 0.16084558823529413
0 0.40843373493975904 0.08134191176470588 0.023293172690763052 0.02297794117647059
1 0.3931726907630522 0.11075367647058823 0.013654618473895583 0.02849264705882353
2 0.3164658634538153 0.17738970588235295 0.06104417670682731 0.058823529411764705
1 0.7614457831325301 0.21369485294117646 0.02570281124497992 0.02665441176470588
2 0.6160642570281124 0.1052389705882353 0.040160642570281124 0.02665441176470588
2 0.5807228915662651 0.11075367647058823 0.043373493975903614 0.024816176470588234
2 0.4791164658634538 0.13143382352941177 0.060240963855421686 0.042279411764705885
2 0.5634538152610442 0.09099264705882353 0.023293172690763052 0.016544117647058824
2 0.5706827309236948 0.08318014705882353 0.023293172690763052 0.015625
2 0.2465863453815261 0.5372242647058824 0.11726907630522089 0.328125
1 0.19678714859437751 0.2541360294117647 0.02248995983935743 0.024816176470588234
1 0.8867469879518072 0.35431985294117646 0.027309236947791166 0.030330882352941176
1 0.9096385542168675 0.38143382352941174 0.021686746987951807 0.027573529411764705
