2 0.7169354838709677 0.4053308823529412 0.08225806451612903 0.09375
1 0.17096774193548386 0.6847426470588235 0.07903225806451612 0.0661764705882353
1 0.7205645161290323 0.3694852941176471 0.025 0.025735294117647058
1 0.39153225806451614 0.9090073529411765 0.08306451612903226 0.12683823529411764
1 0.527016129032258 0.24448529411764705 0.03951612903225806 0.05330882352941176
2 0.25201612903225806 0.1640625 0.02661290322580645 0.021139705882352942
2 0.2814516129032258 0.17876838235294118 0.037096774193548385 0.03216911764705882
2 0.8935483870967742 0.7242647058823529 0.03064516129032258 0.06801470588235294
1 0.30443548387096775 0.1875 0.021774193548387097 0.027573529411764705
1 0.3379032258064516 0.19301470588235295 0.02258064516129032 0.03125
2 0.635483870967742 0.22058823529411764 0.025806451612903226 0.025735294117647058
2 0.6580645161290323 0.22104779411764705 0.027419354838709678 0.03216911764705882
1 0.5846774193548387 0.20818014705882354 0.014516129032258065 0.019301470588235295
1 0.6258064516129033 0.23207720588235295 0.014516129032258065 0.019301470588235295
1 0.6407258064516129 0.234375 0.013709677419354839 0.016544117647058824
