2 0.8041666666666667 0.12729779411764705 0.04479166666666667 0.07996323529411764
1 0.1109375 0.8920036764705882 0.03854166666666667 0.10753676470588236
1 0.025520833333333333 0.8409926470588235 0.026041666666666668 0.07536764705882353
1 0.049479166666666664 0.8465073529411765 0.03125 0.0974264705882353
2 0.0765625 0.2679227941176471 0.03125 0.06709558823529412
3 0.5015625 0.6089154411764706 0.053125 0.10018382352941177
3 0.5174479166666667 0.6994485294117647 0.07135416666666666 0.09926470588235294
3 0.21302083333333333 0.1015625 0.013541666666666667 0.03400735294117647
1 0.8265625 0.16819852941176472 0.014583333333333334 0.027573529411764705
1 0.8736979166666666 0.4600183823529412 0.0390625 0.07996323529411764
0 0.159375 0.3313419117647059 0.2916666666666667 0.4420955882352941
1 0.8713541666666667 0.2270220588235294 0.011458333333333333 0.02022058823529412
