2 0.9885416666666667 0.46119791666666665 0.017708333333333333 0.030729166666666665
2 0.9846354166666667 0.4864583333333333 0.018229166666666668 0.019791666666666666
2 0.97578125 0.47317708333333336 0.0171875 0.030729166666666665
2 0.8872395833333333 0.22864583333333333 0.022395833333333334 0.01875
3 0.0328125 0.32838541666666665 0.016666666666666666 0.0078125
1 0.7997395833333333 0.06510416666666667 0.0078125 0.0125
2 0.049479166666666664 0.23645833333333333 0.016666666666666666 0.01875
1 0.31979166666666664 0.14583333333333334 0.041666666666666664 0.05
1 0.023177083333333334 0.30416666666666664 0.0140625 0.008333333333333333
3 0.019791666666666666 0.32057291666666665 0.014583333333333334 0.0078125
4 0.609375 0.01953125 0.05625 0.03802083333333333
1 0.52109375 0.011458333333333333 0.013020833333333334 0.021875
