2 0.4736111111111111 0.07123161764705882 0.07685185185185185 0.057904411764705885
2 0.019444444444444445 0.5969669117647058 0.02962962962962963 0.03768382352941176
2 0.8462962962962963 0.15119485294117646 0.03148148148148148 0.030330882352941176
4 0.825925925925926 0.1401654411764706 0.03888888888888889 0.04136029411764706
2 0.788425925925926 0.13832720588235295 0.04537037037037037 0.03952205882352941
2 0.7435185185185185 0.10340073529411764 0.05740740740740741 0.02849264705882353
2 0.6671296296296296 0.09926470588235294 0.08425925925925926 0.04411764705882353
2 0.7421296296296296 0.13097426470588236 0.07314814814814814 0.050551470588235295
1 0.5157407407407407 0.08042279411764706 0.03148148148148148 0.03952205882352941
1 0.5231481481481481 0.09696691176470588 0.03888888888888889 0.04136029411764706
1 0.3375 0.17279411764705882 0.05092592592592592 0.0661764705882353
1 0.5328703703703703 0.8000919117647058 0.03981481481481482 0.08363970588235294
1 0.5893518518518519 0.8051470588235294 0.03981481481481482 0.0625
0 0.09675925925925925 0.18658088235294118 0.03981481481481482 0.04595588235294118
2 0.059722222222222225 0.26516544117647056 0.021296296296296296 0.02849264705882353
2 0.07175925925925926 0.25643382352941174 0.021296296296296296 0.025735294117647058
1 0.0625 0.2844669117647059 0.023148148148148147 0.017463235294117647
1 0.05787037037037037 0.29503676470588236 0.021296296296296296 0.02022058823529412
1 0.07407407407407407 0.7003676470588235 0.025925925925925925 0.01838235294117647
1 0.08194444444444444 0.7159926470588235 0.028703703703703703 0.022058823529411766
1 0.08935185185185185 0.7279411764705882 0.026851851851851852 0.01838235294117647
1 0.10277777777777777 0.7495404411764706 0.02962962962962963 0.024816176470588234
2 0.05462962962962963 0.6787683823529411 0.03518518518518519 0.03216911764705882
2 0.05416666666666667 0.7068014705882353 0.025 0.029411764705882353
2 0.0824074074074074 0.7348345588235294 0.025925925925925925 0.02849264705882353
2 0.0712962962962963 0.7394301470588235 0.022222222222222223 0.030330882352941176
2 0.5402777777777777 0.9517463235294118 0.062037037037037036 0.03768382352941176
