4 0.13317972350230414 0.31295955882352944 0.047004608294930875 0.05238970588235294
2 0.5188940092165899 0.09099264705882353 0.03133640552995392 0.02022058823529412
2 0.48202764976958523 0.13648897058823528 0.055299539170506916 0.03952205882352941
2 0.5861751152073733 0.11397058823529412 0.027649769585253458 0.029411764705882353
2 0.6267281105990783 0.14476102941176472 0.05161290322580645 0.046875
2 0.8884792626728111 0.3102022058823529 0.04423963133640553 0.03216911764705882
1 0.8202764976958525 0.22977941176470587 0.025806451612903226 0.01838235294117647
1 0.8350230414746543 0.23851102941176472 0.025806451612903226 0.017463235294117647
1 0.8414746543778802 0.25045955882352944 0.027649769585253458 0.021139705882352942
1 0.852073732718894 0.2619485294117647 0.034101382488479264 0.02389705882352941
1 0.8539170506912442 0.27068014705882354 0.03225806451612903 0.02849264705882353
4 0.9691244239631336 0.35753676470588236 0.04331797235023042 0.04595588235294118
2 0.9262672811059908 0.34558823529411764 0.035023041474654376 0.03308823529411765
2 0.7907834101382488 0.2936580882352941 0.08663594470046083 0.08547794117647059
3 0.2465437788018433 0.19301470588235295 0.017511520737327188 0.01838235294117647
3 0.26359447004608294 0.5882352941176471 0.055299539170506916 0.027573529411764705
3 0.4009216589861751 0.75 0.04423963133640553 0.07169117647058823
3 0.43410138248847924 0.7895220588235294 0.016589861751152075 0.05514705882352941
3 0.2967741935483871 0.34512867647058826 0.03870967741935484 0.05606617647058824
0 0.10414746543778802 0.4260110294117647 0.14930875576036867 0.11488970588235294
2 0.18663594470046083 0.3524816176470588 0.0728110599078341 0.05974264705882353
2 0.0576036866359447 0.4898897058823529 0.030414746543778803 0.016544117647058824
1 0.09032258064516129 0.5032169117647058 0.03317972350230415 0.015625
1 0.08663594470046083 0.5229779411764706 0.029493087557603687 0.011029411764705883
1 0.10368663594470046 0.5349264705882353 0.041474654377880185 0.016544117647058824
1 0.07557603686635944 0.5367647058823529 0.022119815668202765 0.014705882352941176
1 0.07419354838709677 0.5473345588235294 0.030414746543778803 0.011948529411764705
1 0.060829493087557605 0.5188419117647058 0.018433179723502304 0.011948529411764705
1 0.41751152073732717 0.31985294117647056 0.04423963133640553 0.07536764705882353
1 0.5847926267281106 0.43795955882352944 0.041474654377880185 0.08915441176470588
2 0.895852534562212 0.2959558823529412 0.04055299539170507 0.02389705882352941
