2 0.8044270833333333 0.12683823529411764 0.0453125 0.08088235294117647
1 0.11145833333333334 0.8924632352941176 0.03854166666666667 0.10661764705882353
1 0.026041666666666668 0.8409926470588235 0.026041666666666668 0.07536764705882353
1 0.05 0.8469669117647058 0.030208333333333334 0.09650735294117647
2 0.0765625 0.26838235294117646 0.03125 0.06801470588235294
3 0.5122395833333333 0.7959558823529411 0.0640625 0.10110294117647059
1 0.8265625 0.16773897058823528 0.014583333333333334 0.02665441176470588
1 0.8317708333333333 0.18336397058823528 0.016666666666666666 0.03216911764705882
1 0.12161458333333333 0.26746323529411764 0.0265625 0.04963235294117647
1 0.90703125 0.2881433823529412 0.0109375 0.021139705882352942
1 0.9265625 0.32766544117647056 0.008333333333333333 0.021139705882352942
2 0.33697916666666666 0.30514705882352944 0.20104166666666667 0.21875
2 0.7942708333333334 0.18658088235294118 0.051041666666666666 0.08088235294117647
2 0.784375 0.24310661764705882 0.08020833333333334 0.12040441176470588
2 0.89765625 0.32306985294117646 0.024479166666666666 0.05974264705882353
2 0.9169270833333333 0.31525735294117646 0.0140625 0.03676470588235294
2 0.07421875 0.32674632352941174 0.0328125 0.07261029411764706
2 0.04140625 0.4563419117647059 0.028645833333333332 0.08547794117647059
4 0.8861979166666667 0.27068014705882354 0.030729166666666665 0.05606617647058824
3 0.33203125 0.05330882352941176 0.0171875 0.06066176470588235
