2 0.9885416666666667 0.459375 0.01875 0.03125
2 0.9859375 0.48541666666666666 0.015625 0.020833333333333332
2 0.97578125 0.47239583333333335 0.0171875 0.027083333333333334
2 0.8880208333333334 0.228125 0.020833333333333332 0.01875
0 0.9880208333333333 0.5815104166666667 0.023958333333333335 0.03802083333333333
1 0.809375 0.09583333333333334 0.010416666666666666 0.013541666666666667
2 0.7859375 0.13645833333333332 0.04583333333333333 0.040625
2 0.02109375 0.31875 0.0171875 0.016666666666666666
1 0.0890625 0.24088541666666666 0.020833333333333332 0.015104166666666667
4 0.8171875 0.07421875 0.023958333333333335 0.0265625
