2 0.2983739837398374 0.1801470588235294 0.04065040650406504 0.03676470588235294
2 0.3959349593495935 0.1645220588235294 0.04878048780487805 0.042279411764705885
2 0.7955284552845528 0.5 0.09349593495934959 0.10845588235294118
1 0.8695121951219512 0.6236213235294118 0.038211382113821135 0.05238970588235294
1 0.34308943089430893 0.1875 0.01951219512195122 0.04044117647058824
1 0.21016260162601627 0.22012867647058823 0.015447154471544716 0.03400735294117647
2 0.4524390243902439 0.2421875 0.14552845528455285 0.0744485294117647
3 0.5109756097560976 0.1875 0.023577235772357725 0.034926470588235295
1 0.8585365853658536 0.6778492647058824 0.04715447154471545 0.046875
1 0.832520325203252 0.6989889705882353 0.055284552845528454 0.050551470588235295
1 0.8130081300813008 0.37683823529411764 0.022764227642276424 0.03308823529411765
2 0.8126016260162602 0.28308823529411764 0.01869918699186992 0.02022058823529412
2 0.7857723577235772 0.27987132352941174 0.03008130081300813 0.02849264705882353
4 0.13577235772357724 0.2568933823529412 0.06991869918699187 0.08915441176470588
1 0.43373983739837396 0.7573529411764706 0.14552845528455285 0.09558823529411764
