1 0.35524193548387095 0.2991727941176471 0.036290322580645164 0.0818014705882353
1 0.542741935483871 0.41130514705882354 0.05806451612903226 0.1056985294117647
1 0.6048387096774194 0.43152573529411764 0.06290322580645161 0.09650735294117647
1 0.6403225806451613 0.5831801470588235 0.06935483870967742 0.109375
1 0.6036290322580645 0.6833639705882353 0.09435483870967742 0.1332720588235294
1 0.709274193548387 0.7936580882352942 0.0814516129032258 0.07996323529411764
2 0.42258064516129035 0.1948529411764706 0.08548387096774193 0.04779411764705882
2 0.4399193548387097 0.9260110294117647 0.24596774193548387 0.1479779411764706
2 0.575 0.23207720588235295 0.054838709677419356 0.03952205882352941
1 0.6596774193548387 0.28308823529411764 0.024193548387096774 0.029411764705882353
1 0.6338709677419355 0.32077205882352944 0.03225806451612903 0.04411764705882353
3 0.7568548387096774 0.9117647058823529 0.07338709677419354 0.04044117647058824
3 0.6951612903225807 0.4333639705882353 0.03870967741935484 0.05974264705882353
3 0.6991935483870968 0.45128676470588236 0.041935483870967745 0.0661764705882353
1 0.8161290322580645 0.5317095588235294 0.035483870967741936 0.035845588235294115
1 0.802016129032258 0.5321691176470589 0.036290322580645164 0.04963235294117647
1 0.7991935483870968 0.5974264705882353 0.037096774193548385 0.04595588235294118
1 0.7963709677419355 0.6438419117647058 0.05403225806451613 0.0744485294117647
1 0.8290322580645161 0.5873161764705882 0.03870967741935484 0.042279411764705885
1 0.8459677419354839 0.6383272058823529 0.054838709677419356 0.06158088235294118
2 0.8709677419354839 0.7936580882352942 0.041935483870967745 0.08915441176470588
3 0.7754032258064516 0.4163602941176471 0.029838709677419355 0.042279411764705885
1 0.7314516129032258 0.38235294117647056 0.020967741935483872 0.025735294117647058
1 0.744758064516129 0.3975183823529412 0.025 0.03216911764705882
1 0.7540322580645161 0.4099264705882353 0.027419354838709678 0.034926470588235295
2 0.6524193548387097 0.22931985294117646 0.027419354838709678 0.02297794117647059
2 0.6487903225806452 0.2601102941176471 0.036290322580645164 0.03676470588235294
