2 0.98828125 0.46041666666666664 0.018229166666666668 0.03125
2 0.9869791666666666 0.48515625 0.014583333333333334 0.019270833333333334
2 0.9768229166666667 0.47265625 0.018229166666666668 0.028645833333333332
2 0.8880208333333334 0.228125 0.020833333333333332 0.01875
3 0.22604166666666667 0.12916666666666668 0.019791666666666666 0.023958333333333335
0 0.9450520833333333 0.6236979166666666 0.05364583333333333 0.05260416666666667
1 0.1078125 0.3059895833333333 0.035416666666666666 0.024479166666666666
1 0.07057291666666667 0.31875 0.028645833333333332 0.017708333333333333
1 0.14375 0.21796875 0.029166666666666667 0.022395833333333334
1 0.10104166666666667 0.2359375 0.022916666666666665 0.016666666666666666
1 0.07890625 0.2453125 0.019270833333333334 0.014583333333333334
4 0.8158854166666667 0.07473958333333333 0.022395833333333334 0.024479166666666666
2 0.96328125 0.48671875 0.0265625 0.03697916666666667
3 0.06953125 0.34817708333333336 0.0296875 0.015104166666666667
1 0.5958333333333333 0.14166666666666666 0.03958333333333333 0.04583333333333333
1 0.5059895833333333 0.12265625 0.0453125 0.04635416666666667
1 0.45625 0.1578125 0.06041666666666667 0.06354166666666666
1 0.45807291666666666 0.33645833333333336 0.07135416666666666 0.05520833333333333
1 0.5466145833333333 0.04479166666666667 0.016145833333333335 0.03333333333333333
1 0.5244791666666667 0.04114583333333333 0.015625 0.035416666666666666
1 0.575 0.013802083333333333 0.014583333333333334 0.025520833333333333
2 0.6010416666666667 0.026041666666666668 0.03125 0.026041666666666668
2 0.26588541666666665 0.17552083333333332 0.10260416666666666 0.06354166666666666
2 0.4010416666666667 0.03723958333333333 0.06354166666666666 0.0515625
