1 0.14775510204081632 0.36213235294117646 0.05714285714285714 0.09375
2 0.35877551020408166 0.14430147058823528 0.04326530612244898 0.022058823529411766
2 0.7910204081632654 0.45358455882352944 0.05714285714285714 0.07996323529411764
3 0.7261224489795919 0.3708639705882353 0.025306122448979593 0.035845588235294115
3 0.7342857142857143 0.3874080882352941 0.02857142857142857 0.04136029411764706
3 0.7510204081632653 0.40027573529411764 0.027755102040816326 0.04136029411764706
3 0.3110204081632653 0.7624080882352942 0.06693877551020408 0.07996323529411764
1 0.23959183673469386 0.7931985294117647 0.09714285714285714 0.125
2 0.40938775510204084 0.16268382352941177 0.053061224489795916 0.025735294117647058
1 0.31387755102040815 0.1557904411764706 0.015510204081632653 0.019301470588235295
1 0.3248979591836735 0.21369485294117646 0.031020408163265307 0.04136029411764706
2 0.20244897959183675 0.16544117647058823 0.0163265306122449 0.01838235294117647
0 0.2779591836734694 0.17095588235294118 0.04 0.03125
1 0.31795918367346937 0.37775735294117646 0.044897959183673466 0.10477941176470588
1 0.7016326530612245 0.8943014705882353 0.09061224489795919 0.05698529411764706
1 0.576734693877551 0.20450367647058823 0.015510204081632653 0.021139705882352942
1 0.6024489795918367 0.21507352941176472 0.014693877551020407 0.016544117647058824
1 0.5889795918367347 0.21553308823529413 0.012244897959183673 0.017463235294117647
2 0.6187755102040816 0.22242647058823528 0.026122448979591838 0.01838235294117647
2 0.6416326530612245 0.22012867647058823 0.026122448979591838 0.019301470588235295
1 0.6146938775510205 0.23345588235294118 0.017959183673469388 0.022058823529411766
0 0.906530612244898 0.7058823529411765 0.03510204081632653 0.07169117647058823
1 0.8351020408163266 0.5243566176470589 0.022857142857142857 0.04503676470588235
1 0.8440816326530612 0.5409007352941176 0.024489795918367346 0.04136029411764706
1 0.8579591836734693 0.5670955882352942 0.022857142857142857 0.034926470588235295
1 0.8644897959183674 0.5799632352941176 0.022857142857142857 0.03860294117647059
1 0.873061224489796 0.6121323529411765 0.02857142857142857 0.04595588235294118
2 0.833469387755102 0.6534926470588235 0.09142857142857143 0.1488970588235294
1 0.6946938775510204 0.3327205882352941 0.024489795918367346 0.03676470588235294
1 0.7559183673469387 0.48575367647058826 0.052244897959183675 0.05606617647058824
1 0.8938775510204081 0.7509191176470589 0.029387755102040815 0.03125
1 0.29061224489795917 0.18979779411764705 0.02122448979591837 0.030330882352941176
1 0.3106122448979592 0.1796875 0.022040816326530613 0.03216911764705882
1 0.2506122448979592 0.16773897058823528 0.017959183673469388 0.02665441176470588
1 0.23224489795918368 0.16222426470588236 0.017142857142857144 0.024816176470588234
2 0.2289795918367347 0.1567095588235294 0.02040816326530612 0.019301470588235295
2 0.23795918367346938 0.14476102941176472 0.013877551020408163 0.011948529411764705
1 0.27510204081632655 0.14705882352941177 0.011428571428571429 0.016544117647058824
1 0.26326530612244897 0.14384191176470587 0.010612244897959184 0.015625
1 0.6314285714285715 0.23299632352941177 0.015510204081632653 0.017463235294117647
1 0.6334693877551021 0.2417279411764706 0.019591836734693877 0.022058823529411766
1 0.6836734693877551 0.23299632352941177 0.012244897959183673 0.017463235294117647
1 0.6653061224489796 0.22977941176470587 0.019591836734693877 0.02389705882352941
