1 0.41526104417670684 0.19209558823529413 0.014457831325301205 0.022058823529411766
1 0.40522088353413654 0.19025735294117646 0.010441767068273093 0.02389705882352941
1 0.39397590361445783 0.18520220588235295 0.013654618473895583 0.02849264705882353
1 0.378714859437751 0.17509191176470587 0.013654618473895583 0.02297794117647059
1 0.3670682730923695 0.17509191176470587 0.011244979919678716 0.02297794117647059
1 0.3606425702811245 0.1875 0.01285140562248996 0.022058823529411766
1 0.3481927710843373 0.1879595588235294 0.012048192771084338 0.02297794117647059
1 0.3333333333333333 0.18474264705882354 0.01927710843373494 0.029411764705882353
1 0.25582329317269076 0.22288602941176472 0.021686746987951807 0.043198529411764705
1 0.16546184738955824 0.24586397058823528 0.020883534136546186 0.04136029411764706
1 0.142570281124498 0.2587316176470588 0.013654618473895583 0.03952205882352941
1 0.12248995983935743 0.26838235294117646 0.012048192771084338 0.034926470588235295
1 0.10722891566265061 0.2821691176470588 0.013654618473895583 0.027573529411764705
1 0.09598393574297188 0.2881433823529412 0.010441767068273093 0.02297794117647059
1 0.5457831325301205 0.23023897058823528 0.03293172690763052 0.02665441176470588
1 0.8032128514056225 0.3602941176470588 0.00963855421686747 0.011029411764705883
2 0.7726907630522089 0.3212316176470588 0.011244979919678716 0.015625
2 0.7349397590361446 0.3069852941176471 0.02570281124497992 0.02389705882352941
2 0.6140562248995984 0.2803308823529412 0.061847389558232935 0.042279411764705885
1 0.6285140562248996 0.42463235294117646 0.04738955823293173 0.0625
3 0.7887550200803213 0.5464154411764706 0.03855421686746988 0.050551470588235295
3 0.7931726907630522 0.42003676470588236 0.015261044176706828 0.029411764705882353
2 0.4433734939759036 0.18841911764705882 0.04819277108433735 0.05330882352941176
3 0.21485943775100402 0.8511029411764706 0.04417670682730924 0.04779411764705882
1 0.21044176706827308 0.7761948529411765 0.10763052208835341 0.05606617647058824
1 0.6907630522088354 0.27297794117647056 0.017670682730923693 0.02022058823529412
1 0.6887550200803213 0.3226102941176471 0.021686746987951807 0.03125
1 0.7281124497991968 0.35799632352941174 0.021686746987951807 0.030330882352941176
1 0.6441767068273092 0.25597426470588236 0.02248995983935743 0.02297794117647059
