1 0.036290322580645164 0.5735294117647058 0.017741935483870968 0.02022058823529412
2 0.40080645161290324 0.10753676470588236 0.035483870967741936 0.03308823529411765
2 0.4875 0.10294117647058823 0.04112903225806452 0.03860294117647059
2 0.5802419354838709 0.09926470588235294 0.03790322580645161 0.034926470588235295
2 0.6370967741935484 0.14705882352941177 0.06774193548387097 0.058823529411764705
2 0.8504032258064517 0.2959558823529412 0.04758064516129032 0.06066176470588235
2 0.6673387096774194 0.2945772058823529 0.13306451612903225 0.16268382352941177
2 0.769758064516129 0.3327205882352941 0.10564516129032259 0.13419117647058823
2 0.8927419354838709 0.5220588235294118 0.07580645161290323 0.19117647058823528
2 0.2375 0.7288602941176471 0.14919354838709678 0.3547794117647059
1 0.15725806451612903 0.8704044117647058 0.07258064516129033 0.09191176470588236
