1 0.5926267281105991 0.1208639705882353 0.012903225806451613 0.02665441176470588
2 0.5317972350230414 0.10661764705882353 0.025806451612903226 0.025735294117647058
1 0.7299539170506912 0.4053308823529412 0.06451612903225806 0.04044117647058824
1 0.9193548387096774 0.4678308823529412 0.041474654377880185 0.01838235294117647
1 0.9105990783410138 0.49080882352941174 0.04423963133640553 0.01838235294117647
1 0.8585253456221198 0.5735294117647058 0.06543778801843318 0.05698529411764706
3 0.4248847926267281 0.1254595588235294 0.012903225806451613 0.035845588235294115
3 0.37557603686635943 0.1410845588235294 0.010138248847926268 0.02849264705882353
3 0.08894009216589861 0.6746323529411765 0.047004608294930875 0.022058823529411766
2 0.33225806451612905 0.3134191176470588 0.1152073732718894 0.07536764705882353
2 0.11705069124423963 0.4007352941176471 0.047926267281105994 0.04779411764705882
1 0.15714285714285714 0.47472426470588236 0.047004608294930875 0.021139705882352942
1 0.06682027649769585 0.5045955882352942 0.03225806451612903 0.016544117647058824
1 0.1064516129032258 0.5206801470588235 0.03963133640552995 0.019301470588235295
2 0.01889400921658986 0.4885110294117647 0.017511520737327188 0.017463235294117647
2 0.019815668202764977 0.5114889705882353 0.017511520737327188 0.021139705882352942
2 0.1728110599078341 0.2858455882352941 0.054377880184331796 0.04963235294117647
