3 0.3326530612244898 0.8115808823529411 0.06448979591836734 0.08088235294117647
1 0.1510204081632653 0.359375 0.05877551020408163 0.09375
1 0.2383673469387755 0.7913602941176471 0.0963265306122449 0.11397058823529412
1 0.6959183673469388 0.3336397058823529 0.0236734693877551 0.03125
1 0.5187755102040816 0.2610294117647059 0.03510204081632653 0.04779411764705882
2 0.35918367346938773 0.14338235294117646 0.0473469387755102 0.029411764705882353
2 0.4089795918367347 0.16130514705882354 0.052244897959183675 0.030330882352941176
2 0.7910204081632654 0.453125 0.053877551020408164 0.07352941176470588
1 0.5444897959183673 0.2109375 0.024489795918367346 0.030330882352941176
1 0.586530612244898 0.2113970588235294 0.017142857142857144 0.02389705882352941
1 0.5991836734693877 0.21599264705882354 0.014693877551020407 0.022058823529411766
1 0.5873469387755103 0.2265625 0.022040816326530613 0.02849264705882353
1 0.5689795918367347 0.2261029411764706 0.019591836734693877 0.029411764705882353
1 0.6134693877551021 0.22334558823529413 0.015510204081632653 0.02389705882352941
1 0.6204081632653061 0.23345588235294118 0.019591836734693877 0.02389705882352941
1 0.6326530612244898 0.23621323529411764 0.013061224489795919 0.025735294117647058
2 0.6453061224489796 0.22794117647058823 0.022040816326530613 0.022058823529411766
2 0.6636734693877551 0.2265625 0.019591836734693877 0.02297794117647059
2 0.6710204081632654 0.22150735294117646 0.017959183673469388 0.022058823529411766
1 0.6828571428571428 0.23161764705882354 0.010612244897959184 0.014705882352941176
1 0.6759183673469388 0.23667279411764705 0.013061224489795919 0.019301470588235295
1 0.6616326530612245 0.23667279411764705 0.013877551020408163 0.021139705882352942
1 0.6457142857142857 0.23851102941176472 0.0163265306122449 0.019301470588235295
1 0.29061224489795917 0.15165441176470587 0.011428571428571429 0.016544117647058824
1 0.21183673469387754 0.17830882352941177 0.010612244897959184 0.02022058823529412
2 0.26285714285714284 0.15027573529411764 0.02122448979591837 0.015625
2 0.2416326530612245 0.14430147058823528 0.017959183673469388 0.01838235294117647
2 0.33224489795918366 0.17693014705882354 0.05551020408163265 0.03952205882352941
2 0.2253061224489796 0.15625 0.017959183673469388 0.01838235294117647
2 0.2416326530612245 0.15992647058823528 0.02122448979591837 0.02389705882352941
2 0.2542857142857143 0.16819852941176472 0.03346938775510204 0.027573529411764705
2 0.2110204081632653 0.1488970588235294 0.012244897959183673 0.016544117647058824
1 0.2689795918367347 0.17509191176470587 0.015510204081632653 0.024816176470588234
2 0.2897959183673469 0.18152573529411764 0.04081632653061224 0.03400735294117647
1 0.3395918367346939 0.2182904411764706 0.031020408163265307 0.046875
1 0.35836734693877553 0.23161764705882354 0.031020408163265307 0.04963235294117647
3 0.18244897959183673 0.33869485294117646 0.03510204081632653 0.07628676470588236
1 0.3187755102040816 0.20588235294117646 0.03346938775510204 0.04411764705882353
1 0.8706122448979592 0.6171875 0.02857142857142857 0.043198529411764705
