2 0.4740740740740741 0.07077205882352941 0.07407407407407407 0.05698529411764706
2 0.019444444444444445 0.5965073529411765 0.027777777777777776 0.03860294117647059
4 0.15787037037037038 0.1135110294117647 0.023148148148148147 0.021139705882352942
4 0.8268518518518518 0.13878676470588236 0.04259259259259259 0.03860294117647059
2 0.7921296296296296 0.13924632352941177 0.04722222222222222 0.03952205882352941
2 0.7425925925925926 0.13189338235294118 0.07407407407407407 0.050551470588235295
2 0.6675925925925926 0.09926470588235294 0.08333333333333333 0.04411764705882353
1 0.32916666666666666 0.1792279411764706 0.049074074074074076 0.058823529411764705
1 0.5189814814814815 0.08455882352941177 0.03981481481481482 0.04595588235294118
1 0.24814814814814815 0.5202205882352942 0.08703703703703704 0.07536764705882353
2 0.1527777777777778 0.12775735294117646 0.014814814814814815 0.016544117647058824
2 0.14212962962962963 0.14200367647058823 0.017592592592592594 0.019301470588235295
4 0.12824074074074074 0.16268382352941177 0.026851851851851852 0.029411764705882353
2 0.06018518518518518 0.26608455882352944 0.022222222222222223 0.030330882352941176
2 0.05648148148148148 0.6806066176470589 0.02962962962962963 0.03400735294117647
2 0.05555555555555555 0.7072610294117647 0.024074074074074074 0.024816176470588234
2 0.0824074074074074 0.7339154411764706 0.02962962962962963 0.02665441176470588
1 0.07314814814814814 0.7008272058823529 0.03148148148148148 0.021139705882352942
2 0.5402777777777777 0.9540441176470589 0.062037037037037036 0.03676470588235294
