1 0.859375 0.5280330882352942 0.03958333333333333 0.06341911764705882
1 0.10989583333333333 0.8892463235294118 0.036458333333333336 0.109375
1 0.04869791666666667 0.8483455882352942 0.030729166666666665 0.0974264705882353
2 0.078125 0.2665441176470588 0.036458333333333336 0.07169117647058823
2 0.8036458333333333 0.12637867647058823 0.04583333333333333 0.07261029411764706
1 0.66171875 0.04871323529411765 0.028645833333333332 0.05698529411764706
1 0.07760416666666667 0.7715992647058824 0.051041666666666666 0.06525735294117647
1 0.023697916666666666 0.5896139705882353 0.0234375 0.03952205882352941
1 0.020052083333333335 0.6493566176470589 0.025520833333333333 0.043198529411764705
1 0.018229166666666668 0.6902573529411765 0.025 0.04044117647058824
1 0.0125 0.7362132352941176 0.022916666666666665 0.03676470588235294
1 0.009895833333333333 0.6364889705882353 0.01875 0.03952205882352941
2 0.011458333333333333 0.5693933823529411 0.021875 0.06893382352941177
1 0.8075520833333333 0.14430147058823528 0.018229166666666668 0.029411764705882353
1 0.6809895833333334 0.07123161764705882 0.0296875 0.05238970588235294
3 0.3515625 0.04549632352941176 0.021875 0.057904411764705885
