2 0.8044270833333333 0.12591911764705882 0.04635416666666667 0.08088235294117647
1 0.11119791666666666 0.8920036764705882 0.03802083333333333 0.1056985294117647
1 0.02578125 0.8405330882352942 0.025520833333333333 0.0744485294117647
1 0.05026041666666667 0.8469669117647058 0.028645833333333332 0.09466911764705882
2 0.0765625 0.26838235294117646 0.03125 0.06801470588235294
1 0.8265625 0.16773897058823528 0.014583333333333334 0.02665441176470588
1 0.06458333333333334 0.3226102941176471 0.014583333333333334 0.027573529411764705
1 0.015104166666666667 0.4728860294117647 0.014583333333333334 0.03216911764705882
1 0.5815104166666667 0.021599264705882353 0.0328125 0.04136029411764706
3 0.31744791666666666 0.057904411764705885 0.019270833333333334 0.04963235294117647
3 0.52890625 0.021139705882352942 0.016145833333333335 0.04044117647058824
3 0.5098958333333333 0.02022058823529412 0.016666666666666666 0.03860294117647059
3 0.5825520833333333 0.021139705882352942 0.013020833333333334 0.04044117647058824
