2 0.771774193548387 0.5179227941176471 0.04032258064516129 0.04871323529411765
0 0.680241935483871 0.375 0.18467741935483872 0.1875
2 0.5024193548387097 0.18060661764705882 0.020967741935483872 0.030330882352941176
1 0.5274193548387097 0.22288602941176472 0.024193548387096774 0.03216911764705882
1 0.4754032258064516 0.22334558823529413 0.031451612903225803 0.03860294117647059
1 0.742741935483871 0.9439338235294118 0.041935483870967745 0.03125
4 0.8120967741935484 0.6576286764705882 0.05161290322580645 0.06341911764705882
3 0.7338709677419355 0.8180147058823529 0.04838709677419355 0.02389705882352941
3 0.7338709677419355 0.8336397058823529 0.05806451612903226 0.029411764705882353
3 0.7830645161290323 0.8060661764705882 0.05 0.027573529411764705
1 0.7423387096774193 0.8805147058823529 0.05887096774193548 0.06066176470588235
4 0.8076612903225806 0.5101102941176471 0.03467741935483871 0.04963235294117647
1 0.4879032258064516 0.18152573529411764 0.016129032258064516 0.02297794117647059
2 0.8362903225806452 0.6084558823529411 0.017741935483870968 0.022058823529411766
