1 0.41566265060240964 0.18933823529411764 0.015261044176706828 0.025735294117647058
1 0.40522088353413654 0.19117647058823528 0.010441767068273093 0.02022058823529412
1 0.39518072289156625 0.18382352941176472 0.01285140562248996 0.03125
1 0.3791164658634538 0.17738970588235295 0.01285140562248996 0.02389705882352941
1 0.3682730923694779 0.17647058823529413 0.012048192771084338 0.02389705882352941
1 0.3602409638554217 0.1875 0.013654618473895583 0.02389705882352941
1 0.348995983935743 0.1875 0.013654618473895583 0.02389705882352941
1 0.3329317269076305 0.18382352941176472 0.021686746987951807 0.03125
1 0.25542168674698795 0.22242647058823528 0.020883534136546186 0.04044117647058824
1 0.16586345381526105 0.24770220588235295 0.016867469879518072 0.035845588235294115
1 0.14056224899598393 0.25965073529411764 0.01285140562248996 0.035845588235294115
1 0.12329317269076305 0.2693014705882353 0.012048192771084338 0.03308823529411765
1 0.10883534136546184 0.28125 0.013654618473895583 0.029411764705882353
1 0.0963855421686747 0.2890625 0.00963855421686747 0.02297794117647059
1 0.5465863453815261 0.22840073529411764 0.028112449799196786 0.02297794117647059
2 0.7995983935742972 0.38419117647058826 0.018473895582329317 0.029411764705882353
2 0.8060240963855422 0.35202205882352944 0.013654618473895583 0.016544117647058824
3 0.5662650602409639 0.23345588235294118 0.01285140562248996 0.027573529411764705
3 0.7686746987951807 0.5124080882352942 0.027309236947791166 0.04871323529411765
2 0.6614457831325301 0.3102022058823529 0.05220883534136546 0.046875
1 0.45903614457831327 0.20542279411764705 0.015261044176706828 0.03216911764705882
1 0.40281124497991966 0.21507352941176472 0.03132530120481928 0.03860294117647059
1 0.7819277108433735 0.3359375 0.008835341365461847 0.013786764705882353
1 0.7871485943775101 0.3469669117647059 0.00963855421686747 0.013786764705882353
1 0.7686746987951807 0.36213235294117646 0.014457831325301205 0.025735294117647058
1 0.7136546184738956 0.4099264705882353 0.03775100401606426 0.04595588235294118
1 0.6919678714859437 0.2725183823529412 0.020080321285140562 0.019301470588235295
1 0.6449799196787148 0.25827205882352944 0.020883534136546186 0.02389705882352941
