2 0.3983739837398374 0.1640625 0.03577235772357724 0.03400735294117647
2 0.3 0.1801470588235294 0.03577235772357724 0.03125
1 0.3426829268292683 0.18887867647058823 0.02032520325203252 0.043198529411764705
1 0.3073170731707317 0.19347426470588236 0.02113821138211382 0.035845588235294115
4 0.8414634146341463 0.4053308823529412 0.08292682926829269 0.11397058823529412
2 0.47804878048780486 0.15946691176470587 0.04065040650406504 0.03952205882352941
1 0.4975609756097561 0.19393382352941177 0.03739837398373984 0.04044117647058824
1 0.48739837398373986 0.23575367647058823 0.052845528455284556 0.050551470588235295
1 0.2040650406504065 0.26516544117647056 0.05365853658536585 0.05606617647058824
1 0.7430894308943089 0.25505514705882354 0.022764227642276424 0.024816176470588234
3 0.6357723577235772 0.6240808823529411 0.0991869918699187 0.0974264705882353
2 0.8719512195121951 0.3648897058823529 0.015447154471544716 0.02389705882352941
2 0.8052845528455285 0.2780330882352941 0.01869918699186992 0.021139705882352942
2 0.8097560975609757 0.3005514705882353 0.026016260162601626 0.029411764705882353
2 0.6073170731707317 0.22564338235294118 0.0910569105691057 0.050551470588235295
1 0.8727642276422765 0.625 0.04796747967479675 0.07169117647058823
1 0.2032520325203252 0.21783088235294118 0.03414634146341464 0.04779411764705882
1 0.24227642276422764 0.20634191176470587 0.01951219512195122 0.03768382352941176
