1 0.8233870967741935 0.26608455882352944 0.04516129032258064 0.04136029411764706
1 0.8318548387096775 0.3000919117647059 0.03467741935483871 0.046875
1 0.7294354838709678 0.22426470588235295 0.04596774193548387 0.04779411764705882
1 0.4104838709677419 0.21783088235294118 0.08064516129032258 0.07720588235294118
1 0.46330645161290324 0.24540441176470587 0.09435483870967742 0.08455882352941177
1 0.8927419354838709 0.4632352941176471 0.041935483870967745 0.0625
1 0.2887096774193548 0.2702205882352941 0.06774193548387097 0.07169117647058823
2 0.3834677419354839 0.14200367647058823 0.10564516129032259 0.06341911764705882
2 0.0810483870967742 0.4039522058823529 0.050806451612903224 0.06709558823529412
1 0.10120967741935484 0.42922794117647056 0.05241935483870968 0.034926470588235295
1 0.10685483870967742 0.5142463235294118 0.07016129032258064 0.06709558823529412
1 0.07137096774193548 0.5533088235294118 0.036290322580645164 0.034926470588235295
1 0.11491935483870967 0.5726102941176471 0.05403225806451613 0.051470588235294115
1 0.1907258064516129 0.5142463235294118 0.0814516129032258 0.07077205882352941
0 0.8088709677419355 0.8354779411764706 0.23870967741935484 0.3290441176470588
