2 0.3983739837398374 0.1640625 0.03577235772357724 0.03400735294117647
2 0.2995934959349594 0.1801470588235294 0.036585365853658534 0.03125
1 0.3426829268292683 0.19025735294117646 0.02032520325203252 0.04595588235294118
1 0.308130081300813 0.19393382352941177 0.02113821138211382 0.03676470588235294
4 0.8414634146341463 0.40441176470588236 0.08292682926829269 0.11397058823529412
2 0.47804878048780486 0.16130514705882354 0.04065040650406504 0.03952205882352941
1 0.7430894308943089 0.7803308823529411 0.06504065040650407 0.08639705882352941
1 0.5906504065040651 0.2702205882352941 0.044715447154471545 0.051470588235294115
2 0.5878048780487805 0.22472426470588236 0.08780487804878048 0.050551470588235295
2 0.29065040650406504 0.2348345588235294 0.12601626016260162 0.07628676470588236
2 0.8060975609756098 0.28860294117647056 0.02032520325203252 0.01838235294117647
2 0.8138211382113821 0.32950367647058826 0.03739837398373984 0.050551470588235295
2 0.843089430894309 0.33409926470588236 0.01788617886178862 0.019301470588235295
2 0.8467479674796748 0.3180147058823529 0.012195121951219513 0.01838235294117647
2 0.8117886178861788 0.28170955882352944 0.01707317073170732 0.019301470588235295
1 0.8735772357723577 0.6240808823529411 0.046341463414634146 0.06801470588235294
1 0.20447154471544715 0.21737132352941177 0.03333333333333333 0.04871323529411765
1 0.7707317073170732 0.26516544117647056 0.01788617886178862 0.024816176470588234
1 0.7203252032520325 0.2614889705882353 0.02113821138211382 0.02665441176470588
1 0.6894308943089431 0.2789522058823529 0.030894308943089432 0.035845588235294115
