2 0.29878048780487804 0.18060661764705882 0.043089430894308944 0.03952205882352941
2 0.39715447154471545 0.1645220588235294 0.046341463414634146 0.04044117647058824
1 0.34146341463414637 0.18566176470588236 0.026016260162601626 0.04779411764705882
1 0.4638211382113821 0.17830882352941177 0.03333333333333333 0.03860294117647059
1 0.2991869918699187 0.2113970588235294 0.05040650406504065 0.05330882352941176
1 0.24227642276422764 0.23851102941176472 0.06016260162601626 0.05606617647058824
1 0.6264227642276423 0.2261029411764706 0.03333333333333333 0.029411764705882353
2 0.6479674796747967 0.2647058823529412 0.1024390243902439 0.0625
2 0.17764227642276423 0.3088235294117647 0.108130081300813 0.10110294117647059
1 0.11219512195121951 0.3056066176470588 0.03414634146341464 0.05238970588235294
1 0.874390243902439 0.6277573529411765 0.04959349593495935 0.0661764705882353
1 0.8455284552845529 0.7081801470588235 0.055284552845528454 0.06525735294117647
1 0.21016260162601627 0.21875 0.015447154471544716 0.03676470588235294
