2 0.2453125 0.5484375 0.084375 0.1609375
3 0.248828125 0.355859375 0.04609375 0.03515625
3 0.1734375 0.36015625 0.040625 0.025
3 0.173828125 0.30859375 0.03046875 0.0265625
3 0.208203125 0.260546875 0.02421875 0.02421875
3 0.2 0.262109375 0.025 0.02109375
3 0.208984375 0.23203125 0.02578125 0.0234375
3 0.221875 0.20703125 0.021875 0.025
3 0.309765625 0.22578125 0.02890625 0.0359375
3 0.33984375 0.228515625 0.0296875 0.04296875
3 0.33515625 0.1890625 0.0171875 0.034375
3 0.41953125 0.233984375 0.034375 0.05546875
3 0.383203125 0.2265625 0.03671875 0.053125
3 0.47890625 0.21328125 0.0203125 0.0484375
3 0.262890625 0.193359375 0.01796875 0.02265625
3 0.29375 0.166015625 0.01875 0.02578125
3 0.3125 0.151171875 0.015625 0.02421875
3 0.3515625 0.187890625 0.028125 0.03984375
3 0.387109375 0.212890625 0.02421875 0.03984375
3 0.37265625 0.153515625 0.015625 0.03046875
3 0.372265625 0.18125 0.01796875 0.028125
3 0.386328125 0.18046875 0.01640625 0.0359375
3 0.39609375 0.164453125 0.0171875 0.03515625
3 0.44609375 0.169140625 0.0203125 0.03984375
3 0.453125 0.12578125 0.015625 0.0296875
3 0.438671875 0.133203125 0.01484375 0.02890625
3 0.410546875 0.137890625 0.01328125 0.02421875
3 0.428515625 0.156640625 0.01640625 0.03671875
3 0.41640625 0.16171875 0.0125 0.0328125
3 0.466796875 0.186328125 0.01796875 0.04296875
3 0.48125 0.191796875 0.01875 0.04453125
3 0.509375 0.179296875 0.0125 0.04140625
3 0.555078125 0.193359375 0.02265625 0.04609375
3 0.559765625 0.165234375 0.01796875 0.03359375
3 0.5453125 0.147265625 0.0140625 0.03828125
3 0.582421875 0.17109375 0.01640625 0.0390625
3 0.601171875 0.140625 0.01328125 0.03125
3 0.628515625 0.16484375 0.01796875 0.034375
3 0.625 0.1515625 0.015625 0.03125
3 0.61484375 0.16953125 0.0171875 0.0453125
3 0.512890625 0.1328125 0.01484375 0.034375
3 0.509375 0.11875 0.01875 0.028125
2 0.423828125 0.108984375 0.02890625 0.02890625
2 0.389453125 0.101953125 0.02265625 0.02421875
2 0.393359375 0.08515625 0.01796875 0.0171875
3 0.899609375 0.334375 0.03046875 0.0203125
2 0.85703125 0.334375 0.0703125 0.0734375
2 0.86171875 0.41171875 0.0796875 0.0921875
2 0.9046875 0.4171875 0.06875 0.078125
2 0.925390625 0.4078125 0.04921875 0.059375
1 0.78359375 0.78515625 0.0359375 0.0546875
2 0.74609375 0.894140625 0.0703125 0.05078125
2 0.647265625 0.8921875 0.10859375 0.0609375
1 0.18203125 0.2296875 0.0203125 0.0171875
2 0.2296875 0.18046875 0.0296875 0.0265625
2 0.20625 0.1890625 0.021875 0.021875
2 0.191015625 0.193359375 0.01640625 0.01796875
