1 0.17258064516129032 0.6870404411764706 0.07903225806451612 0.06709558823529412
1 0.7298387096774194 0.38327205882352944 0.025806451612903226 0.029411764705882353
1 0.7431451612903226 0.3984375 0.025 0.030330882352941176
1 0.7504032258064516 0.4117647058823529 0.025 0.03125
1 0.4854838709677419 0.6231617647058824 0.1064516129032258 0.1213235294117647
1 0.744758064516129 0.8777573529411765 0.0814516129032258 0.05514705882352941
1 0.20080645161290323 0.29871323529411764 0.03225806451612903 0.06985294117647059
1 0.3116935483870968 0.31066176470588236 0.050806451612903224 0.08272058823529412
1 0.2633064516129032 0.3630514705882353 0.042741935483870966 0.08639705882352941
1 0.36451612903225805 0.19347426470588236 0.02258064516129032 0.03400735294117647
1 0.4274193548387097 0.21231617647058823 0.020967741935483872 0.034926470588235295
1 0.442741935483871 0.22931985294117646 0.020967741935483872 0.03768382352941176
1 0.510483870967742 0.19669117647058823 0.02903225806451613 0.02389705882352941
1 0.49233870967741933 0.2711397058823529 0.03790322580645161 0.04595588235294118
1 0.5088709677419355 0.30606617647058826 0.03870967741935484 0.05330882352941176
1 0.55 0.26700367647058826 0.037096774193548385 0.043198529411764705
1 0.552016129032258 0.3010110294117647 0.03306451612903226 0.04503676470588235
1 0.5794354838709678 0.3083639705882353 0.036290322580645164 0.050551470588235295
1 0.6491935483870968 0.2977941176470588 0.03225806451612903 0.03676470588235294
1 0.6237903225806452 0.3322610294117647 0.03790322580645161 0.043198529411764705
1 0.680241935483871 0.3727022058823529 0.04112903225806452 0.04503676470588235
1 0.6544354838709677 0.4094669117647059 0.04435483870967742 0.05974264705882353
1 0.7205645161290323 0.42922794117647056 0.04758064516129032 0.051470588235294115
1 0.7342741935483871 0.47058823529411764 0.04112903225806452 0.042279411764705885
1 0.7810483870967742 0.4852941176470588 0.04435483870967742 0.04044117647058824
1 0.7858870967741935 0.5170036764705882 0.04596774193548387 0.046875
1 0.744758064516129 0.5238970588235294 0.05725806451612903 0.05698529411764706
2 0.38911290322580644 0.27297794117647056 0.11370967741935484 0.10661764705882353
2 0.8415322580645161 0.6985294117647058 0.0814516129032258 0.13970588235294118
2 0.2693548387096774 0.17003676470588236 0.03225806451612903 0.029411764705882353
2 0.31290322580645163 0.15854779411764705 0.027419354838709678 0.024816176470588234
2 0.22782258064516128 0.18290441176470587 0.03467741935483871 0.027573529411764705
2 0.23629032258064517 0.21369485294117646 0.041935483870967745 0.04503676470588235
2 0.6366935483870968 0.22931985294117646 0.02661290322580645 0.024816176470588234
2 0.660483870967742 0.23069852941176472 0.027419354838709678 0.02389705882352941
1 0.34233870967741936 0.16590073529411764 0.01532258064516129 0.02665441176470588
