1 0.528110599078341 0.13694852941176472 0.018433179723502304 0.03676470588235294
2 0.8894009216589862 0.31066176470588236 0.04423963133640553 0.03308823529411765
1 0.8202764976958525 0.22977941176470587 0.025806451612903226 0.01838235294117647
1 0.8350230414746543 0.23943014705882354 0.023963133640552997 0.017463235294117647
1 0.8410138248847926 0.2509191176470588 0.026728110599078342 0.02022058823529412
1 0.8516129032258064 0.2601102941176471 0.03133640552995392 0.022058823529411766
1 0.8539170506912442 0.2711397058823529 0.03225806451612903 0.025735294117647058
2 0.9258064516129032 0.34375 0.034101382488479264 0.03125
2 0.9552995391705069 0.41590073529411764 0.034101382488479264 0.035845588235294115
3 0.35714285714285715 0.16268382352941177 0.017511520737327188 0.03125
0 0.10460829493087558 0.4255514705882353 0.15023041474654378 0.11580882352941177
2 0.1870967741935484 0.35202205882352944 0.07373271889400922 0.06066176470588235
2 0.05852534562211981 0.48943014705882354 0.030414746543778803 0.017463235294117647
1 0.08986175115207373 0.5027573529411765 0.034101382488479264 0.016544117647058824
1 0.08617511520737327 0.5225183823529411 0.030414746543778803 0.01011029411764706
1 0.10414746543778802 0.5349264705882353 0.0423963133640553 0.016544117647058824
1 0.07511520737327189 0.5367647058823529 0.02119815668202765 0.014705882352941176
1 0.06359447004608294 0.5188419117647058 0.014746543778801843 0.013786764705882353
0 0.026267281105990782 0.4931066176470588 0.041474654377880185 0.04503676470588235
