2 0.98828125 0.46041666666666664 0.018229166666666668 0.03125
2 0.9848958333333333 0.4861979166666667 0.017708333333333333 0.0203125
2 0.9770833333333333 0.47291666666666665 0.01875 0.029166666666666667
2 0.8877604166666667 0.22838541666666667 0.0203125 0.018229166666666668
2 0.08776041666666666 0.24973958333333332 0.033854166666666664 0.028645833333333332
0 0.03359375 0.25703125 0.025520833333333333 0.024479166666666666
4 0.8200520833333333 0.16067708333333333 0.0765625 0.0859375
1 0.05963541666666667 0.2674479166666667 0.019270833333333334 0.013020833333333334
4 0.815625 0.07421875 0.021875 0.024479166666666666
2 0.04895833333333333 0.27265625 0.017708333333333333 0.019270833333333334
2 0.03177083333333333 0.30052083333333335 0.025 0.019791666666666666
2 0.21901041666666668 0.18645833333333334 0.08385416666666666 0.058333333333333334
2 0.030989583333333334 0.28151041666666665 0.016145833333333335 0.0140625
4 0.0515625 0.23697916666666666 0.0375 0.040625
1 0.7197916666666667 0.12526041666666668 0.028125 0.0359375
1 0.8934895833333333 0.30364583333333334 0.03177083333333333 0.028125
2 0.6614583333333334 0.007552083333333333 0.019791666666666666 0.0140625
4 0.59375 0.009375 0.028125 0.017708333333333333
