3 0.8296747967479675 0.5606617647058824 0.07560975609756097 0.11764705882352941
2 0.790650406504065 0.22840073529411764 0.05447154471544716 0.03952205882352941
2 0.6788617886178862 0.18520220588235295 0.06504065040650407 0.03952205882352941
2 0.8008130081300813 0.22334558823529413 0.030894308943089432 0.027573529411764705
2 0.848780487804878 0.25643382352941174 0.03739837398373984 0.03676470588235294
2 0.13495934959349593 0.32536764705882354 0.030894308943089432 0.034926470588235295
1 0.3300813008130081 0.3000919117647059 0.056910569105691054 0.05974264705882353
1 0.2760162601626016 0.24034926470588236 0.02195121951219512 0.030330882352941176
1 0.40934959349593497 0.18933823529411764 0.03008130081300813 0.034926470588235295
1 0.38170731707317074 0.32536764705882354 0.06747967479674796 0.07904411764705882
1 0.4434959349593496 0.18566176470588236 0.028455284552845527 0.03676470588235294
1 0.4560975609756098 0.17279411764705882 0.032520325203252036 0.03860294117647059
1 0.21341463414634146 0.32858455882352944 0.038211382113821135 0.04503676470588235
1 0.15853658536585366 0.35891544117647056 0.03414634146341464 0.04136029411764706
1 0.16910569105691056 0.38005514705882354 0.030894308943089432 0.043198529411764705
1 0.12439024390243902 0.3938419117647059 0.024390243902439025 0.03216911764705882
1 0.11260162601626016 0.4149816176470588 0.025203252032520326 0.035845588235294115
3 0.1983739837398374 0.26378676470588236 0.014634146341463415 0.02022058823529412
2 0.5922764227642277 0.18887867647058823 0.0886178861788618 0.05238970588235294
1 0.5284552845528455 0.17279411764705882 0.030894308943089432 0.029411764705882353
1 0.641869918699187 0.17509191176470587 0.025203252032520326 0.030330882352941176
1 0.5939024390243902 0.16819852941176472 0.03983739837398374 0.02389705882352941
1 0.09390243902439024 0.4264705882352941 0.01869918699186992 0.027573529411764705
2 0.07276422764227643 0.4338235294117647 0.023577235772357725 0.03125
2 0.05569105691056911 0.4577205882352941 0.01869918699186992 0.025735294117647058
2 0.04715447154471545 0.4650735294117647 0.014634146341463415 0.02389705882352941
0 0.06869918699186991 0.41360294117647056 0.044715447154471545 0.0625
0 0.08414634146341464 0.3708639705882353 0.03170731707317073 0.043198529411764705
3 0.05609756097560976 0.6112132352941176 0.01788617886178862 0.027573529411764705
3 0.05772357723577236 0.6314338235294118 0.02113821138211382 0.034926470588235295
1 0.06707317073170732 0.45496323529411764 0.01056910569105691 0.022058823529411766
