2 0.8041666666666667 0.12591911764705882 0.046875 0.08088235294117647
1 0.11119791666666666 0.8920036764705882 0.03802083333333333 0.1056985294117647
1 0.025520833333333333 0.8405330882352942 0.025 0.0744485294117647
1 0.05078125 0.8465073529411765 0.027604166666666666 0.09375
2 0.07682291666666667 0.26838235294117646 0.030729166666666665 0.06801470588235294
3 0.14036458333333332 0.8515625 0.07760416666666667 0.06525735294117647
1 0.8263020833333333 0.16773897058823528 0.0140625 0.02665441176470588
1 0.8234375 0.18336397058823528 0.01875 0.03400735294117647
1 0.8791666666666667 0.453125 0.035416666666666666 0.0625
1 0.008072916666666667 0.4889705882352941 0.0140625 0.025735294117647058
1 0.72578125 0.6254595588235294 0.10364583333333334 0.15900735294117646
1 0.058333333333333334 0.6079963235294118 0.042708333333333334 0.05422794117647059
2 0.42734375 0.06709558823529412 0.13072916666666667 0.11397058823529412
2 0.12057291666666667 0.45450367647058826 0.09010416666666667 0.1479779411764706
3 0.31927083333333334 0.05560661764705882 0.020833333333333332 0.057904411764705885
1 0.84921875 0.19209558823529413 0.0140625 0.025735294117647058
1 0.8393229166666667 0.18060661764705882 0.0140625 0.03216911764705882
1 0.8700520833333333 0.22242647058823528 0.011979166666666667 0.022058823529411766
