3 0.9357723577235773 0.6456801470588235 0.03577235772357724 0.05422794117647059
3 0.09634146341463415 0.5680147058823529 0.034959349593495934 0.04411764705882353
3 0.0524390243902439 0.5450367647058824 0.01869918699186992 0.029411764705882353
3 0.13211382113821138 0.6286764705882353 0.04796747967479675 0.05330882352941176
3 0.13170731707317074 0.6585477941176471 0.05040650406504065 0.057904411764705885
3 0.5439024390243903 0.16084558823529413 0.008130081300813009 0.02389705882352941
3 0.5353658536585366 0.15808823529411764 0.00894308943089431 0.02022058823529412
1 0.46219512195121953 0.17784926470588236 0.025203252032520326 0.02297794117647059
1 0.6073170731707317 0.17371323529411764 0.024390243902439025 0.022058823529411766
1 0.5959349593495935 0.17095588235294118 0.01951219512195122 0.016544117647058824
2 0.7589430894308943 0.21966911764705882 0.05934959349593496 0.03860294117647059
2 0.8532520325203252 0.28722426470588236 0.044715447154471545 0.043198529411764705
2 0.832520325203252 0.2977941176470588 0.06341463414634146 0.05698529411764706
1 0.8223577235772358 0.3193933823529412 0.036585365853658534 0.03952205882352941
0 0.30934959349593494 0.27941176470588236 0.33252032520325203 0.21875
2 0.13373983739837397 0.36672794117647056 0.043089430894308944 0.04595588235294118
4 0.08577235772357723 0.4039522058823529 0.028455284552845527 0.03952205882352941
4 0.06747967479674796 0.4384191176470588 0.026016260162601626 0.04044117647058824
