2 0.7165322580645161 0.40808823529411764 0.07983870967741935 0.08823529411764706
1 0.17096774193548386 0.6856617647058824 0.07903225806451612 0.0661764705882353
1 0.7205645161290323 0.36856617647058826 0.02338709677419355 0.027573529411764705
1 0.4520161290322581 0.18474264705882354 0.02661290322580645 0.02389705882352941
1 0.4870967741935484 0.19255514705882354 0.027419354838709678 0.02849264705882353
1 0.49798387096774194 0.1953125 0.02338709677419355 0.02665441176470588
1 0.519758064516129 0.20220588235294118 0.020161290322580645 0.027573529411764705
1 0.5762096774193548 0.21277573529411764 0.01532258064516129 0.02297794117647059
1 0.4705645161290323 0.22426470588235295 0.02661290322580645 0.03676470588235294
1 0.4879032258064516 0.24908088235294118 0.03387096774193549 0.04411764705882353
1 0.5935483870967742 0.33869485294117646 0.0467741935483871 0.05422794117647059
1 0.24919354838709679 0.28262867647058826 0.03387096774193549 0.05606617647058824
1 0.16612903225806452 0.3014705882352941 0.037096774193548385 0.058823529411764705
1 0.42782258064516127 0.5891544117647058 0.08790322580645162 0.13970588235294118
1 0.719758064516129 0.9420955882352942 0.07016129032258064 0.042279411764705885
2 0.7286290322580645 0.5280330882352942 0.1282258064516129 0.15716911764705882
2 0.375 0.19990808823529413 0.056451612903225805 0.043198529411764705
2 0.822983870967742 0.5372242647058824 0.07661290322580645 0.10386029411764706
2 0.2794354838709677 0.17601102941176472 0.03467741935483871 0.030330882352941176
2 0.2616935483870968 0.16498161764705882 0.025 0.02665441176470588
2 0.2794354838709677 0.15487132352941177 0.02338709677419355 0.017463235294117647
2 0.8717741935483871 0.8079044117647058 0.03387096774193549 0.06433823529411764
1 0.2879032258064516 0.19669117647058823 0.017741935483870968 0.025735294117647058
1 0.625 0.23161764705882354 0.016129032258064516 0.02389705882352941
3 0.7774193548387097 0.46369485294117646 0.03870967741935484 0.046875
2 0.6471774193548387 0.22794117647058823 0.028225806451612902 0.022058823529411766
