2 0.8041666666666667 0.12683823529411764 0.04583333333333333 0.08088235294117647
1 0.11145833333333334 0.8924632352941176 0.03854166666666667 0.10661764705882353
1 0.02578125 0.8409926470588235 0.025520833333333333 0.07536764705882353
1 0.04973958333333333 0.8465073529411765 0.0296875 0.09558823529411764
2 0.0765625 0.26838235294117646 0.03125 0.06801470588235294
1 0.8265625 0.16773897058823528 0.014583333333333334 0.02665441176470588
1 0.9005208333333333 0.36902573529411764 0.01875 0.035845588235294115
1 0.8833333333333333 0.3368566176470588 0.020833333333333332 0.04136029411764706
1 0.87109375 0.37545955882352944 0.028645833333333332 0.050551470588235295
1 0.8950520833333333 0.4099264705882353 0.0234375 0.042279411764705885
1 0.83359375 0.3929227941176471 0.0421875 0.06893382352941177
1 0.15598958333333332 0.21461397058823528 0.0265625 0.057904411764705885
1 0.07760416666666667 0.34375 0.021875 0.04044117647058824
1 0.008333333333333333 0.5027573529411765 0.0125 0.02389705882352941
1 0.3880208333333333 0.07628676470588236 0.04791666666666667 0.07720588235294118
1 0.45 0.5064338235294118 0.121875 0.14522058823529413
0 0.925 0.31433823529411764 0.029166666666666667 0.06985294117647059
2 0.88671875 0.31204044117647056 0.028645833333333332 0.057904411764705885
2 0.6958333333333333 0.20680147058823528 0.12916666666666668 0.14705882352941177
2 0.019791666666666666 0.5813419117647058 0.03125 0.078125
3 0.33098958333333334 0.0546875 0.0171875 0.06158088235294118
2 0.00546875 0.6631433823529411 0.009895833333333333 0.057904411764705885
