2 0.7471774193548387 0.9319852941176471 0.11854838709677419 0.13419117647058823
2 0.05120967741935484 0.47518382352941174 0.03467741935483871 0.06801470588235294
1 0.14193548387096774 0.5330882352941176 0.07419354838709677 0.0625
1 0.3395161290322581 0.5597426470588235 0.11451612903225807 0.09191176470588236
0 0.49838709677419357 0.10340073529411764 0.17419354838709677 0.07628676470588236
1 0.5350806451612903 0.5960477941176471 0.1314516129032258 0.08915441176470588
1 0.7616935483870968 0.5546875 0.07822580645161291 0.09834558823529412
1 0.7375 0.2899816176470588 0.06048387096774194 0.06341911764705882
1 0.8685483870967742 0.5119485294117647 0.037096774193548385 0.058823529411764705
1 0.8879032258064516 0.4338235294117647 0.03387096774193549 0.04411764705882353
1 0.8737903225806452 0.46231617647058826 0.04596774193548387 0.05514705882352941
1 0.8987903225806452 0.5105698529411765 0.050806451612903224 0.057904411764705885
1 0.8556451612903225 0.6493566176470589 0.07096774193548387 0.05606617647058824
1 0.9133064516129032 0.5868566176470589 0.04112903225806452 0.07077205882352941
2 0.3967741935483871 0.17693014705882354 0.12741935483870967 0.06341911764705882
2 0.7221774193548387 0.22748161764705882 0.10564516129032259 0.08731617647058823
2 0.8806451612903226 0.30193014705882354 0.041935483870967745 0.050551470588235295
2 0.8181451612903226 0.26378676470588236 0.05887096774193548 0.06066176470588235
1 0.9245967741935484 0.6557904411764706 0.042741935483870966 0.06158088235294118
0 0.8326612903225806 0.9057904411764706 0.16048387096774194 0.18658088235294118
