3 0.932520325203252 0.6121323529411765 0.04390243902439024 0.06066176470588235
1 0.1589430894308943 0.7329963235294118 0.06747967479674796 0.10386029411764706
2 0.8353658536585366 0.2536764705882353 0.023577235772357725 0.029411764705882353
1 0.558130081300813 0.16268382352941177 0.023577235772357725 0.027573529411764705
1 0.5308943089430894 0.16498161764705882 0.026016260162601626 0.02849264705882353
1 0.501219512195122 0.16681985294117646 0.026829268292682926 0.030330882352941176
1 0.474390243902439 0.16819852941176472 0.01869918699186992 0.03308823529411765
2 0.441869918699187 0.21783088235294118 0.11463414634146342 0.0625
2 0.8 0.2417279411764706 0.05365853658536585 0.03676470588235294
2 0.7056910569105691 0.21645220588235295 0.08130081300813008 0.03952205882352941
1 0.42032520325203254 0.31112132352941174 0.07479674796747968 0.06893382352941177
1 0.16219512195121952 0.29733455882352944 0.01707317073170732 0.024816176470588234
1 0.5760162601626017 0.16681985294117646 0.026829268292682926 0.02665441176470588
0 0.8707317073170732 0.28630514705882354 0.06666666666666667 0.09283088235294118
