3 0.6479674796747967 0.5500919117647058 0.04552845528455285 0.09283088235294118
3 0.05447154471544716 0.5840992647058824 0.016260162601626018 0.024816176470588234
3 0.0540650406504065 0.5988051470588235 0.01707317073170732 0.024816176470588234
1 0.6146341463414634 0.171875 0.02113821138211382 0.025735294117647058
1 0.6747967479674797 0.18244485294117646 0.01788617886178862 0.02297794117647059
4 0.8491869918699188 0.25 0.03170731707317073 0.034926470588235295
2 0.08536585365853659 0.4085477941176471 0.02113821138211382 0.02665441176470588
1 0.05040650406504065 0.5013786764705882 0.014634146341463415 0.015625
2 0.07886178861788617 0.7467830882352942 0.03902439024390244 0.12040441176470588
3 0.45121951219512196 0.16498161764705882 0.016260162601626018 0.02849264705882353
1 0.0886178861788618 0.4227941176470588 0.014634146341463415 0.02022058823529412
1 0.08130081300813008 0.4342830882352941 0.013008130081300813 0.019301470588235295
1 0.07357723577235772 0.4499080882352941 0.013821138211382113 0.02297794117647059
