1 0.41485943775100403 0.19117647058823528 0.015261044176706828 0.02389705882352941
1 0.40401606425702813 0.19071691176470587 0.00963855421686747 0.02297794117647059
1 0.39357429718875503 0.18566176470588236 0.014457831325301205 0.029411764705882353
1 0.3779116465863454 0.17555147058823528 0.013654618473895583 0.02389705882352941
1 0.36586345381526103 0.17555147058823528 0.012048192771084338 0.022058823529411766
1 0.3606425702811245 0.1870404411764706 0.01285140562248996 0.02297794117647059
1 0.3481927710843373 0.18658088235294118 0.013654618473895583 0.025735294117647058
1 0.3321285140562249 0.18428308823529413 0.018473895582329317 0.030330882352941176
1 0.25542168674698795 0.22196691176470587 0.020883534136546186 0.043198529411764705
1 0.16546184738955824 0.24540441176470587 0.01927710843373494 0.04044117647058824
1 0.14176706827309238 0.2587316176470588 0.013654618473895583 0.03768382352941176
1 0.12289156626506025 0.26838235294117646 0.01285140562248996 0.03676470588235294
1 0.10763052208835341 0.28170955882352944 0.01285140562248996 0.02849264705882353
1 0.09558232931726908 0.2890625 0.011244979919678716 0.02297794117647059
1 0.5485943775100401 0.22977941176470587 0.027309236947791166 0.027573529411764705
1 0.5991967871485944 0.24862132352941177 0.01927710843373494 0.02849264705882353
1 0.6168674698795181 0.2614889705882353 0.01927710843373494 0.02665441176470588
2 0.8016064257028113 0.3391544117647059 0.011244979919678716 0.012867647058823529
1 0.6690763052208836 0.2853860294117647 0.014457831325301205 0.024816176470588234
3 0.5228915662650603 0.22886029411764705 0.014457831325301205 0.03125
3 0.797991967871486 0.38556985294117646 0.010441767068273093 0.019301470588235295
1 0.6321285140562249 0.2614889705882353 0.01606425702811245 0.024816176470588234
1 0.691566265060241 0.2725183823529412 0.017670682730923693 0.017463235294117647
1 0.6429718875502008 0.25735294117647056 0.020080321285140562 0.02389705882352941
