1 0.17258064516129032 0.6861213235294118 0.07903225806451612 0.06709558823529412
1 0.7298387096774194 0.3818933823529412 0.025806451612903226 0.02849264705882353
1 0.7419354838709677 0.3984375 0.024193548387096774 0.02849264705882353
1 0.75 0.41130514705882354 0.025806451612903226 0.03216911764705882
1 0.7737903225806452 0.5041360294117647 0.042741935483870966 0.05422794117647059
1 0.3512096774193548 0.484375 0.07822580645161291 0.13051470588235295
1 0.3467741935483871 0.75 0.07903225806451612 0.16544117647058823
1 0.36129032258064514 0.2417279411764706 0.043548387096774194 0.05698529411764706
1 0.3084677419354839 0.19669117647058823 0.02661290322580645 0.03676470588235294
1 0.32983870967741935 0.20082720588235295 0.025806451612903226 0.043198529411764705
2 0.6532258064516129 0.35294117647058826 0.08548387096774193 0.08823529411764706
2 0.6858870967741936 0.48299632352941174 0.1346774193548387 0.15716911764705882
2 0.8604838709677419 0.7688419117647058 0.054838709677419356 0.09834558823529412
2 0.2907258064516129 0.18382352941176472 0.03951612903225806 0.03308823529411765
2 0.2600806451612903 0.171875 0.03306451612903226 0.027573529411764705
1 0.5713709677419355 0.20726102941176472 0.016935483870967744 0.02297794117647059
2 0.6540322580645161 0.22840073529411764 0.024193548387096774 0.02297794117647059
2 0.635483870967742 0.23023897058823528 0.027419354838709678 0.024816176470588234
