2 0.3 0.17693014705882354 0.03577235772357724 0.030330882352941176
2 0.3975609756097561 0.16544117647058823 0.04065040650406504 0.03308823529411765
1 0.8691056910569106 0.6153492647058824 0.03577235772357724 0.02849264705882353
1 0.8617886178861789 0.6677389705882353 0.03902439024390244 0.04136029411764706
1 0.8451219512195122 0.6994485294117647 0.041463414634146344 0.05330882352941176
4 0.13821138211382114 0.2536764705882353 0.061788617886178863 0.08272058823529412
2 0.8154471544715447 0.28262867647058826 0.014634146341463415 0.019301470588235295
1 0.7686991869918699 0.26378676470588236 0.00894308943089431 0.011029411764705883
2 0.7894308943089431 0.27941176470588236 0.01951219512195122 0.016544117647058824
2 0.7963414634146342 0.3010110294117647 0.026829268292682926 0.02297794117647059
2 0.7560975609756098 0.27068014705882354 0.030894308943089432 0.02665441176470588
2 0.7898373983739837 0.3382352941176471 0.041463414634146344 0.04411764705882353
1 0.7463414634146341 0.34329044117647056 0.026016260162601626 0.03952205882352941
1 0.6475609756097561 0.22150735294117646 0.02195121951219512 0.025735294117647058
1 0.4878048780487805 0.18382352941176472 0.02113821138211382 0.025735294117647058
1 0.46707317073170734 0.1948529411764706 0.034959349593495934 0.03308823529411765
1 0.32682926829268294 0.20863970588235295 0.03902439024390244 0.042279411764705885
3 0.42520325203252035 0.17601102941176472 0.014634146341463415 0.03216911764705882
2 0.5560975609756098 0.2182904411764706 0.11382113821138211 0.057904411764705885
2 0.21951219512195122 0.2633272058823529 0.1024390243902439 0.07261029411764706
