2 0.9885416666666667 0.4588541666666667 0.01875 0.03125
2 0.98515625 0.48541666666666666 0.016145833333333335 0.021875
2 0.9763020833333333 0.47239583333333335 0.018229166666666668 0.027083333333333334
2 0.8877604166666667 0.22890625 0.021354166666666667 0.019270833333333334
3 0.061197916666666664 0.33880208333333334 0.0234375 0.011979166666666667
2 0.9572916666666667 0.6049479166666667 0.01875 0.0203125
1 0.9369791666666667 0.4510416666666667 0.03125 0.019791666666666666
1 0.5666666666666667 0.4947916666666667 0.06875 0.03854166666666667
1 0.9643229166666667 0.6356770833333333 0.015104166666666667 0.009895833333333333
1 0.9796875 0.5296875 0.015625 0.010416666666666666
2 0.9841145833333333 0.5809895833333333 0.0140625 0.019270833333333334
2 0.26458333333333334 0.1109375 0.06145833333333333 0.051041666666666666
1 0.41953125 0.031510416666666666 0.018229166666666668 0.0296875
1 0.57421875 0.027864583333333335 0.015104166666666667 0.027604166666666666
1 0.31536458333333334 0.09635416666666667 0.027604166666666666 0.036458333333333336
