1 0.5926267281105991 0.1208639705882353 0.012903225806451613 0.02665441176470588
2 0.532258064516129 0.10753676470588236 0.02488479262672811 0.027573529411764705
3 0.4944700460829493 0.13051470588235295 0.010138248847926268 0.03676470588235294
1 0.7847926267281106 0.49264705882352944 0.06175115207373272 0.029411764705882353
2 0.871889400921659 0.4177389705882353 0.06267281105990784 0.05974264705882353
2 0.8829493087557604 0.36443014705882354 0.053456221198156684 0.046875
1 0.8576036866359447 0.5716911764705882 0.06359447004608294 0.05330882352941176
3 0.4253456221198157 0.125 0.011981566820276499 0.034926470588235295
3 0.3967741935483871 0.1254595588235294 0.013824884792626729 0.02849264705882353
3 0.06267281105990784 0.6599264705882353 0.035023041474654376 0.022058823529411766
0 0.1359447004608295 0.4025735294117647 0.1870967741935484 0.15257352941176472
2 0.027188940092165898 0.4788602941176471 0.02488479262672811 0.025735294117647058
1 0.06221198156682028 0.5294117647058824 0.030414746543778803 0.016544117647058824
