1 0.802734375 0.18359375 0.02109375 0.0171875
3 0.84375 0.721875 0.034375 0.028125
1 0.83671875 0.17890625 0.0171875 0.0140625
1 0.815625 0.178515625 0.015625 0.01640625
2 0.41328125 0.80625 0.10625 0.059375
1 0.82421875 0.176171875 0.0140625 0.01640625
1 0.34375 0.8453125 0.04375 0.04375
2 0.8703125 0.2171875 0.025 0.025
2 0.86484375 0.193359375 0.021875 0.02265625
1 0.791796875 0.188671875 0.02578125 0.01953125
1 0.428125 0.690625 0.034375 0.05
2 0.844921875 0.16171875 0.01796875 0.0171875
1 0.791015625 0.173046875 0.02578125 0.01953125
2 0.843359375 0.194921875 0.02734375 0.02265625
1 0.6859375 0.13671875 0.0265625 0.0265625
1 0.759765625 0.162109375 0.02421875 0.02421875
1 0.74375 0.200390625 0.028125 0.02734375
1 0.789453125 0.203125 0.02890625 0.021875
1 0.7203125 0.675 0.040625 0.0390625
1 0.734765625 0.69765625 0.04140625 0.04375
1 0.8625 0.5484375 0.0375 0.028125
1 0.65546875 0.189453125 0.0359375 0.03671875
1 0.51484375 0.1015625 0.0234375 0.0375
1 0.8234375 0.405859375 0.04375 0.03046875
1 0.86484375 0.465625 0.0359375 0.025
1 0.608984375 0.2515625 0.04296875 0.04375
4 0.788671875 0.1484375 0.04296875 0.034375
2 0.42890625 0.7390625 0.1453125 0.0875
1 0.720703125 0.634375 0.04765625 0.046875
1 0.610546875 0.737109375 0.04453125 0.05234375
2 0.6234375 0.5578125 0.146875 0.1375
4 0.91015625 0.66328125 0.0296875 0.05
1 0.166796875 0.3828125 0.02890625 0.0375
1 0.1859375 0.3640625 0.0328125 0.0390625
1 0.196484375 0.35 0.03359375 0.0375
2 0.8390625 0.225 0.0375 0.03125
1 0.65625 0.727734375 0.0453125 0.05234375
1 0.217578125 0.328125 0.03515625 0.0375
