3 0.3778225806451613 0.1879595588235294 0.02338709677419355 0.03768382352941176
1 0.41330645161290325 0.8547794117647058 0.1346774193548387 0.07536764705882353
2 0.19153225806451613 0.38924632352941174 0.21693548387096775 0.14981617647058823
1 0.7741935483870968 0.8772977941176471 0.04032258064516129 0.04503676470588235
2 0.8116935483870967 0.6594669117647058 0.031451612903225803 0.03400735294117647
1 0.665725806451613 0.5647977941176471 0.05887096774193548 0.043198529411764705
2 0.7471774193548387 0.5546875 0.05887096774193548 0.06525735294117647
1 0.49435483870967745 0.19393382352941177 0.01935483870967742 0.022058823529411766
1 0.5125 0.1948529411764706 0.01532258064516129 0.027573529411764705
1 0.6443548387096775 0.3226102941176471 0.03225806451612903 0.03308823529411765
0 0.8415322580645161 0.6075367647058824 0.031451612903225803 0.04595588235294118
1 0.7725806451612903 0.9209558823529411 0.03225806451612903 0.04779411764705882
1 0.7358870967741935 0.9292279411764706 0.049193548387096775 0.058823529411764705
