2 0.65 0.22380514705882354 0.024193548387096774 0.024816176470588234
2 0.5975806451612903 0.21783088235294118 0.04516129032258064 0.03308823529411765
1 0.49032258064516127 0.33088235294117646 0.04032258064516129 0.08272058823529412
1 0.5838709677419355 0.30422794117647056 0.03064516129032258 0.0661764705882353
1 0.6120967741935484 0.29733455882352944 0.037096774193548385 0.046875
1 0.644758064516129 0.33869485294117646 0.03951612903225806 0.06341911764705882
3 0.7169354838709677 0.8662683823529411 0.08709677419354839 0.06893382352941177
1 0.6060483870967742 0.23988970588235295 0.021774193548387097 0.02389705882352941
1 0.5508064516129032 0.20542279411764705 0.025806451612903226 0.030330882352941176
1 0.5358870967741935 0.22380514705882354 0.021774193548387097 0.030330882352941176
1 0.5612903225806452 0.23621323529411764 0.024193548387096774 0.03308823529411765
1 0.3709677419354839 0.17049632352941177 0.01935483870967742 0.024816176470588234
1 0.2854838709677419 0.18658088235294118 0.017741935483870968 0.029411764705882353
1 0.8088709677419355 0.5202205882352942 0.035483870967741936 0.03860294117647059
1 0.8068548387096774 0.5997242647058824 0.05887096774193548 0.06158088235294118
2 0.8778225806451613 0.8102022058823529 0.03951612903225806 0.0818014705882353
2 0.4693548387096774 0.8299632352941176 0.267741935483871 0.3400735294117647
1 0.7520161290322581 0.40900735294117646 0.025 0.034926470588235295
3 0.7286290322580645 0.3740808823529412 0.02661290322580645 0.03308823529411765
3 0.7375 0.3874080882352941 0.02338709677419355 0.03952205882352941
1 0.7318548387096774 0.3837316176470588 0.031451612903225803 0.03216911764705882
1 0.7455645161290323 0.3947610294117647 0.031451612903225803 0.035845588235294115
