2 0.98828125 0.46041666666666664 0.018229166666666668 0.03125
2 0.9872395833333333 0.48541666666666666 0.0140625 0.01875
2 0.97734375 0.47239583333333335 0.018229166666666668 0.028125
2 0.8877604166666667 0.22786458333333334 0.0203125 0.018229166666666668
3 0.13541666666666666 0.15494791666666666 0.016666666666666666 0.015104166666666667
0 0.9885416666666667 0.60546875 0.013541666666666667 0.021354166666666667
1 0.12604166666666666 0.2518229166666667 0.030208333333333334 0.025520833333333333
1 0.0546875 0.2794270833333333 0.019791666666666666 0.0109375
1 0.05703125 0.3125 0.021354166666666667 0.013541666666666667
4 0.815625 0.07421875 0.021875 0.024479166666666666
1 0.93046875 0.6119791666666666 0.0234375 0.017708333333333333
1 0.0296875 0.2755208333333333 0.011458333333333333 0.008333333333333333
2 0.05520833333333333 0.24348958333333334 0.020833333333333332 0.0203125
2 0.08828125 0.24713541666666666 0.033854166666666664 0.027604166666666666
2 0.13723958333333333 0.22838541666666667 0.050520833333333334 0.0421875
2 0.10052083333333334 0.21770833333333334 0.029166666666666667 0.030208333333333334
2 0.0328125 0.2864583333333333 0.017708333333333333 0.015625
2 0.3234375 0.165625 0.09791666666666667 0.059375
1 0.18046875 0.2328125 0.043229166666666666 0.03125
4 0.5940104166666667 0.009635416666666667 0.0296875 0.018229166666666668
