2 0.4096774193548387 0.15946691176470587 0.0532258064516129 0.03952205882352941
1 0.5858870967741936 0.2192095588235294 0.020161290322580645 0.02849264705882353
1 0.3625 0.1792279411764706 0.029838709677419355 0.034926470588235295
2 0.6560483870967742 0.22518382352941177 0.021774193548387097 0.022058823529411766
2 0.6399193548387097 0.2265625 0.029838709677419355 0.03216911764705882
1 0.3024193548387097 0.19163602941176472 0.035483870967741936 0.043198529411764705
2 0.2725806451612903 0.1792279411764706 0.041935483870967745 0.03676470588235294
1 0.2161290322580645 0.22794117647058823 0.03064516129032258 0.042279411764705885
2 0.8766129032258064 0.8069852941176471 0.035483870967741936 0.07720588235294118
2 0.802016129032258 0.5716911764705882 0.09112903225806451 0.1488970588235294
1 0.7524193548387097 0.40808823529411764 0.025806451612903226 0.03308823529411765
3 0.7294354838709678 0.37224264705882354 0.02661290322580645 0.034926470588235295
3 0.7362903225806452 0.38556985294117646 0.024193548387096774 0.03952205882352941
1 0.7326612903225806 0.3828125 0.029838709677419355 0.03400735294117647
1 0.744758064516129 0.39659926470588236 0.028225806451612902 0.03400735294117647
