2 0.5016129032258064 0.1792279411764706 0.024193548387096774 0.03308823529411765
1 0.4875 0.18244485294117646 0.01532258064516129 0.02665441176470588
1 0.527016129032258 0.22334558823529413 0.021774193548387097 0.029411764705882353
1 0.4778225806451613 0.22426470588235295 0.028225806451612902 0.03860294117647059
1 0.5177419354838709 0.20680147058823528 0.020967741935483872 0.025735294117647058
1 0.5133064516129032 0.2522977941176471 0.03790322580645161 0.03952205882352941
1 0.5016129032258064 0.19669117647058823 0.02258064516129032 0.025735294117647058
1 0.7419354838709677 0.8795955882352942 0.056451612903225805 0.05698529411764706
3 0.7866935483870968 0.7159926470588235 0.04435483870967742 0.027573529411764705
1 0.22016129032258064 0.20588235294117646 0.04516129032258064 0.04779411764705882
1 0.7411290322580645 0.9430147058823529 0.05 0.034926470588235295
1 0.769758064516129 0.7352941176470589 0.04435483870967742 0.06066176470588235
1 0.7657258064516129 0.8345588235294118 0.03951612903225806 0.051470588235294115
4 0.8346774193548387 0.6291360294117647 0.027419354838709678 0.03216911764705882
4 0.8080645161290323 0.5101102941176471 0.037096774193548385 0.04963235294117647
