2 0.9885416666666667 0.46119791666666665 0.017708333333333333 0.030729166666666665
2 0.9846354166666667 0.4864583333333333 0.018229166666666668 0.019791666666666666
2 0.97578125 0.47317708333333336 0.0171875 0.030729166666666665
2 0.8872395833333333 0.22864583333333333 0.022395833333333334 0.01875
3 0.030989583333333334 0.32265625 0.0171875 0.009895833333333333
2 0.049479166666666664 0.23619791666666667 0.016666666666666666 0.019270833333333334
1 0.06380208333333333 0.26536458333333335 0.021354166666666667 0.0140625
1 0.7966145833333333 0.13229166666666667 0.018229166666666668 0.029166666666666667
1 0.0203125 0.303125 0.011458333333333333 0.007291666666666667
3 0.03828125 0.25677083333333334 0.011979166666666667 0.008333333333333333
3 0.01953125 0.3140625 0.011979166666666667 0.007291666666666667
4 0.609375 0.01953125 0.05625 0.03802083333333333
1 0.52109375 0.011458333333333333 0.013020833333333334 0.021875
2 0.9802083333333333 0.63125 0.009375 0.014583333333333334
