2 0.37338709677419357 0.18658088235294118 0.07096774193548387 0.04044117647058824
1 0.44516129032258067 0.3561580882352941 0.04516129032258064 0.08915441176470588
2 0.7314516129032258 0.9397977941176471 0.11290322580645161 0.10202205882352941
1 0.7677419354838709 0.5211397058823529 0.06451612903225806 0.06801470588235294
1 0.510483870967742 0.7182904411764706 0.09193548387096774 0.16636029411764705
1 0.36774193548387096 0.7412683823529411 0.08709677419354839 0.16819852941176472
1 0.6233870967741936 0.39981617647058826 0.043548387096774194 0.08088235294117647
1 0.5778225806451613 0.8662683823529411 0.09112903225806451 0.140625
2 0.7536290322580645 0.8111213235294118 0.13629032258064516 0.13878676470588236
2 0.8600806451612903 0.7734375 0.049193548387096775 0.1130514705882353
2 0.8729838709677419 0.8442095588235294 0.050806451612903224 0.078125
1 0.7419354838709677 0.6038602941176471 0.06774193548387097 0.09926470588235294
1 0.6931451612903226 0.6148897058823529 0.06854838709677419 0.11397058823529412
1 0.8185483870967742 0.5551470588235294 0.05 0.05330882352941176
1 0.7576612903225807 0.5464154411764706 0.055645161290322584 0.05974264705882353
3 0.6850806451612903 0.38556985294117646 0.025 0.050551470588235295
3 0.6963709677419355 0.39705882352941174 0.02661290322580645 0.051470588235294115
3 0.7125 0.4329044117647059 0.03467741935483871 0.05514705882352941
3 0.7108870967741936 0.44577205882352944 0.031451612903225803 0.06066176470588235
3 0.7270161290322581 0.4572610294117647 0.03951612903225806 0.057904411764705885
1 0.6669354838709678 0.4632352941176471 0.04516129032258064 0.0900735294117647
1 0.7431451612903226 0.3975183823529412 0.021774193548387097 0.030330882352941176
1 0.7524193548387097 0.4103860294117647 0.024193548387096774 0.035845588235294115
1 0.7310483870967742 0.3837316176470588 0.02338709677419355 0.02849264705882353
3 0.7459677419354839 0.8961397058823529 0.07258064516129033 0.04044117647058824
2 0.49435483870967745 0.21323529411764705 0.08064516129032258 0.04411764705882353
