1 0.5538152610441767 0.20955882352941177 0.023293172690763052 0.027573529411764705
1 0.5742971887550201 0.22931985294117646 0.014457831325301205 0.02297794117647059
1 0.5903614457831325 0.22242647058823528 0.017670682730923693 0.025735294117647058
1 0.6048192771084338 0.22058823529411764 0.014457831325301205 0.022058823529411766
1 0.1634538152610442 0.359375 0.06987951807228916 0.0900735294117647
1 0.2469879518072289 0.7964154411764706 0.10040160642570281 0.12040441176470588
3 0.3506024096385542 0.8308823529411765 0.061847389558232935 0.09191176470588236
2 0.3269076305220884 0.18933823529411764 0.05783132530120482 0.04044117647058824
2 0.3690763052208835 0.14246323529411764 0.04417670682730924 0.025735294117647058
2 0.41887550200803214 0.16314338235294118 0.05220883534136546 0.02849264705882353
2 0.7927710843373494 0.4540441176470588 0.05140562248995984 0.07536764705882353
2 0.6562248995983936 0.22748161764705882 0.01927710843373494 0.019301470588235295
2 0.6706827309236948 0.22518382352941177 0.01606425702811245 0.02022058823529412
1 0.621285140562249 0.22794117647058823 0.013654618473895583 0.02022058823529412
1 0.629718875502008 0.23253676470588236 0.01606425702811245 0.02022058823529412
1 0.6389558232931727 0.23345588235294118 0.013654618473895583 0.025735294117647058
2 0.6269076305220883 0.2568933823529412 0.05060240963855422 0.03952205882352941
1 0.6526104417670683 0.24080882352941177 0.013654618473895583 0.014705882352941176
1 0.6634538152610442 0.23988970588235295 0.01285140562248996 0.016544117647058824
1 0.6738955823293172 0.23805147058823528 0.011244979919678716 0.014705882352941176
1 0.6839357429718875 0.23897058823529413 0.013654618473895583 0.016544117647058824
2 0.7056224899598393 0.24402573529411764 0.018473895582329317 0.021139705882352942
2 0.6867469879518072 0.2545955882352941 0.024096385542168676 0.025735294117647058
2 0.5052208835341365 0.23115808823529413 0.08674698795180723 0.06158088235294118
2 0.26907630522088355 0.16819852941176472 0.02891566265060241 0.025735294117647058
2 0.22369477911646587 0.16773897058823528 0.023293172690763052 0.024816176470588234
1 0.19357429718875502 0.19117647058823528 0.014457831325301205 0.022058823529411766
2 0.8710843373493976 0.7486213235294118 0.058634538152610445 0.109375
1 0.8132530120481928 0.5386029411764706 0.04257028112449799 0.042279411764705885
1 0.8132530120481928 0.5942095588235294 0.0570281124497992 0.05606617647058824
3 0.738152610441767 0.38878676470588236 0.024096385542168676 0.04044117647058824
1 0.6995983935742972 0.33409926470588236 0.020883534136546186 0.03216911764705882
2 0.8795180722891566 0.8377757352941176 0.0321285140562249 0.05606617647058824
2 0.8995983935742972 0.7679227941176471 0.02570281124497992 0.06341911764705882
