2 0.30121951219512194 0.17876838235294118 0.036585365853658534 0.03400735294117647
2 0.39715447154471545 0.16590073529411764 0.034959349593495934 0.03400735294117647
2 0.483739837398374 0.16636029411764705 0.03414634146341464 0.029411764705882353
1 0.34065040650406503 0.18658088235294118 0.022764227642276424 0.04044117647058824
1 0.3073170731707317 0.1953125 0.01788617886178862 0.030330882352941176
1 0.2032520325203252 0.22012867647058823 0.02926829268292683 0.046875
2 0.8040650406504065 0.27849264705882354 0.016260162601626018 0.016544117647058824
2 0.832520325203252 0.30193014705882354 0.014634146341463415 0.019301470588235295
2 0.8113821138211382 0.3000919117647059 0.01788617886178862 0.024816176470588234
1 0.8731707317073171 0.6194852941176471 0.04552845528455285 0.0661764705882353
1 0.24065040650406505 0.20909926470588236 0.02113821138211382 0.035845588235294115
1 0.7967479674796748 0.26746323529411764 0.013008130081300813 0.014705882352941176
1 0.7930894308943089 0.28170955882352944 0.012195121951219513 0.017463235294117647
1 0.7865853658536586 0.27481617647058826 0.013821138211382113 0.016544117647058824
1 0.7792682926829269 0.2693014705882353 0.012195121951219513 0.014705882352941176
1 0.7772357723577236 0.265625 0.011382113821138212 0.014705882352941176
1 0.7703252032520326 0.2610294117647059 0.013821138211382113 0.016544117647058824
1 0.759349593495935 0.25919117647058826 0.016260162601626018 0.016544117647058824
