2 0.708130081300813 0.21645220588235295 0.06991869918699187 0.03768382352941176
2 0.8142276422764227 0.24862132352941177 0.046341463414634146 0.030330882352941176
3 0.04227642276422764 0.5919117647058824 0.01788617886178862 0.029411764705882353
3 0.05 0.5625 0.02032520325203252 0.027573529411764705
3 0.8626016260162601 0.4774816176470588 0.03577235772357724 0.06525735294117647
3 0.8093495934959349 0.6737132352941176 0.06422764227642276 0.07352941176470588
3 0.8471544715447155 0.8708639705882353 0.055284552845528454 0.04503676470588235
1 0.1821138211382114 0.9007352941176471 0.04715447154471545 0.05698529411764706
1 0.21544715447154472 0.9375 0.05365853658536585 0.06066176470588235
1 0.25894308943089434 0.9623161764705882 0.06260162601626017 0.058823529411764705
1 0.49390243902439024 0.16681985294117646 0.025203252032520326 0.03216911764705882
1 0.5434959349593496 0.16314338235294118 0.02195121951219512 0.03216911764705882
1 0.441869918699187 0.17509191176470587 0.02195121951219512 0.03400735294117647
2 0.8626016260162601 0.2702205882352941 0.03414634146341464 0.03125
2 0.3182926829268293 0.2619485294117647 0.1016260162601626 0.07904411764705882
2 0.7894308943089431 0.22058823529411764 0.05040650406504065 0.03308823529411765
1 0.7223577235772358 0.2931985294117647 0.04796747967479675 0.058823529411764705
1 0.8422764227642277 0.33547794117647056 0.02926829268292683 0.04963235294117647
2 0.375609756097561 0.9604779411764706 0.14796747967479676 0.07904411764705882
2 0.07032520325203252 0.4384191176470588 0.03170731707317073 0.034926470588235295
1 0.22276422764227644 0.2587316176470588 0.02113821138211382 0.02665441176470588
1 0.2845528455284553 0.2270220588235294 0.022764227642276424 0.025735294117647058
