2 0.8869791666666667 0.228125 0.019791666666666666 0.017708333333333333
2 0.984375 0.48072916666666665 0.019791666666666666 0.025
1 0.8356770833333333 0.2515625 0.025520833333333333 0.03229166666666667
1 0.7627604166666667 0.24088541666666666 0.0453125 0.0421875
3 0.20625 0.12838541666666667 0.022916666666666665 0.024479166666666666
3 0.78203125 0.5768229166666666 0.05677083333333333 0.030729166666666665
1 0.33697916666666666 0.1921875 0.05520833333333333 0.053125
1 0.32578125 0.3028645833333333 0.06302083333333333 0.050520833333333334
1 0.11354166666666667 0.3640625 0.03854166666666667 0.026041666666666668
1 0.07135416666666666 0.32109375 0.028125 0.021354166666666667
1 0.04635416666666667 0.2828125 0.017708333333333333 0.0125
1 0.03307291666666667 0.30078125 0.015104166666666667 0.0109375
1 0.02734375 0.30807291666666664 0.0140625 0.011979166666666667
1 0.5729166666666666 0.014583333333333334 0.0125 0.023958333333333335
2 0.97734375 0.5739583333333333 0.0140625 0.023958333333333335
0 0.8059895833333334 0.08072916666666667 0.04114583333333333 0.04895833333333333
2 0.040364583333333336 0.27395833333333336 0.0171875 0.017708333333333333
2 0.028125 0.2799479166666667 0.013541666666666667 0.018229166666666668
0 0.159375 0.165625 0.12708333333333333 0.09375
2 0.05963541666666667 0.26197916666666665 0.021354166666666667 0.026041666666666668
2 0.08203125 0.2515625 0.027604166666666666 0.030208333333333334
2 0.22213541666666667 0.19479166666666667 0.0859375 0.05520833333333333
2 0.5986979166666667 0.19114583333333332 0.13177083333333334 0.07604166666666666
2 0.8341145833333333 0.18567708333333333 0.04010416666666667 0.04739583333333333
2 0.8044270833333333 0.11979166666666667 0.0265625 0.030208333333333334
2 0.9697916666666667 0.52578125 0.020833333333333332 0.0296875
2 0.1203125 0.23255208333333333 0.053125 0.0453125
1 0.10677083333333333 0.30807291666666664 0.03854166666666667 0.021354166666666667
3 0.86171875 0.159375 0.016145833333333335 0.016666666666666666
2 0.04296875 0.33515625 0.028645833333333332 0.024479166666666666
