2 0.5304147465437788 0.10891544117647059 0.030414746543778803 0.030330882352941176
3 0.376036866359447 0.8166360294117647 0.04423963133640553 0.05974264705882353
2 0.5737327188940092 0.10248161764705882 0.02488479262672811 0.02665441176470588
1 0.5576036866359447 0.11626838235294118 0.014746543778801843 0.02849264705882353
1 0.05069124423963134 0.5197610294117647 0.03317972350230415 0.013786764705882353
2 0.016129032258064516 0.5091911764705882 0.01566820276497696 0.02022058823529412
2 0.23778801843317973 0.3318014705882353 0.10138248847926268 0.07536764705882353
1 0.14746543778801843 0.4774816176470588 0.05161290322580645 0.02297794117647059
1 0.5940092165898617 0.4912683823529412 0.0728110599078341 0.04503676470588235
3 0.44193548387096776 0.12224264705882353 0.011981566820276499 0.03125
3 0.4304147465437788 0.12454044117647059 0.011059907834101382 0.02849264705882353
3 0.27004608294930876 0.17279411764705882 0.014746543778801843 0.02389705882352941
1 0.8525345622119815 0.5698529411764706 0.060829493087557605 0.05330882352941176
1 0.7764976958525346 0.6153492647058824 0.06543778801843318 0.06341911764705882
2 0.9529953917050691 0.44806985294117646 0.0423963133640553 0.04136029411764706
1 0.7995391705069125 0.22104779411764705 0.030414746543778803 0.030330882352941176
2 0.9336405529953917 0.3428308823529412 0.05898617511520737 0.05330882352941176
