1 0.14857142857142858 0.35753676470588236 0.05714285714285714 0.09375
2 0.3575510204081633 0.14476102941176472 0.045714285714285714 0.02297794117647059
2 0.7910204081632654 0.453125 0.05551020408163265 0.07904411764705882
3 0.33510204081632655 0.8175551470588235 0.07102040816326531 0.0744485294117647
1 0.23591836734693877 0.7931985294117647 0.09795918367346938 0.12316176470588236
2 0.41020408163265304 0.16222426470588236 0.05142857142857143 0.02849264705882353
2 0.5077551020408163 0.31387867647058826 0.07510204081632653 0.1056985294117647
2 0.28122448979591835 0.17830882352941177 0.04 0.029411764705882353
3 0.3159183673469388 0.19025735294117646 0.0163265306122449 0.03308823529411765
3 0.3028571428571429 0.19623161764705882 0.0163265306122449 0.04136029411764706
1 0.3420408163265306 0.16636029411764705 0.02122448979591837 0.03125
1 0.3628571428571429 0.22150735294117646 0.018775510204081632 0.04044117647058824
1 0.39346938775510204 0.2113970588235294 0.019591836734693877 0.04411764705882353
2 0.42653061224489797 0.19255514705882354 0.06448979591836734 0.043198529411764705
1 0.4857142857142857 0.19761029411764705 0.027755102040816326 0.03125
1 0.36081632653061224 0.2775735294117647 0.0326530612244898 0.0661764705882353
1 0.5093877551020408 0.19669117647058823 0.024489795918367346 0.03125
1 0.5428571428571428 0.20036764705882354 0.022857142857142857 0.027573529411764705
1 0.5967346938775511 0.20680147058823528 0.02122448979591837 0.02022058823529412
1 0.566530612244898 0.2026654411764706 0.014693877551020407 0.021139705882352942
1 0.58 0.2104779411764706 0.015510204081632653 0.02389705882352941
2 0.5383673469387755 0.22334558823529413 0.07265306122448979 0.04044117647058824
1 0.6693877551020408 0.49862132352941174 0.053877551020408164 0.07996323529411764
2 0.6763265306122449 0.21783088235294118 0.017142857142857144 0.01838235294117647
2 0.6693877551020408 0.22196691176470587 0.02122448979591837 0.021139705882352942
2 0.6485714285714286 0.22518382352941177 0.02857142857142857 0.025735294117647058
1 0.7008163265306122 0.24862132352941177 0.017142857142857144 0.021139705882352942
1 0.6840816326530612 0.23529411764705882 0.013061224489795919 0.016544117647058824
1 0.6759183673469388 0.234375 0.009795918367346938 0.012867647058823529
1 0.6689795918367347 0.23299632352941177 0.010612244897959184 0.017463235294117647
1 0.6179591836734694 0.2261029411764706 0.014693877551020407 0.025735294117647058
1 0.6293877551020408 0.22886029411764705 0.014693877551020407 0.02389705882352941
1 0.6012244897959184 0.23023897058823528 0.02040816326530612 0.02665441176470588
1 0.6351020408163265 0.24448529411764705 0.0163265306122449 0.02389705882352941
1 0.6277551020408163 0.25919117647058826 0.017959183673469388 0.02389705882352941
1 0.6134693877551021 0.26516544117647056 0.026938775510204082 0.03400735294117647
1 0.5853061224489796 0.265625 0.027755102040816326 0.03860294117647059
1 0.62 0.2927389705882353 0.03346938775510204 0.03768382352941176
1 0.6248979591836735 0.35431985294117646 0.036734693877551024 0.05974264705882353
1 0.6612244897959184 0.34558823529411764 0.037551020408163265 0.058823529411764705
1 0.7077551020408164 0.4898897058823529 0.0473469387755102 0.08088235294117647
1 0.746938775510204 0.5638786764705882 0.05551020408163265 0.07261029411764706
1 0.7481632653061224 0.6585477941176471 0.06775510204081632 0.09834558823529412
1 0.7216326530612245 0.7987132352941176 0.06693877551020408 0.08088235294117647
2 0.4620408163265306 0.8722426470588235 0.2220408163265306 0.2555147058823529
0 0.906530612244898 0.7058823529411765 0.030204081632653063 0.06985294117647059
2 0.8812244897959184 0.7035845588235294 0.036734693877551024 0.08915441176470588
1 0.6951020408163265 0.3327205882352941 0.0236734693877551 0.034926470588235295
1 0.813469387755102 0.5114889705882353 0.04326530612244898 0.021139705882352942
2 0.8820408163265306 0.7982536764705882 0.03183673469387755 0.0744485294117647
2 0.8902040816326531 0.8350183823529411 0.025306122448979593 0.046875
1 0.8587755102040816 0.7844669117647058 0.05714285714285714 0.04503676470588235
1 0.8657142857142858 0.7329963235294118 0.03836734693877551 0.03768382352941176
1 0.8330612244897959 0.7205882352941176 0.06612244897959184 0.058823529411764705
1 0.803265306122449 0.6585477941176471 0.052244897959183675 0.05606617647058824
1 0.8404081632653061 0.6599264705882353 0.044897959183673466 0.04595588235294118
1 0.796734693877551 0.6112132352941176 0.062040816326530614 0.04044117647058824
1 0.8089795918367347 0.5326286764705882 0.045714285714285714 0.024816176470588234
1 0.8040816326530612 0.5684742647058824 0.05061224489795919 0.04503676470588235
1 0.8379591836734694 0.5758272058823529 0.03183673469387755 0.02849264705882353
1 0.2330612244897959 0.19439338235294118 0.018775510204081632 0.03216911764705882
1 0.2110204081632653 0.19944852941176472 0.015510204081632653 0.029411764705882353
1 0.2559183673469388 0.19347426470588236 0.018775510204081632 0.03216911764705882
1 0.1783673469387755 0.2182904411764706 0.013877551020408163 0.03216911764705882
1 0.19387755102040816 0.20680147058823528 0.013877551020408163 0.034926470588235295
1 0.21714285714285714 0.17693014705882354 0.013061224489795919 0.02297794117647059
1 0.19918367346938776 0.17555147058823528 0.009795918367346938 0.02022058823529412
2 0.20448979591836736 0.15441176470588236 0.012244897959183673 0.012867647058823529
1 0.28448979591836737 0.15073529411764705 0.010612244897959184 0.01838235294117647
1 0.2522448979591837 0.15165441176470587 0.00816326530612245 0.012867647058823529
1 0.6481632653061224 0.23897058823529413 0.014693877551020407 0.02022058823529412
1 0.833469387755102 0.8823529411764706 0.044081632653061226 0.03308823529411765
1 0.8697959183673469 0.8340992647058824 0.03183673469387755 0.03216911764705882
1 0.8416326530612245 0.6098345588235294 0.0326530612244898 0.03400735294117647
1 0.8738775510204082 0.6378676470588235 0.03346938775510204 0.03676470588235294
1 0.8885714285714286 0.6695772058823529 0.030204081632653063 0.024816176470588234
1 0.8579591836734693 0.5974264705882353 0.027755102040816326 0.034926470588235295
