2 0.2983739837398374 0.17555147058823528 0.03739837398373984 0.04044117647058824
1 0.21910569105691058 0.29641544117647056 0.07073170731707316 0.07261029411764706
1 0.8686991869918699 0.6158088235294118 0.036585365853658534 0.04779411764705882
1 0.8613821138211382 0.6617647058823529 0.04796747967479675 0.051470588235294115
1 0.8447154471544716 0.7017463235294118 0.04552845528455285 0.05422794117647059
2 0.3955284552845528 0.16544117647058823 0.044715447154471545 0.042279411764705885
3 0.3483739837398374 0.17463235294117646 0.02195121951219512 0.04411764705882353
2 0.3443089430894309 0.22242647058823528 0.13739837398373983 0.08088235294117647
2 0.14065040650406505 0.2927389705882353 0.08943089430894309 0.09283088235294118
1 0.2032520325203252 0.23897058823529413 0.05040650406504065 0.04963235294117647
1 0.08821138211382114 0.3584558823529412 0.03170731707317073 0.05330882352941176
1 0.441869918699187 0.19898897058823528 0.04796747967479675 0.046875
1 0.758130081300813 0.25735294117647056 0.015447154471544716 0.01838235294117647
1 0.7703252032520326 0.27205882352941174 0.01707317073170732 0.01838235294117647
1 0.6817073170731708 0.23575367647058823 0.026829268292682926 0.02849264705882353
2 0.7995934959349593 0.2766544117647059 0.023577235772357725 0.022058823529411766
2 0.8333333333333334 0.3000919117647059 0.016260162601626018 0.019301470588235295
1 0.8313008130081301 0.3713235294117647 0.01869918699186992 0.027573529411764705
1 0.5113821138211382 0.21001838235294118 0.04552845528455285 0.046875
1 0.5439024390243903 0.25 0.056910569105691054 0.0661764705882353
2 0.6199186991869918 0.2339154411764706 0.0951219512195122 0.06158088235294118
3 0.8353658536585366 0.609375 0.05447154471544716 0.06433823529411764
4 0.13170731707317074 0.25735294117647056 0.07317073170731707 0.08823529411764706
1 0.4902439024390244 0.19255514705882354 0.04390243902439024 0.046875
2 0.8113821138211382 0.29503676470588236 0.027642276422764227 0.03125
1 0.6971544715447154 0.22518382352941177 0.02032520325203252 0.03125
