3 0.8626016260162601 0.47931985294117646 0.03577235772357724 0.06893382352941177
3 0.8077235772357724 0.6769301470588235 0.06422764227642276 0.07261029411764706
3 0.8447154471544716 0.8727022058823529 0.06016260162601626 0.043198529411764705
1 0.18089430894308944 0.8988970588235294 0.043089430894308944 0.05514705882352941
1 0.21178861788617886 0.9310661764705882 0.043089430894308944 0.04963235294117647
1 0.2597560975609756 0.9673713235294118 0.052845528455284556 0.06158088235294118
1 0.540650406504065 0.1645220588235294 0.02113821138211382 0.029411764705882353
1 0.7686991869918699 0.20450367647058823 0.02195121951219512 0.02297794117647059
1 0.49308943089430896 0.16819852941176472 0.025203252032520326 0.027573529411764705
1 0.43902439024390244 0.17601102941176472 0.024390243902439025 0.03400735294117647
2 0.8922764227642277 0.34191176470588236 0.03983739837398374 0.04963235294117647
2 0.3719512195121951 0.26746323529411764 0.108130081300813 0.08639705882352941
2 0.14065040650406505 0.5638786764705882 0.08943089430894309 0.19025735294117646
2 0.06951219512195123 0.4384191176470588 0.023577235772357725 0.034926470588235295
1 0.08821138211382114 0.42141544117647056 0.015447154471544716 0.02297794117647059
1 0.2861788617886179 0.22518382352941177 0.022764227642276424 0.03125
3 0.051626016260162604 0.546875 0.01869918699186992 0.03308823529411765
