2 0.29878048780487804 0.1796875 0.041463414634146344 0.03768382352941176
2 0.3967479674796748 0.1640625 0.04715447154471545 0.043198529411764705
2 0.7959349593495935 0.5004595588235294 0.0943089430894309 0.10753676470588236
1 0.8691056910569106 0.6240808823529411 0.03902439024390244 0.051470588235294115
1 0.3443089430894309 0.1870404411764706 0.02032520325203252 0.043198529411764705
1 0.541869918699187 0.2182904411764706 0.043089430894308944 0.043198529411764705
1 0.5516260162601626 0.32628676470588236 0.06422764227642276 0.07720588235294118
1 0.208130081300813 0.24678308823529413 0.04227642276422764 0.05422794117647059
1 0.13658536585365855 0.30652573529411764 0.03414634146341464 0.050551470588235295
1 0.3333333333333333 0.20450367647058823 0.03577235772357724 0.03952205882352941
2 0.3621951219512195 0.23851102941176472 0.13902439024390245 0.078125
1 0.8589430894308943 0.6750919117647058 0.044715447154471545 0.04503676470588235
1 0.7821138211382114 0.6769301470588235 0.06504065040650407 0.0744485294117647
3 0.8052845528455285 0.7058823529411765 0.04796747967479675 0.04411764705882353
1 0.7853658536585366 0.26700367647058826 0.011382113821138212 0.017463235294117647
1 0.7589430894308943 0.2587316176470588 0.01707317073170732 0.019301470588235295
1 0.7386178861788618 0.2610294117647059 0.023577235772357725 0.025735294117647058
1 0.693089430894309 0.24080882352941177 0.023577235772357725 0.025735294117647058
2 0.8288617886178862 0.30284926470588236 0.02032520325203252 0.02297794117647059
2 0.7983739837398374 0.2835477941176471 0.022764227642276424 0.02297794117647059
2 0.6906504065040651 0.2702205882352941 0.07235772357723577 0.04411764705882353
4 0.13617886178861788 0.2568933823529412 0.06097560975609756 0.08915441176470588
