2 0.7483739837398374 0.22380514705882354 0.06585365853658537 0.04136029411764706
2 0.8130081300813008 0.24816176470588236 0.05040650406504065 0.03676470588235294
3 0.07317073170731707 0.6034007352941176 0.02926829268292683 0.043198529411764705
3 0.03983739837398374 0.5914522058823529 0.02113821138211382 0.03216911764705882
3 0.8630081300813008 0.4742647058823529 0.034959349593495934 0.06985294117647059
3 0.9211382113821138 0.5652573529411765 0.04390243902439024 0.06433823529411764
3 0.29878048780487804 0.5776654411764706 0.06910569105691057 0.07261029411764706
3 0.8345528455284553 0.8837316176470589 0.052845528455284556 0.03952205882352941
1 0.18536585365853658 0.8993566176470589 0.05365853658536585 0.05974264705882353
1 0.21422764227642277 0.9352022058823529 0.043089430894308944 0.06158088235294118
1 0.2597560975609756 0.9623161764705882 0.06260162601626017 0.06433823529411764
1 0.4394308943089431 0.17509191176470587 0.01869918699186992 0.03216911764705882
1 0.4951219512195122 0.16681985294117646 0.027642276422764227 0.02665441176470588
1 0.3516260162601626 0.2035845588235294 0.03170731707317073 0.03216911764705882
1 0.5479674796747968 0.16038602941176472 0.022764227642276424 0.02665441176470588
2 0.8613821138211382 0.2725183823529412 0.03170731707317073 0.024816176470588234
0 0.2573170731707317 0.23759191176470587 0.15528455284552845 0.12408088235294118
2 0.5609756097560976 0.19761029411764705 0.1008130081300813 0.04411764705882353
2 0.3776422764227642 0.9613970588235294 0.14715447154471545 0.07720588235294118
2 0.05569105691056911 0.45818014705882354 0.01869918699186992 0.035845588235294115
3 0.04796747967479675 0.5831801470588235 0.01788617886178862 0.030330882352941176
