2 0.2983739837398374 0.1801470588235294 0.04065040650406504 0.03676470588235294
2 0.3955284552845528 0.1645220588235294 0.04959349593495935 0.042279411764705885
2 0.7020325203252032 0.5818014705882353 0.14715447154471545 0.21323529411764705
1 0.8711382113821138 0.6222426470588235 0.044715447154471545 0.058823529411764705
1 0.3434959349593496 0.1879595588235294 0.01869918699186992 0.03952205882352941
1 0.21016260162601627 0.21875 0.015447154471544716 0.03676470588235294
1 0.859349593495935 0.6714154411764706 0.04715447154471545 0.05238970588235294
1 0.848780487804878 0.7155330882352942 0.05203252032520325 0.05238970588235294
2 0.11260162601626016 0.3102022058823529 0.05121951219512195 0.07261029411764706
1 0.6670731707317074 0.31433823529411764 0.043089430894308944 0.07169117647058823
2 0.8040650406504065 0.28079044117647056 0.022764227642276424 0.024816176470588234
1 0.8028455284552846 0.32536764705882354 0.02032520325203252 0.029411764705882353
2 0.824390243902439 0.3772977941176471 0.04390243902439024 0.04871323529411765
4 0.13495934959349593 0.2536764705882353 0.06829268292682927 0.07720588235294118
