1 0.41566265060240964 0.19209558823529413 0.013654618473895583 0.022058823529411766
1 0.40522088353413654 0.19025735294117646 0.010441767068273093 0.02389705882352941
1 0.39437751004016064 0.18520220588235295 0.01285140562248996 0.02849264705882353
1 0.378714859437751 0.17463235294117646 0.013654618473895583 0.022058823529411766
1 0.3678714859437751 0.17509191176470587 0.011244979919678716 0.02297794117647059
1 0.3606425702811245 0.18841911764705882 0.01285140562248996 0.022058823529411766
1 0.348995983935743 0.1879595588235294 0.012048192771084338 0.02297794117647059
1 0.3333333333333333 0.18474264705882354 0.01927710843373494 0.029411764705882353
1 0.25582329317269076 0.22288602941176472 0.021686746987951807 0.043198529411764705
1 0.16546184738955824 0.24586397058823528 0.020883534136546186 0.04136029411764706
1 0.142570281124498 0.2578125 0.013654618473895583 0.03952205882352941
1 0.12248995983935743 0.26838235294117646 0.012048192771084338 0.034926470588235295
1 0.10722891566265061 0.28308823529411764 0.013654618473895583 0.027573529411764705
1 0.09598393574297188 0.2881433823529412 0.010441767068273093 0.02297794117647059
1 0.5461847389558233 0.23207720588235295 0.030522088353413655 0.030330882352941176
2 0.7682730923694779 0.32077205882352944 0.016867469879518072 0.01838235294117647
1 0.7200803212851405 0.2931985294117647 0.010441767068273093 0.01838235294117647
1 0.6269076305220883 0.3952205882352941 0.04096385542168675 0.04963235294117647
1 0.7943775100401607 0.49954044117647056 0.035341365461847386 0.046875
2 0.44497991967871486 0.19025735294117646 0.04497991967871486 0.04963235294117647
1 0.6903614457831325 0.2743566176470588 0.016867469879518072 0.021139705882352942
1 0.7506024096385542 0.38005514705882354 0.020080321285140562 0.02849264705882353
1 0.7196787148594378 0.35753676470588236 0.024096385542168676 0.034926470588235295
1 0.6907630522088354 0.3212316176470588 0.02248995983935743 0.02849264705882353
1 0.6449799196787148 0.2555147058823529 0.020883534136546186 0.025735294117647058
