1 0.264453125 0.6875 0.05390625 0.0625
2 0.2234375 0.473046875 0.071875 0.15546875
3 0.23984375 0.359375 0.0546875 0.034375
3 0.1671875 0.292578125 0.03125 0.02734375
3 0.313671875 0.165625 0.02109375 0.03125
2 0.239453125 0.18671875 0.03828125 0.0328125
2 0.227734375 0.180078125 0.02734375 0.02734375
2 0.21015625 0.185546875 0.0234375 0.02578125
2 0.190234375 0.19375 0.01796875 0.01875
2 0.390234375 0.101953125 0.02109375 0.02265625
2 0.44140625 0.07890625 0.021875 0.0203125
2 0.39453125 0.0859375 0.0171875 0.015625
1 0.40859375 0.099609375 0.0109375 0.01796875
1 0.420703125 0.09453125 0.01171875 0.0203125
1 0.436328125 0.09296875 0.01171875 0.0234375
1 0.46015625 0.0859375 0.0140625 0.0234375
2 0.555078125 0.09453125 0.03046875 0.0265625
3 0.618359375 0.101953125 0.01171875 0.02578125
3 0.685546875 0.125 0.01484375 0.028125
1 0.78984375 0.315625 0.0515625 0.034375
0 0.878515625 0.412109375 0.21171875 0.24609375
3 0.89609375 0.327734375 0.0265625 0.01796875
1 0.778125 0.78671875 0.040625 0.0546875
3 0.633984375 0.93203125 0.02421875 0.0484375
2 0.507421875 0.8703125 0.14609375 0.08125
