1 0.42073170731707316 0.2743566176470588 0.036585365853658534 0.06525735294117647
1 0.6304878048780488 0.27941176470588236 0.05772357723577236 0.0661764705882353
3 0.5605691056910569 0.19255514705882354 0.01869918699186992 0.04503676470588235
3 0.5491869918699187 0.19806985294117646 0.02195121951219512 0.046875
3 0.5898373983739837 0.21277573529411764 0.023577235772357725 0.050551470588235295
1 0.17845528455284554 0.28952205882352944 0.02032520325203252 0.022058823529411766
2 0.141869918699187 0.32306985294117646 0.03333333333333333 0.03400735294117647
3 0.14715447154471545 0.3492647058823529 0.01788617886178862 0.03308823529411765
3 0.1329268292682927 0.35294117647058826 0.015447154471544716 0.03860294117647059
3 0.12032520325203253 0.37545955882352944 0.013008130081300813 0.03768382352941176
0 0.22235772357723577 0.43704044117647056 0.2788617886178862 0.4806985294117647
1 0.6593495934959349 0.17784926470588236 0.027642276422764227 0.02849264705882353
1 0.6272357723577235 0.17279411764705882 0.026829268292682926 0.029411764705882353
2 0.709349593495935 0.19806985294117646 0.06260162601626017 0.043198529411764705
1 0.775609756097561 0.20955882352941177 0.01951219512195122 0.025735294117647058
2 0.8113821138211382 0.23713235294117646 0.04878048780487805 0.04044117647058824
2 0.8089430894308943 0.2899816176470588 0.06829268292682927 0.057904411764705885
2 0.7524390243902439 0.20588235294117646 0.03170731707317073 0.03125
1 0.09471544715447154 0.4094669117647059 0.013821138211382113 0.021139705882352942
1 0.07804878048780488 0.4462316176470588 0.016260162601626018 0.02297794117647059
1 0.08739837398373984 0.42371323529411764 0.015447154471544716 0.02389705882352941
