1 0.08571428571428572 0.40579044117647056 0.027755102040816326 0.05606617647058824
1 0.7183673469387755 0.31112132352941174 0.00816326530612245 0.011948529411764705
2 0.5775510204081633 0.23161764705882354 0.018775510204081632 0.014705882352941176
0 0.7538775510204082 0.3258272058823529 0.036734693877551024 0.035845588235294115
1 0.726530612244898 0.3161764705882353 0.009795918367346938 0.014705882352941176
1 0.7383673469387755 0.3249080882352941 0.008979591836734694 0.015625
1 0.2518367346938776 0.23023897058823528 0.012244897959183673 0.021139705882352942
1 0.5595918367346939 0.23943014705882354 0.02040816326530612 0.02297794117647059
2 0.49795918367346936 0.234375 0.062040816326530614 0.03308823529411765
1 0.6840816326530612 0.38143382352941174 0.03918367346938775 0.05514705882352941
1 0.2436734693877551 0.22472426470588236 0.012244897959183673 0.021139705882352942
1 0.46408163265306124 0.26056985294117646 0.03510204081632653 0.03952205882352941
