2 0.6411290322580645 0.22748161764705882 0.03225806451612903 0.03216911764705882
2 0.4495967741935484 0.24494485294117646 0.10725806451612903 0.07261029411764706
2 0.3903225806451613 0.18382352941176472 0.07258064516129033 0.04779411764705882
2 0.32016129032258067 0.24678308823529413 0.09838709677419355 0.08731617647058823
1 0.3032258064516129 0.18933823529411764 0.035483870967741936 0.03860294117647059
2 0.5004032258064516 0.6429227941176471 0.3056451612903226 0.3336397058823529
1 0.20766129032258066 0.6599264705882353 0.1217741935483871 0.15625
2 0.23024193548387098 0.17876838235294118 0.036290322580645164 0.02849264705882353
2 0.27338709677419354 0.17693014705882354 0.04516129032258064 0.03768382352941176
2 0.21129032258064517 0.23207720588235295 0.05806451612903226 0.06525735294117647
2 0.8088709677419355 0.9232536764705882 0.06290322580645161 0.06525735294117647
2 0.7616935483870968 0.5680147058823529 0.1314516129032258 0.1875
1 0.7524193548387097 0.40808823529411764 0.025806451612903226 0.03308823529411765
3 0.7294354838709678 0.3727022058823529 0.02661290322580645 0.03400735294117647
3 0.7370967741935484 0.38556985294117646 0.024193548387096774 0.03952205882352941
1 0.7322580645161291 0.3828125 0.03064516129032258 0.03400735294117647
1 0.7455645161290323 0.3961397058823529 0.029838709677419355 0.034926470588235295
2 0.2963709677419355 0.16222426470588236 0.03951612903225806 0.02849264705882353
