2 0.8046875 0.12821691176470587 0.04375 0.07996323529411764
0 0.9338541666666667 0.3318014705882353 0.023958333333333335 0.05330882352941176
1 0.8604166666666667 0.5307904411764706 0.041666666666666664 0.07261029411764706
1 0.11119791666666666 0.8924632352941176 0.0390625 0.10845588235294118
1 0.026041666666666668 0.8414522058823529 0.027083333333333334 0.07628676470588236
1 0.04869791666666667 0.8465073529411765 0.033854166666666664 0.09926470588235294
2 0.07630208333333334 0.2679227941176471 0.03177083333333333 0.06709558823529412
3 0.8239583333333333 0.7637867647058824 0.07083333333333333 0.08272058823529412
3 0.88125 0.4365808823529412 0.028125 0.05330882352941176
1 0.8268229166666666 0.16819852941176472 0.015104166666666667 0.027573529411764705
1 0.653125 0.05698529411764706 0.03229166666666667 0.051470588235294115
1 0.7315104166666667 0.09420955882352941 0.0265625 0.046875
1 0.8622395833333333 0.2339154411764706 0.015104166666666667 0.030330882352941176
1 0.9010416666666666 0.29044117647058826 0.014583333333333334 0.025735294117647058
1 0.9127604166666666 0.30330882352941174 0.0140625 0.02389705882352941
1 0.04375 0.5064338235294118 0.030208333333333334 0.04779411764705882
1 0.3059895833333333 0.09972426470588236 0.044270833333333336 0.07077205882352941
2 0.05026041666666667 0.34650735294117646 0.0203125 0.04411764705882353
2 0.178125 0.27297794117647056 0.103125 0.17095588235294118
2 0.016145833333333335 0.5068933823529411 0.025 0.07261029411764706
2 0.9013020833333333 0.35891544117647056 0.0296875 0.06709558823529412
2 0.8723958333333334 0.2913602941176471 0.030208333333333334 0.0661764705882353
3 0.325 0.051011029411764705 0.019791666666666666 0.057904411764705885
1 0.8463541666666666 0.19209558823529413 0.015625 0.025735294117647058
