2 0.8041666666666667 0.12683823529411764 0.04583333333333333 0.08088235294117647
1 0.11145833333333334 0.8924632352941176 0.03854166666666667 0.10661764705882353
1 0.02578125 0.8409926470588235 0.025520833333333333 0.07536764705882353
1 0.04973958333333333 0.8465073529411765 0.0296875 0.09558823529411764
2 0.0765625 0.26838235294117646 0.03125 0.06801470588235294
1 0.8265625 0.16773897058823528 0.014583333333333334 0.02665441176470588
1 0.87734375 0.3837316176470588 0.0296875 0.05238970588235294
1 0.050520833333333334 0.3708639705882353 0.015625 0.03768382352941176
1 0.04140625 0.4085477941176471 0.018229166666666668 0.03952205882352941
1 0.9161458333333333 0.30652573529411764 0.009375 0.021139705882352942
0 0.8903645833333333 0.24632352941176472 0.050520833333333334 0.10477941176470588
2 0.11640625 0.609375 0.1078125 0.16727941176470587
2 0.8950520833333333 0.31755514705882354 0.028645833333333332 0.057904411764705885
2 0.2752604166666667 0.40670955882352944 0.19739583333333333 0.21783088235294118
3 0.3328125 0.050551470588235295 0.015625 0.05330882352941176
