3 0.7024390243902439 0.6346507352941176 0.056910569105691054 0.09834558823529412
3 0.5369918699186992 0.17601102941176472 0.015447154471544716 0.030330882352941176
3 0.55 0.1801470588235294 0.015447154471544716 0.034926470588235295
3 0.567479674796748 0.18428308823529413 0.01951219512195122 0.04136029411764706
3 0.30934959349593494 0.20680147058823528 0.01869918699186992 0.027573529411764705
3 0.19552845528455284 0.28630514705882354 0.013821138211382113 0.030330882352941176
3 0.21300813008130082 0.2665441176470588 0.01788617886178862 0.03308823529411765
1 0.6743902439024391 0.17647058823529413 0.028455284552845527 0.03308823529411765
1 0.6317073170731707 0.171875 0.02926829268292683 0.022058823529411766
1 0.6390243902439025 0.18106617647058823 0.026016260162601626 0.027573529411764705
2 0.12276422764227642 0.3400735294117647 0.026016260162601626 0.04411764705882353
2 0.09065040650406504 0.3929227941176471 0.028455284552845527 0.043198529411764705
2 0.07235772357723577 0.4163602941176471 0.022764227642276424 0.029411764705882353
2 0.06788617886178862 0.4462316176470588 0.02195121951219512 0.03216911764705882
2 0.056504065040650406 0.45358455882352944 0.02032520325203252 0.03768382352941176
1 0.08943089430894309 0.4181985294117647 0.01951219512195122 0.027573529411764705
1 0.07560975609756097 0.44025735294117646 0.014634146341463415 0.025735294117647058
