2 0.98828125 0.46041666666666664 0.018229166666666668 0.03125
2 0.9864583333333333 0.48541666666666666 0.014583333333333334 0.019791666666666666
2 0.9768229166666667 0.47291666666666665 0.018229166666666668 0.029166666666666667
2 0.8880208333333334 0.228125 0.020833333333333332 0.01875
3 0.9458333333333333 0.3924479166666667 0.027083333333333334 0.0109375
1 0.20625 0.20130208333333333 0.03854166666666667 0.030729166666666665
1 0.10859375 0.228125 0.024479166666666666 0.017708333333333333
1 0.0734375 0.23463541666666668 0.014583333333333334 0.013020833333333334
1 0.03229166666666667 0.30833333333333335 0.015625 0.009375
4 0.81640625 0.07447916666666667 0.022395833333333334 0.023958333333333335
1 0.9440104166666666 0.4356770833333333 0.027604166666666666 0.018229166666666668
1 0.9640625 0.5174479166666667 0.023958333333333335 0.0140625
2 0.9791666666666666 0.6119791666666666 0.014583333333333334 0.017708333333333333
1 0.8729166666666667 0.5760416666666667 0.04479166666666667 0.022916666666666665
1 0.35989583333333336 0.17838541666666666 0.05 0.049479166666666664
1 0.21901041666666668 0.15 0.027604166666666666 0.028125
1 0.4666666666666667 0.009375 0.014583333333333334 0.017708333333333333
2 0.6015625 0.02578125 0.03229166666666667 0.024479166666666666
2 0.0515625 0.2859375 0.022916666666666665 0.021875
2 0.07005208333333333 0.2604166666666667 0.0328125 0.027083333333333334
