1 0.41526104417670684 0.18887867647058823 0.014457831325301205 0.024816176470588234
1 0.40522088353413654 0.19117647058823528 0.010441767068273093 0.02022058823529412
1 0.39477911646586344 0.18382352941176472 0.012048192771084338 0.03125
1 0.3795180722891566 0.17693014705882354 0.013654618473895583 0.024816176470588234
1 0.3674698795180723 0.17555147058823528 0.012048192771084338 0.02389705882352941
1 0.3586345381526104 0.1875 0.013654618473895583 0.02389705882352941
1 0.348995983935743 0.1879595588235294 0.013654618473895583 0.02297794117647059
1 0.3325301204819277 0.18474264705882354 0.020883534136546186 0.03125
1 0.25582329317269076 0.22288602941176472 0.020080321285140562 0.04136029411764706
1 0.16626506024096385 0.24816176470588236 0.01606425702811245 0.03676470588235294
1 0.1538152610441767 0.2509191176470588 0.013654618473895583 0.042279411764705885
1 0.14096385542168674 0.25919117647058826 0.012048192771084338 0.034926470588235295
1 0.12369477911646587 0.2688419117647059 0.011244979919678716 0.03400735294117647
1 0.10763052208835341 0.28170955882352944 0.01285140562248996 0.030330882352941176
1 0.09678714859437751 0.2890625 0.010441767068273093 0.02297794117647059
1 0.5465863453815261 0.22886029411764705 0.028112449799196786 0.02389705882352941
2 0.7995983935742972 0.3851102941176471 0.018473895582329317 0.029411764705882353
2 0.8060240963855422 0.35294117647058826 0.012048192771084338 0.016544117647058824
2 0.6630522088353413 0.3115808823529412 0.05060240963855422 0.03860294117647059
2 0.7718875502008032 0.3166360294117647 0.014457831325301205 0.015625
2 0.7883534136546185 0.33869485294117646 0.013654618473895583 0.015625
1 0.7831325301204819 0.34972426470588236 0.011244979919678716 0.013786764705882353
2 0.7417670682730924 0.34558823529411764 0.0393574297188755 0.04411764705882353
4 0.6614457831325301 0.28079044117647056 0.05381526104417671 0.03216911764705882
2 0.5036144578313253 0.2688419117647059 0.08835341365461848 0.057904411764705885
3 0.5678714859437751 0.234375 0.01285140562248996 0.029411764705882353
3 0.7899598393574297 0.5390625 0.03293172690763052 0.04136029411764706
1 0.7682730923694779 0.3616727941176471 0.016867469879518072 0.02297794117647059
1 0.7678714859437751 0.37545955882352944 0.017670682730923693 0.024816176470588234
1 0.6919678714859437 0.27297794117647056 0.020080321285140562 0.02022058823529412
1 0.6445783132530121 0.25827205882352944 0.020080321285140562 0.02389705882352941
