1 0.8732718894009217 0.5583639705882353 0.05069124423963134 0.035845588235294115
1 0.8543778801843318 0.5647977941176471 0.05898617511520737 0.03400735294117647
1 0.8350230414746543 0.5965073529411765 0.055299539170506916 0.051470588235294115
1 0.8764976958525346 0.6006433823529411 0.025806451612903226 0.02665441176470588
1 0.868663594470046 0.6314338235294118 0.05806451612903226 0.03125
1 0.3921658986175115 0.15303308823529413 0.026728110599078342 0.03216911764705882
3 0.39953917050691246 0.14384191176470587 0.011981566820276499 0.030330882352941176
2 0.5824884792626728 0.11121323529411764 0.023963133640552997 0.027573529411764705
4 0.24608294930875577 0.24678308823529413 0.0663594470046083 0.08547794117647059
2 0.5336405529953917 0.09145220588235294 0.020276497695852536 0.019301470588235295
1 0.5175115207373272 0.1130514705882353 0.013824884792626729 0.029411764705882353
2 0.023963133640552997 0.44715073529411764 0.016589861751152075 0.021139705882352942
2 0.011981566820276499 0.515625 0.012903225806451613 0.016544117647058824
2 0.024423963133640553 0.5041360294117647 0.01935483870967742 0.015625
1 0.20506912442396313 0.25137867647058826 0.02488479262672811 0.02849264705882353
1 0.2926267281105991 0.20909926470588236 0.03225806451612903 0.035845588235294115
2 0.8235023041474654 0.27297794117647056 0.06728110599078341 0.04963235294117647
