1 0.9186991869918699 0.4977022058823529 0.04065040650406504 0.050551470588235295
3 0.09308943089430895 0.5477941176470589 0.034959349593495934 0.05514705882352941
3 0.07845528455284553 0.5822610294117647 0.03170731707317073 0.03952205882352941
0 0.18983739837398375 0.27619485294117646 0.10325203252032521 0.1056985294117647
2 0.7491869918699187 0.22334558823529413 0.06260162601626017 0.03860294117647059
2 0.8154471544715447 0.24678308823529413 0.05203252032520325 0.035845588235294115
2 0.2813008130081301 0.25275735294117646 0.07154471544715447 0.04963235294117647
2 0.6955284552845529 0.26378676470588236 0.12276422764227642 0.06433823529411764
2 0.6434959349593496 0.18658088235294118 0.07560975609756097 0.03308823529411765
1 0.4951219512195122 0.16819852941176472 0.024390243902439025 0.03125
1 0.6154471544715447 0.1640625 0.024390243902439025 0.02665441176470588
3 0.44065040650406506 0.16773897058823528 0.016260162601626018 0.03216911764705882
2 0.374390243902439 0.9627757352941176 0.13739837398373983 0.07261029411764706
1 0.18414634146341463 0.90625 0.05447154471544716 0.06801470588235294
1 0.216260162601626 0.9324448529411765 0.06666666666666667 0.05974264705882353
1 0.8784552845528455 0.31847426470588236 0.023577235772357725 0.03768382352941176
