1 0.5762096774193548 0.20955882352941177 0.020161290322580645 0.025735294117647058
2 0.49798387096774194 0.27849264705882354 0.10725806451612903 0.08823529411764706
2 0.7987903225806452 0.6130514705882353 0.09435483870967742 0.13970588235294118
1 0.3125 0.19852941176470587 0.021774193548387097 0.03676470588235294
2 0.25201612903225806 0.1640625 0.028225806451612902 0.024816176470588234
2 0.26975806451612905 0.17003676470588236 0.031451612903225803 0.025735294117647058
2 0.2971774193548387 0.18106617647058823 0.04758064516129032 0.03125
3 0.7241935483870968 0.40119485294117646 0.03064516129032258 0.04136029411764706
1 0.7310483870967742 0.38327205882352944 0.021774193548387097 0.027573529411764705
1 0.7443548387096774 0.39797794117647056 0.024193548387096774 0.03125
1 0.7540322580645161 0.4099264705882353 0.027419354838709678 0.034926470588235295
