1 0.1646586345381526 0.36121323529411764 0.06586345381526104 0.09191176470588236
1 0.25020080321285143 0.7931985294117647 0.09236947791164658 0.11580882352941177
3 0.3469879518072289 0.8065257352941176 0.0642570281124498 0.06525735294117647
1 0.6943775100401607 0.7780330882352942 0.10040160642570281 0.08547794117647059
1 0.5405622489959839 0.49954044117647056 0.08674698795180723 0.11488970588235294
1 0.39437751004016064 0.17325367647058823 0.020883534136546186 0.024816176470588234
1 0.3449799196787149 0.16038602941176472 0.016867469879518072 0.02297794117647059
2 0.26827309236947794 0.14292279411764705 0.01606425702811245 0.017463235294117647
2 0.28112449799196787 0.15349264705882354 0.02248995983935743 0.02022058823529412
2 0.3144578313253012 0.1636029411764706 0.03775100401606426 0.03125
2 0.36947791164658633 0.19117647058823528 0.05622489959839357 0.03860294117647059
2 0.4502008032128514 0.21415441176470587 0.06987951807228916 0.04411764705882353
2 0.3108433734939759 0.14935661764705882 0.033734939759036145 0.024816176470588234
2 0.25502008032128515 0.15854779411764705 0.021686746987951807 0.017463235294117647
2 0.3682730923694779 0.14292279411764705 0.04578313253012048 0.024816176470588234
2 0.42088353413654617 0.16222426470588236 0.05140562248995984 0.030330882352941176
1 0.5429718875502008 0.19990808823529413 0.02570281124497992 0.03400735294117647
1 0.5614457831325301 0.21737132352941177 0.027309236947791166 0.030330882352941176
2 0.7959839357429719 0.4508272058823529 0.05461847389558233 0.07996323529411764
1 0.751004016064257 0.44393382352941174 0.043373493975903614 0.05330882352941176
1 0.7028112449799196 0.41360294117647056 0.04497991967871486 0.06066176470588235
1 0.6570281124497992 0.3993566176470588 0.05140562248995984 0.06709558823529412
1 0.8373493975903614 0.8768382352941176 0.0393574297188755 0.04044117647058824
2 0.6666666666666666 0.22380514705882354 0.020883534136546186 0.024816176470588234
2 0.6449799196787148 0.2261029411764706 0.02570281124497992 0.025735294117647058
1 0.702008032128514 0.24448529411764705 0.01285140562248996 0.016544117647058824
1 0.5971887550200803 0.20772058823529413 0.015261044176706828 0.01838235294117647
1 0.6080321285140562 0.22242647058823528 0.017670682730923693 0.022058823529411766
1 0.6184738955823293 0.23069852941176472 0.017670682730923693 0.02389705882352941
1 0.6337349397590362 0.23621323529411764 0.01606425702811245 0.02022058823529412
2 0.6791164658634539 0.2532169117647059 0.02650602409638554 0.02849264705882353
3 0.6763052208835342 0.29181985294117646 0.01285140562248996 0.021139705882352942
3 0.6839357429718875 0.29641544117647056 0.016867469879518072 0.030330882352941176
3 0.6895582329317269 0.3010110294117647 0.015261044176706828 0.02665441176470588
3 0.7004016064257028 0.3161764705882353 0.017670682730923693 0.029411764705882353
1 0.5265060240963856 0.25735294117647056 0.03614457831325301 0.042279411764705885
1 0.6558232931726907 0.30974264705882354 0.03132530120481928 0.04044117647058824
2 0.44859437751004017 0.9287683823529411 0.20803212851405622 0.140625
2 0.28755020080321286 0.3258272058823529 0.11244979919678715 0.14981617647058823
4 0.5666666666666667 0.3322610294117647 0.16947791164658635 0.14430147058823528
1 0.39919678714859436 0.3648897058823529 0.05301204819277108 0.10110294117647059
1 0.3333333333333333 0.2192095588235294 0.02570281124497992 0.04503676470588235
1 0.2883534136546185 0.23529411764705882 0.030522088353413655 0.05698529411764706
2 0.21967871485943774 0.16084558823529413 0.018473895582329317 0.022058823529411766
1 0.2281124497991968 0.18428308823529413 0.014457831325301205 0.02297794117647059
1 0.21927710843373494 0.21507352941176472 0.014457831325301205 0.029411764705882353
1 0.2457831325301205 0.21323529411764705 0.017670682730923693 0.03308823529411765
1 0.2855421686746988 0.19071691176470587 0.023293172690763052 0.024816176470588234
2 0.26506024096385544 0.16544117647058823 0.027309236947791166 0.027573529411764705
2 0.2891566265060241 0.17647058823529413 0.036947791164658635 0.03125
1 0.8253012048192772 0.9283088235294118 0.03453815261044177 0.029411764705882353
1 0.3285140562248996 0.2858455882352941 0.036947791164658635 0.07352941176470588
