2 0.29878048780487804 0.1792279411764706 0.041463414634146344 0.03676470588235294
2 0.3959349593495935 0.1640625 0.04878048780487805 0.043198529411764705
2 0.7955284552845528 0.5 0.09349593495934959 0.10845588235294118
1 0.8691056910569106 0.6245404411764706 0.03739837398373984 0.04871323529411765
1 0.34308943089430893 0.1879595588235294 0.01951219512195122 0.04136029411764706
3 0.11788617886178862 0.27389705882352944 0.013008130081300813 0.03860294117647059
1 0.21097560975609755 0.22150735294117646 0.015447154471544716 0.03125
1 0.15203252032520326 0.27987132352941174 0.03739837398373984 0.05606617647058824
1 0.44227642276422763 0.20818014705882354 0.04878048780487805 0.04871323529411765
1 0.5609756097560976 0.22472426470588236 0.04552845528455285 0.04871323529411765
1 0.8589430894308943 0.6792279411764706 0.043089430894308944 0.051470588235294115
1 0.7666666666666667 0.7012867647058824 0.06504065040650407 0.08272058823529412
2 0.8252032520325203 0.28079044117647056 0.014634146341463415 0.017463235294117647
2 0.832520325203252 0.3023897058823529 0.014634146341463415 0.022058823529411766
2 0.8138211382113821 0.2853860294117647 0.01788617886178862 0.021139705882352942
2 0.8345528455284553 0.3327205882352941 0.026829268292682926 0.03676470588235294
1 0.7780487804878049 0.27481617647058826 0.016260162601626018 0.01838235294117647
1 0.7691056910569106 0.2977941176470588 0.02113821138211382 0.025735294117647058
4 0.1369918699186992 0.25597426470588236 0.05934959349593496 0.08547794117647059
