2 0.17016129032258065 0.33088235294117646 0.14677419354838708 0.10294117647058823
1 0.11129032258064517 0.48253676470588236 0.08225806451612903 0.11029411764705882
1 0.1338709677419355 0.5643382352941176 0.1032258064516129 0.10661764705882353
1 0.11129032258064517 0.7205882352941176 0.10483870967741936 0.0900735294117647
1 0.15564516129032258 0.40027573529411764 0.07419354838709677 0.09834558823529412
1 0.8258064516129032 0.6360294117647058 0.01935483870967742 0.01838235294117647
2 0.7576612903225807 0.7973345588235294 0.05403225806451613 0.17371323529411764
2 0.8181451612903226 0.5514705882352942 0.016935483870967744 0.027573529411764705
2 0.7850806451612903 0.5151654411764706 0.025 0.03768382352941176
1 0.7310483870967742 0.42371323529411764 0.021774193548387097 0.022058823529411766
1 0.75 0.45818014705882354 0.024193548387096774 0.02297794117647059
1 0.7556451612903226 0.4806985294117647 0.02258064516129032 0.02389705882352941
1 0.7733870967741936 0.5068933823529411 0.020967741935483872 0.02665441176470588
2 0.805241935483871 0.5386029411764706 0.020161290322580645 0.029411764705882353
2 0.8411290322580646 0.6089154411764706 0.012903225806451613 0.021139705882352942
4 0.8080645161290323 0.5105698529411765 0.037096774193548385 0.05238970588235294
