2 0.7165322580645161 0.40762867647058826 0.07983870967741935 0.08915441176470588
1 0.17096774193548386 0.6856617647058824 0.07903225806451612 0.0661764705882353
1 0.7205645161290323 0.36856617647058826 0.02338709677419355 0.027573529411764705
1 0.4181451612903226 0.17738970588235295 0.021774193548387097 0.03308823529411765
1 0.4629032258064516 0.19163602941176472 0.027419354838709678 0.035845588235294115
1 0.38911290322580644 0.19347426470588236 0.025 0.03768382352941176
1 0.16733870967741934 0.3000919117647059 0.042741935483870966 0.05422794117647059
1 0.6375 0.26378676470588236 0.018548387096774192 0.027573529411764705
1 0.625 0.27389705882352944 0.01935483870967742 0.03125
1 0.5733870967741935 0.2113970588235294 0.020967741935483872 0.025735294117647058
1 0.7596774193548387 0.5087316176470589 0.054838709677419356 0.05606617647058824
1 0.8173387096774194 0.5804227941176471 0.04112903225806452 0.057904411764705885
2 0.660483870967742 0.3786764705882353 0.1032258064516129 0.11397058823529412
2 0.33830645161290324 0.18336397058823528 0.04435483870967742 0.03400735294117647
2 0.2411290322580645 0.20450367647058823 0.043548387096774194 0.04503676470588235
2 0.8475806451612903 0.7215073529411765 0.06451612903225806 0.1213235294117647
2 0.822983870967742 0.5367647058823529 0.07661290322580645 0.10294117647058823
2 0.2794354838709677 0.17555147058823528 0.03467741935483871 0.029411764705882353
2 0.25725806451612904 0.16544117647058823 0.03387096774193549 0.025735294117647058
2 0.22379032258064516 0.18244485294117646 0.028225806451612902 0.02665441176470588
1 0.28669354838709676 0.19209558823529413 0.016935483870967744 0.025735294117647058
1 0.18629032258064515 0.1870404411764706 0.014516129032258065 0.024816176470588234
2 0.6479838709677419 0.2265625 0.025 0.021139705882352942
2 0.6568548387096774 0.22058823529411764 0.020161290322580645 0.02022058823529412
1 0.6858870967741936 0.26424632352941174 0.013709677419354839 0.017463235294117647
1 0.6270161290322581 0.23115808823529413 0.013709677419354839 0.019301470588235295
3 0.7810483870967742 0.46875 0.03790322580645161 0.04595588235294118
