2 0.8041666666666667 0.12591911764705882 0.046875 0.08088235294117647
1 0.11119791666666666 0.8920036764705882 0.03802083333333333 0.1056985294117647
1 0.025520833333333333 0.8405330882352942 0.025 0.0744485294117647
1 0.05078125 0.8465073529411765 0.027604166666666666 0.09375
2 0.07682291666666667 0.26838235294117646 0.030729166666666665 0.06801470588235294
3 0.48984375 0.7840073529411765 0.06927083333333334 0.10294117647058823
1 0.8263020833333333 0.16773897058823528 0.0140625 0.02665441176470588
1 0.08151041666666667 0.3400735294117647 0.022395833333333334 0.042279411764705885
1 0.052083333333333336 0.5753676470588235 0.03854166666666667 0.04963235294117647
1 0.7270833333333333 0.6268382352941176 0.10104166666666667 0.15441176470588236
1 0.8096354166666667 0.5133272058823529 0.0671875 0.09466911764705882
2 0.009375 0.5900735294117647 0.017708333333333333 0.06066176470588235
2 0.7997395833333333 0.16636029411764705 0.04739583333333333 0.06433823529411764
3 0.3190104166666667 0.05560661764705882 0.0171875 0.05974264705882353
1 0.8497395833333333 0.19255514705882354 0.0140625 0.02665441176470588
1 0.8393229166666667 0.18198529411764705 0.015104166666666667 0.03308823529411765
1 0.8700520833333333 0.22242647058823528 0.011979166666666667 0.022058823529411766
2 0.006510416666666667 0.5068933823529411 0.011979166666666667 0.05974264705882353
