2 0.8044270833333333 0.12821691176470587 0.044270833333333336 0.07996323529411764
1 0.8604166666666667 0.5307904411764706 0.042708333333333334 0.07077205882352941
1 0.11119791666666666 0.8924632352941176 0.0390625 0.10845588235294118
1 0.02578125 0.8414522058823529 0.0265625 0.07628676470588236
1 0.04921875 0.8460477941176471 0.0328125 0.09834558823529412
2 0.0765625 0.2679227941176471 0.03125 0.06709558823529412
3 0.0140625 0.7578125 0.022916666666666665 0.03216911764705882
3 0.045572916666666664 0.6544117647058824 0.0390625 0.051470588235294115
1 0.8265625 0.16819852941176472 0.014583333333333334 0.027573529411764705
1 0.6619791666666667 0.04917279411764706 0.028125 0.05422794117647059
1 0.68046875 0.07123161764705882 0.03177083333333333 0.05422794117647059
1 0.024479166666666666 0.5868566176470589 0.025 0.03952205882352941
1 0.07604166666666666 0.7725183823529411 0.051041666666666666 0.06158088235294118
1 0.020052083333333335 0.6488970588235294 0.0265625 0.04411764705882353
1 0.021614583333333333 0.6181066176470589 0.027604166666666666 0.03216911764705882
1 0.018229166666666668 0.6865808823529411 0.026041666666666668 0.03676470588235294
1 0.009375 0.6966911764705882 0.017708333333333333 0.029411764705882353
1 0.02109375 0.7141544117647058 0.024479166666666666 0.03308823529411765
1 0.02109375 0.7518382352941176 0.0265625 0.03308823529411765
2 0.011197916666666667 0.5703125 0.021354166666666667 0.05974264705882353
3 0.21796875 0.12408088235294118 0.019270833333333334 0.05514705882352941
2 0.00703125 0.6603860294117647 0.013020833333333334 0.057904411764705885
