2 0.8044270833333333 0.12591911764705882 0.04635416666666667 0.08088235294117647
1 0.11119791666666666 0.8920036764705882 0.03802083333333333 0.1056985294117647
1 0.02578125 0.8405330882352942 0.025520833333333333 0.0744485294117647
1 0.05026041666666667 0.8469669117647058 0.028645833333333332 0.09466911764705882
2 0.0765625 0.26838235294117646 0.03125 0.06801470588235294
3 0.26276041666666666 0.09145220588235294 0.0203125 0.05606617647058824
3 0.25859375 0.10386029411764706 0.015104166666666667 0.051470588235294115
1 0.8265625 0.16773897058823528 0.014583333333333334 0.02665441176470588
1 0.8033854166666666 0.14476102941176472 0.0171875 0.03768382352941176
1 0.8598958333333333 0.22380514705882354 0.015625 0.030330882352941176
1 0.89765625 0.2803308823529412 0.013020833333333334 0.022058823529411766
1 0.9161458333333333 0.3083639705882353 0.011458333333333333 0.021139705882352942
1 0.0828125 0.3883272058823529 0.027083333333333334 0.05422794117647059
1 0.2578125 0.13924632352941177 0.03854166666666667 0.06158088235294118
1 0.2390625 0.1875 0.04479166666666667 0.08272058823529412
1 0.00703125 0.5009191176470589 0.0140625 0.025735294117647058
1 0.008333333333333333 0.6433823529411765 0.016666666666666666 0.03308823529411765
1 0.0875 0.6351102941176471 0.05416666666666667 0.0625
3 0.32083333333333336 0.05376838235294118 0.016666666666666666 0.05422794117647059
