2 0.8049479166666667 0.12821691176470587 0.044270833333333336 0.07996323529411764
1 0.86015625 0.5307904411764706 0.0421875 0.07077205882352941
1 0.11119791666666666 0.8924632352941176 0.0390625 0.10845588235294118
1 0.026041666666666668 0.8414522058823529 0.027083333333333334 0.07628676470588236
1 0.04895833333333333 0.8460477941176471 0.03333333333333333 0.09834558823529412
2 0.07630208333333334 0.2679227941176471 0.03177083333333333 0.06709558823529412
3 0.51796875 0.6741727941176471 0.06510416666666667 0.09283088235294118
3 0.47760416666666666 0.8019301470588235 0.06354166666666666 0.08547794117647059
1 0.8268229166666666 0.16819852941176472 0.015104166666666667 0.027573529411764705
1 0.85 0.20634191176470587 0.013541666666666667 0.030330882352941176
1 0.5760416666666667 0.035845588235294115 0.03854166666666667 0.058823529411764705
1 0.05234375 0.6139705882352942 0.04010416666666667 0.04963235294117647
1 0.03958333333333333 0.7090992647058824 0.034375 0.04503676470588235
1 0.09427083333333333 0.2913602941176471 0.019791666666666666 0.042279411764705885
1 0.02265625 0.43933823529411764 0.0140625 0.02389705882352941
2 0.010677083333333334 0.5050551470588235 0.0203125 0.06525735294117647
2 0.11067708333333333 0.43612132352941174 0.07864583333333333 0.13694852941176472
2 0.884375 0.31112132352941174 0.030208333333333334 0.06525735294117647
2 0.017447916666666667 0.5583639705882353 0.0265625 0.07077205882352941
2 0.05182291666666667 0.42463235294117646 0.0328125 0.0974264705882353
2 0.7 0.11626838235294118 0.08958333333333333 0.09466911764705882
3 0.33984375 0.04871323529411765 0.018229166666666668 0.06433823529411764
2 0.006510416666666667 0.671875 0.011979166666666667 0.06066176470588235
2 0.9229166666666667 0.3538602941176471 0.016666666666666666 0.029411764705882353
2 0.91953125 0.38465073529411764 0.019270833333333334 0.03952205882352941
