4 0.13495934959349593 0.25505514705882354 0.06829268292682927 0.08731617647058823
2 0.2991869918699187 0.17784926470588236 0.03902439024390244 0.03952205882352941
2 0.39471544715447154 0.16819852941176472 0.046341463414634146 0.03676470588235294
1 0.34227642276422765 0.18841911764705882 0.024390243902439025 0.04595588235294118
4 0.22967479674796748 0.5041360294117647 0.23983739837398374 0.20680147058823528
2 0.5995934959349594 0.8258272058823529 0.1796747967479675 0.3134191176470588
1 0.8699186991869918 0.6236213235294118 0.04065040650406504 0.050551470588235295
1 0.8585365853658536 0.6783088235294118 0.04715447154471545 0.04779411764705882
1 0.8475609756097561 0.7123161764705882 0.04959349593495935 0.05514705882352941
2 0.8308943089430895 0.29825367647058826 0.014634146341463415 0.021139705882352942
1 0.7955284552845528 0.29090073529411764 0.013821138211382113 0.019301470588235295
2 0.7402439024390244 0.2610294117647059 0.04796747967479675 0.03308823529411765
2 0.8077235772357724 0.32628676470588236 0.034959349593495934 0.04044117647058824
2 0.27439024390243905 0.3570772058823529 0.2121951219512195 0.14613970588235295
2 0.25934959349593495 0.23897058823529413 0.11707317073170732 0.08823529411764706
