2 0.8411290322580646 0.6875 0.07903225806451612 0.14154411764705882
1 0.3100806451612903 0.19898897058823528 0.031451612903225803 0.046875
2 0.29435483870967744 0.15808823529411764 0.037096774193548385 0.025735294117647058
2 0.3625 0.1879595588235294 0.06693548387096775 0.046875
2 0.2524193548387097 0.16544117647058823 0.024193548387096774 0.02022058823529412
2 0.2717741935483871 0.17049632352941177 0.03225806451612903 0.02665441176470588
3 0.7241935483870968 0.40119485294117646 0.03064516129032258 0.04136029411764706
1 0.7310483870967742 0.38327205882352944 0.021774193548387097 0.027573529411764705
1 0.7443548387096774 0.39797794117647056 0.024193548387096774 0.03125
1 0.7540322580645161 0.4099264705882353 0.027419354838709678 0.034926470588235295
1 0.45483870967741935 0.2104779411764706 0.027419354838709678 0.042279411764705885
