2 0.9885416666666667 0.45859375 0.019791666666666666 0.03177083333333333
2 0.984375 0.48515625 0.017708333333333333 0.0234375
2 0.9770833333333333 0.47265625 0.019791666666666666 0.027604166666666666
2 0.8877604166666667 0.22890625 0.021354166666666667 0.019270833333333334
0 0.31171875 0.13619791666666667 0.1796875 0.11197916666666667
4 0.07421875 0.2752604166666667 0.0546875 0.03802083333333333
2 0.020833333333333332 0.2986979166666667 0.019791666666666666 0.0171875
1 0.10651041666666666 0.24036458333333333 0.0265625 0.0171875
1 0.07578125 0.2518229166666667 0.0203125 0.015104166666666667
1 0.846875 0.14270833333333333 0.0125 0.01875
1 0.7427083333333333 0.13333333333333333 0.022916666666666665 0.03125
1 0.6916666666666667 0.42890625 0.06770833333333333 0.044270833333333336
1 0.3020833333333333 0.33151041666666664 0.06979166666666667 0.0515625
