2 0.29878048780487804 0.17509191176470587 0.036585365853658534 0.03952205882352941
1 0.8686991869918699 0.6158088235294118 0.036585365853658534 0.04779411764705882
1 0.8621951219512195 0.6626838235294118 0.04796747967479675 0.051470588235294115
1 0.8451219512195122 0.7017463235294118 0.046341463414634146 0.05422794117647059
2 0.3959349593495935 0.16544117647058823 0.04390243902439024 0.042279411764705885
1 0.4959349593495935 0.18520220588235295 0.02926829268292683 0.03216911764705882
1 0.19308943089430894 0.24632352941176472 0.04796747967479675 0.05698529411764706
2 0.12317073170731707 0.29871323529411764 0.08048780487804878 0.08088235294117647
4 0.10040650406504065 0.3538602941176471 0.0886178861788618 0.10110294117647059
2 0.43902439024390244 0.22058823529411764 0.12845528455284552 0.0661764705882353
1 0.3902439024390244 0.19715073529411764 0.04390243902439024 0.04136029411764706
2 0.6463414634146342 0.27297794117647056 0.0959349593495935 0.0661764705882353
1 0.633739837398374 0.2261029411764706 0.03008130081300813 0.027573529411764705
1 0.65 0.23575367647058823 0.03170731707317073 0.03400735294117647
1 0.6865853658536586 0.2509191176470588 0.034959349593495934 0.034926470588235295
1 0.7077235772357724 0.24724264705882354 0.03008130081300813 0.03860294117647059
2 0.7638211382113821 0.28170955882352944 0.038211382113821135 0.04136029411764706
2 0.8223577235772358 0.28722426470588236 0.01869918699186992 0.017463235294117647
2 0.8215447154471545 0.30422794117647056 0.02195121951219512 0.02389705882352941
1 0.5544715447154471 0.2035845588235294 0.03739837398373984 0.03768382352941176
1 0.5833333333333334 0.2182904411764706 0.044715447154471545 0.03952205882352941
3 0.8386178861788618 0.4866727941176471 0.044715447154471545 0.046875
4 0.13048780487804879 0.2568933823529412 0.06910569105691057 0.09099264705882353
1 0.6955284552845529 0.22380514705882354 0.01869918699186992 0.02849264705882353
