2 0.43911290322580643 0.23345588235294118 0.09435483870967742 0.06801470588235294
1 0.8004032258064516 0.6989889705882353 0.06693548387096775 0.06525735294117647
1 0.7762096774193549 0.515625 0.04596774193548387 0.05698529411764706
2 0.2725806451612903 0.16911764705882354 0.02903225806451613 0.027573529411764705
2 0.2979838709677419 0.18152573529411764 0.049193548387096775 0.035845588235294115
1 0.31129032258064515 0.1957720588235294 0.03225806451612903 0.04411764705882353
2 0.8572580645161291 0.703125 0.05967741935483871 0.13786764705882354
3 0.7237903225806451 0.40119485294117646 0.029838709677419355 0.04136029411764706
1 0.7314516129032258 0.38235294117647056 0.02258064516129032 0.027573529411764705
1 0.7431451612903226 0.3984375 0.02338709677419355 0.030330882352941176
1 0.7536290322580645 0.4103860294117647 0.02661290322580645 0.035845588235294115
