2 0.9880208333333333 0.4609375 0.017708333333333333 0.03125
2 0.984375 0.4859375 0.01875 0.020833333333333332
2 0.9763020833333333 0.47317708333333336 0.018229166666666668 0.028645833333333332
2 0.8877604166666667 0.22838541666666667 0.0203125 0.018229166666666668
3 0.8729166666666667 0.23723958333333334 0.020833333333333332 0.016145833333333335
1 0.1140625 0.23020833333333332 0.028125 0.019791666666666666
1 0.04895833333333333 0.3260416666666667 0.020833333333333332 0.014583333333333334
4 0.8151041666666666 0.07447916666666667 0.021875 0.025
2 0.9643229166666667 0.61796875 0.016145833333333335 0.021354166666666667
2 0.9510416666666667 0.6010416666666667 0.019791666666666666 0.023958333333333335
2 0.9747395833333333 0.5390625 0.0171875 0.028125
2 0.97265625 0.6359375 0.015104166666666667 0.015625
1 0.9734375 0.49453125 0.017708333333333333 0.009895833333333333
1 0.71015625 0.13984375 0.033854166666666664 0.04010416666666667
1 0.37265625 0.10494791666666667 0.024479166666666666 0.0484375
1 0.4393229166666667 0.028125 0.022395833333333334 0.03125
1 0.37786458333333334 0.044270833333333336 0.0234375 0.034375
2 0.57421875 0.08932291666666667 0.05572916666666667 0.07239583333333334
4 0.4984375 0.052083333333333336 0.041666666666666664 0.065625
4 0.5416666666666666 0.019010416666666665 0.041666666666666664 0.03697916666666667
2 0.6638020833333333 0.009114583333333334 0.0203125 0.0171875
2 0.5872395833333334 0.013802083333333333 0.034895833333333334 0.021354166666666667
