2 0.5012096774193548 0.1792279411764706 0.025 0.03308823529411765
1 0.4875 0.18244485294117646 0.01532258064516129 0.02665441176470588
1 0.527016129032258 0.22334558823529413 0.021774193548387097 0.029411764705882353
1 0.47701612903225804 0.22426470588235295 0.028225806451612902 0.03860294117647059
1 0.5177419354838709 0.20680147058823528 0.020967741935483872 0.025735294117647058
1 0.5133064516129032 0.2522977941176471 0.03790322580645161 0.03952205882352941
1 0.5024193548387097 0.19623161764705882 0.02258064516129032 0.02665441176470588
3 0.7830645161290323 0.7127757352941176 0.043548387096774194 0.03400735294117647
3 0.4149193548387097 0.17647058823529413 0.025 0.034926470588235295
1 0.7411290322580645 0.9420955882352942 0.04838709677419355 0.034926470588235295
1 0.7677419354838709 0.8373161764705882 0.04032258064516129 0.05698529411764706
1 0.7419354838709677 0.8814338235294118 0.04838709677419355 0.06066176470588235
1 0.7520161290322581 0.8874080882352942 0.04112903225806452 0.05422794117647059
2 0.8334677419354839 0.6043198529411765 0.01532258064516129 0.02297794117647059
1 0.8258064516129032 0.6213235294117647 0.016129032258064516 0.014705882352941176
4 0.8084677419354839 0.5110294117647058 0.036290322580645164 0.04963235294117647
