1 0.6457142857142857 0.25735294117647056 0.014693877551020407 0.016544117647058824
1 0.7016326530612245 0.2936580882352941 0.010612244897959184 0.017463235294117647
1 0.7261224489795919 0.3170955882352941 0.010612244897959184 0.01838235294117647
1 0.7493877551020408 0.3396139705882353 0.009795918367346938 0.015625
2 0.7661224489795918 0.3327205882352941 0.013877551020408163 0.01838235294117647
2 0.7502040816326531 0.32858455882352944 0.022857142857142857 0.021139705882352942
3 0.6522448979591837 0.5854779411764706 0.0783673469387755 0.0900735294117647
1 0.24979591836734694 0.22334558823529413 0.013061224489795919 0.02022058823529412
1 0.060408163265306125 0.48621323529411764 0.019591836734693877 0.07536764705882353
2 0.10204081632653061 0.4250919117647059 0.062040816326530614 0.13878676470588236
4 0.5955102040816327 0.23805147058823528 0.04979591836734694 0.03308823529411765
