1 0.17258064516129032 0.6870404411764706 0.07903225806451612 0.06709558823529412
1 0.7314516129032258 0.3828125 0.02258064516129032 0.02849264705882353
1 0.7431451612903226 0.3984375 0.025 0.030330882352941176
1 0.7504032258064516 0.4117647058823529 0.025 0.03125
1 0.7338709677419355 0.8832720588235294 0.08548387096774193 0.0625
1 0.42983870967741933 0.18382352941176472 0.02903225806451613 0.029411764705882353
1 0.30443548387096775 0.19852941176470587 0.02661290322580645 0.03125
1 0.5532258064516129 0.20588235294117646 0.02258064516129032 0.02389705882352941
2 0.33830645161290324 0.17830882352941177 0.050806451612903224 0.03308823529411765
2 0.6040322580645161 0.3740808823529412 0.13225806451612904 0.11764705882352941
2 0.8713709677419355 0.7743566176470589 0.04112903225806452 0.0818014705882353
3 0.22016129032258064 0.45496323529411764 0.03387096774193549 0.09375
2 0.2963709677419355 0.18290441176470587 0.03790322580645161 0.03125
2 0.6544354838709677 0.22886029411764705 0.025 0.022058823529411766
2 0.6366935483870968 0.23069852941176472 0.025 0.025735294117647058
