1 0.16546184738955824 0.36121323529411764 0.0642570281124498 0.09191176470588236
1 0.2497991967871486 0.7936580882352942 0.09317269076305221 0.11488970588235294
3 0.3200803212851406 0.7826286764705882 0.06506024096385542 0.06158088235294118
1 0.3293172690763052 0.15303308823529413 0.01285140562248996 0.017463235294117647
2 0.25261044176706826 0.14476102941176472 0.015261044176706828 0.013786764705882353
2 0.3224899598393574 0.16773897058823528 0.0393574297188755 0.02849264705882353
2 0.46626506024096387 0.2555147058823529 0.09558232931726908 0.0661764705882353
1 0.5248995983935743 0.2665441176470588 0.03614457831325301 0.051470588235294115
1 0.3570281124497992 0.22840073529411764 0.03453815261044177 0.04503676470588235
2 0.3682730923694779 0.14292279411764705 0.04578313253012048 0.024816176470588234
2 0.42088353413654617 0.16222426470588236 0.05140562248995984 0.030330882352941176
1 0.5421686746987951 0.20174632352941177 0.02570281124497992 0.03400735294117647
1 0.5614457831325301 0.21461397058823528 0.027309236947791166 0.030330882352941176
2 0.7947791164658634 0.45450367647058826 0.05220883534136546 0.07261029411764706
2 0.668273092369478 0.22564338235294118 0.02248995983935743 0.024816176470588234
2 0.6473895582329318 0.2265625 0.024096385542168676 0.02297794117647059
3 0.555421686746988 0.19852941176470587 0.008835341365461847 0.022058823529411766
3 0.5622489959839357 0.19761029411764705 0.011244979919678716 0.02389705882352941
1 0.6642570281124498 0.23667279411764705 0.01285140562248996 0.021139705882352942
1 0.5983935742971888 0.20588235294117646 0.01285140562248996 0.016544117647058824
1 0.6120481927710844 0.22104779411764705 0.020883534136546186 0.02665441176470588
1 0.62570281124498 0.23299632352941177 0.01927710843373494 0.024816176470588234
3 0.6927710843373494 0.2702205882352941 0.008835341365461847 0.016544117647058824
2 0.44859437751004017 0.9283088235294118 0.20963855421686747 0.14154411764705882
2 0.7253012048192771 0.4209558823529412 0.09959839357429719 0.10845588235294118
2 0.6610441767068274 0.5891544117647058 0.1670682730923695 0.20588235294117646
2 0.8152610441767069 0.9117647058823529 0.07228915662650602 0.08823529411764706
1 0.6518072289156627 0.8322610294117647 0.11004016064257029 0.08915441176470588
1 0.7357429718875502 0.484375 0.06907630522088354 0.058823529411764705
1 0.8096385542168675 0.6056985294117647 0.05943775100401606 0.0661764705882353
1 0.8803212851405623 0.6741727941176471 0.035341365461847386 0.03952205882352941
1 0.8831325301204819 0.7100183823529411 0.03775100401606426 0.04136029411764706
1 0.9072289156626506 0.7679227941176471 0.021686746987951807 0.030330882352941176
2 0.27349397590361446 0.1640625 0.021686746987951807 0.024816176470588234
2 0.2955823293172691 0.17784926470588236 0.035341365461847386 0.03216911764705882
1 0.2895582329317269 0.19347426470588236 0.023293172690763052 0.03400735294117647
2 0.22289156626506024 0.1640625 0.020080321285140562 0.021139705882352942
2 0.21566265060240963 0.18290441176470587 0.023293172690763052 0.025735294117647058
1 0.26024096385542167 0.17647058823529413 0.011244979919678716 0.022058823529411766
1 0.27028112449799196 0.18474264705882354 0.013654618473895583 0.022058823529411766
2 0.25261044176706826 0.16222426470588236 0.020080321285140562 0.021139705882352942
2 0.8827309236947791 0.8239889705882353 0.033734939759036145 0.06525735294117647
