2 0.9885416666666667 0.4588541666666667 0.01875 0.03125
2 0.98515625 0.48541666666666666 0.016145833333333335 0.021875
2 0.9763020833333333 0.47239583333333335 0.018229166666666668 0.027083333333333334
2 0.8877604166666667 0.22890625 0.021354166666666667 0.019270833333333334
3 0.059375 0.33671875 0.023958333333333335 0.0109375
2 0.9544270833333334 0.6026041666666667 0.019270833333333334 0.022916666666666665
1 0.8106770833333333 0.09114583333333333 0.0109375 0.015625
1 0.9369791666666667 0.4510416666666667 0.03125 0.019791666666666666
1 0.40208333333333335 0.4231770833333333 0.065625 0.0421875
1 0.9604166666666667 0.6296875 0.015625 0.009375
2 0.984375 0.5848958333333333 0.013541666666666667 0.019791666666666666
2 0.3140625 0.08489583333333334 0.06041666666666667 0.05
1 0.5958333333333333 0.016927083333333332 0.013541666666666667 0.025520833333333333
1 0.40703125 0.04895833333333333 0.022395833333333334 0.03229166666666667
1 0.4817708333333333 0.011197916666666667 0.015625 0.021354166666666667
