2 0.2995934959349594 0.1792279411764706 0.03170731707317073 0.034926470588235295
2 0.39796747967479673 0.16590073529411764 0.036585365853658534 0.02849264705882353
1 0.8691056910569106 0.6208639705882353 0.03577235772357724 0.050551470588235295
1 0.8471544715447155 0.7095588235294118 0.04227642276422764 0.04595588235294118
1 0.8577235772357723 0.6654411764705882 0.04227642276422764 0.03676470588235294
3 0.6235772357723577 0.6999080882352942 0.08780487804878048 0.05422794117647059
1 0.05772357723577236 0.5946691176470589 0.03739837398373984 0.05330882352941176
1 0.2532520325203252 0.5289522058823529 0.1016260162601626 0.09099264705882353
1 0.21422764227642277 0.37545955882352944 0.05772357723577236 0.07996323529411764
1 0.37886178861788616 0.38327205882352944 0.08780487804878048 0.07720588235294118
1 0.7902439024390244 0.3616727941176471 0.022764227642276424 0.03400735294117647
1 0.817479674796748 0.3828125 0.01707317073170732 0.02665441176470588
2 0.6719512195121952 0.3170955882352941 0.10975609756097561 0.06801470588235294
2 0.8308943089430895 0.33088235294117646 0.01951219512195122 0.02389705882352941
4 0.141869918699187 0.2532169117647059 0.07073170731707316 0.08915441176470588
