1 0.14779116465863454 0.35110294117647056 0.024096385542168676 0.02022058823529412
1 0.14538152610441768 0.3630514705882353 0.02570281124497992 0.02389705882352941
1 0.13815261044176708 0.3786764705882353 0.02248995983935743 0.022058823529411766
1 0.12971887550200803 0.39108455882352944 0.021686746987951807 0.021139705882352942
1 0.12650602409638553 0.40579044117647056 0.028112449799196786 0.021139705882352942
1 0.12208835341365462 0.42830882352941174 0.02891566265060241 0.025735294117647058
1 0.11204819277108434 0.4453125 0.028112449799196786 0.02849264705882353
1 0.10361445783132531 0.4719669117647059 0.02891566265060241 0.02849264705882353
1 0.09558232931726908 0.5022977941176471 0.02570281124497992 0.030330882352941176
1 0.08674698795180723 0.7306985294117647 0.02891566265060241 0.03860294117647059
1 0.09036144578313253 0.7550551470588235 0.024899598393574297 0.02849264705882353
1 0.7192771084337349 0.17555147058823528 0.023293172690763052 0.022058823529411766
1 0.7433734939759036 0.19623161764705882 0.028112449799196786 0.03400735294117647
1 0.7634538152610442 0.21231617647058823 0.028112449799196786 0.03125
1 0.7775100401606426 0.23207720588235295 0.033734939759036145 0.030330882352941176
1 0.791566265060241 0.25 0.02650602409638554 0.03125
1 0.8072289156626506 0.27481617647058826 0.035341365461847386 0.03860294117647059
1 0.8289156626506025 0.3023897058823529 0.02570281124497992 0.02022058823529412
1 0.8425702811244979 0.33088235294117646 0.040160642570281124 0.042279411764705885
1 0.10281124497991968 0.8143382352941176 0.02891566265060241 0.022058823529411766
2 0.8991967871485944 0.34880514705882354 0.03775100401606426 0.057904411764705885
2 0.9393574297188755 0.42371323529411764 0.02650602409638554 0.04963235294117647
2 0.5718875502008032 0.08363970588235294 0.017670682730923693 0.014705882352941176
3 0.6847389558232931 0.13970588235294118 0.012048192771084338 0.02389705882352941
2 0.3522088353413655 0.11259191176470588 0.021686746987951807 0.017463235294117647
1 0.14698795180722893 0.2849264705882353 0.01927710843373494 0.02022058823529412
1 0.20120481927710843 0.26056985294117646 0.02971887550200803 0.02849264705882353
1 0.18714859437751005 0.29963235294117646 0.033734939759036145 0.03308823529411765
2 0.5188755020080321 0.10340073529411764 0.06907630522088354 0.030330882352941176
2 0.45220883534136547 0.0978860294117647 0.02891566265060241 0.02297794117647059
2 0.3923694779116466 0.1015625 0.02650602409638554 0.02297794117647059
1 0.25301204819277107 0.21415441176470587 0.01927710843373494 0.03308823529411765
3 0.078714859437751 0.5808823529411765 0.043373493975903614 0.03676470588235294
3 0.06827309236947791 0.5252757352941176 0.02570281124497992 0.019301470588235295
2 0.28795180722891567 0.8993566176470589 0.1502008032128514 0.20128676470588236
1 0.8863453815261044 0.34099264705882354 0.02650602409638554 0.034926470588235295
1 0.9004016064257028 0.37362132352941174 0.030522088353413655 0.030330882352941176
1 0.8489959839357429 0.28768382352941174 0.02891566265060241 0.025735294117647058
1 0.8176706827309237 0.2509191176470588 0.024096385542168676 0.027573529411764705
2 0.37349397590361444 0.0974264705882353 0.02248995983935743 0.02022058823529412
2 0.9622489959839358 0.5638786764705882 0.02248995983935743 0.03768382352941176
