3 0.9361788617886179 0.6204044117647058 0.044715447154471545 0.06066176470588235
3 0.055284552845528454 0.5919117647058824 0.022764227642276424 0.03308823529411765
3 0.0540650406504065 0.5409007352941176 0.02195121951219512 0.030330882352941176
2 0.6906504065040651 0.20772058823529413 0.0886178861788618 0.042279411764705885
1 0.8292682926829268 0.22931985294117646 0.011382113821138212 0.019301470588235295
1 0.8373983739837398 0.23988970588235295 0.014634146341463415 0.02389705882352941
1 0.47560975609756095 0.17049632352941177 0.022764227642276424 0.03400735294117647
1 0.5491869918699187 0.171875 0.03170731707317073 0.029411764705882353
1 0.5341463414634147 0.1636029411764706 0.024390243902439025 0.03125
1 0.5032520325203252 0.16590073529411764 0.026016260162601626 0.02849264705882353
3 0.2597560975609756 0.22886029411764705 0.01056910569105691 0.02389705882352941
3 0.266260162601626 0.22564338235294118 0.015447154471544716 0.024816176470588234
0 0.06544715447154471 0.39246323529411764 0.023577235772357725 0.05330882352941176
1 0.1886178861788618 0.2844669117647059 0.022764227642276424 0.035845588235294115
1 0.16869918699186992 0.31066176470588236 0.023577235772357725 0.034926470588235295
0 0.12439024390243902 0.32674632352941174 0.06504065040650407 0.0818014705882353
2 0.04796747967479675 0.46691176470588236 0.02113821138211382 0.03125
