2 0.47314814814814815 0.07077205882352941 0.07407407407407407 0.05698529411764706
2 0.019444444444444445 0.5965073529411765 0.027777777777777776 0.03860294117647059
4 0.15787037037037038 0.1135110294117647 0.023148148148148147 0.021139705882352942
4 0.837037037037037 0.14476102941176472 0.040740740740740744 0.04136029411764706
2 0.7916666666666666 0.13924632352941177 0.044444444444444446 0.03952205882352941
2 0.7435185185185185 0.13189338235294118 0.07407407407407407 0.050551470588235295
2 0.6685185185185185 0.09880514705882353 0.07777777777777778 0.04503676470588235
1 0.3277777777777778 0.17693014705882354 0.05555555555555555 0.06341911764705882
1 0.5212962962962963 0.08409926470588236 0.04259259259259259 0.046875
2 0.15185185185185185 0.12775735294117646 0.016666666666666666 0.02022058823529412
2 0.14305555555555555 0.14154411764705882 0.017592592592592594 0.02022058823529412
4 0.12824074074074074 0.16268382352941177 0.026851851851851852 0.029411764705882353
2 0.060648148148148145 0.265625 0.021296296296296296 0.029411764705882353
2 0.05648148148148148 0.6806066176470589 0.02962962962962963 0.03400735294117647
2 0.056018518518518516 0.7058823529411765 0.023148148148148147 0.022058823529411766
2 0.08101851851851852 0.7348345588235294 0.026851851851851852 0.024816176470588234
2 0.5398148148148149 0.9535845588235294 0.06111111111111111 0.035845588235294115
