1 0.8595918367346939 0.46277573529411764 0.022857142857142857 0.02297794117647059
1 0.8685714285714285 0.48161764705882354 0.017959183673469388 0.02389705882352941
1 0.2783673469387755 0.21461397058823528 0.009795918367346938 0.015625
1 0.2885714285714286 0.2104779411764706 0.008979591836734694 0.014705882352941176
1 0.2673469387755102 0.22012867647058823 0.008979591836734694 0.011948529411764705
1 0.25551020408163266 0.22242647058823528 0.00816326530612245 0.012867647058823529
1 0.24408163265306124 0.22748161764705882 0.00816326530612245 0.013786764705882353
2 0.25918367346938775 0.20955882352941177 0.025306122448979593 0.016544117647058824
2 0.7620408163265306 0.37775735294117646 0.04326530612244898 0.058823529411764705
3 0.8926530612244898 0.5078125 0.010612244897959184 0.021139705882352942
