2 0.14556451612903226 0.32766544117647056 0.15241935483870966 0.11488970588235294
2 0.1689516129032258 0.2532169117647059 0.062096774193548386 0.06341911764705882
1 0.8060483870967742 0.5326286764705882 0.021774193548387097 0.019301470588235295
1 0.7729838709677419 0.5909926470588235 0.03467741935483871 0.027573529411764705
1 0.5907258064516129 0.5234375 0.07016129032258064 0.06525735294117647
1 0.6512096774193549 0.3713235294117647 0.042741935483870966 0.04044117647058824
2 0.5020161290322581 0.18060661764705882 0.020161290322580645 0.030330882352941176
1 0.5282258064516129 0.22104779411764705 0.02258064516129032 0.030330882352941176
1 0.4762096774193548 0.22242647058823528 0.028225806451612902 0.03860294117647059
1 0.48870967741935484 0.18612132352941177 0.016129032258064516 0.02665441176470588
1 0.7467741935483871 0.9476102941176471 0.04838709677419355 0.04044117647058824
4 0.8120967741935484 0.6580882352941176 0.05161290322580645 0.0625
3 0.7794354838709677 0.7610294117647058 0.042741935483870966 0.03308823529411765
3 0.7693548387096775 0.8198529411764706 0.0467741935483871 0.022058823529411766
3 0.7701612903225806 0.8386948529411765 0.0532258064516129 0.02849264705882353
1 0.7415322580645162 0.8800551470588235 0.05725806451612903 0.06525735294117647
4 0.8076612903225806 0.5101102941176471 0.03467741935483871 0.04963235294117647
