2 0.6958333333333333 0.1703125 0.020833333333333332 0.019791666666666666
4 0.06848958333333334 0.39765625 0.0390625 0.05677083333333333
0 0.1890625 0.22057291666666667 0.040625 0.028645833333333332
2 0.13125 0.8807291666666667 0.057291666666666664 0.090625
4 0.07239583333333334 0.8388020833333333 0.059375 0.10260416666666666
1 0.009635416666666667 0.49713541666666666 0.018229166666666668 0.019270833333333334
1 0.084375 0.6885416666666667 0.046875 0.03333333333333333
1 0.07135416666666666 0.746875 0.046875 0.028125
2 0.24505208333333334 0.25546875 0.06510416666666667 0.04739583333333333
2 0.49270833333333336 0.13567708333333334 0.035416666666666666 0.019270833333333334
2 0.10703125 0.4044270833333333 0.0703125 0.0734375
2 0.2598958333333333 0.22369791666666666 0.06145833333333333 0.043229166666666666
2 0.6158854166666666 0.15182291666666667 0.03177083333333333 0.0265625
1 0.7299479166666667 0.18177083333333333 0.008854166666666666 0.014583333333333334
1 0.6950520833333333 0.17734375 0.0140625 0.0171875
1 0.3854166666666667 0.15182291666666667 0.015625 0.022395833333333334
1 0.7971354166666667 0.259375 0.0265625 0.022916666666666665
