2 0.8872395833333333 0.22838541666666667 0.0203125 0.019270833333333334
2 0.97734375 0.47213541666666664 0.0203125 0.027604166666666666
3 0.17604166666666668 0.14505208333333333 0.017708333333333333 0.0203125
3 0.7075520833333333 0.5705729166666667 0.0546875 0.028645833333333332
3 0.8502604166666666 0.5994791666666667 0.043229166666666666 0.022916666666666665
1 0.9630208333333333 0.6255208333333333 0.016666666666666666 0.010416666666666666
1 0.9518229166666666 0.62421875 0.0203125 0.013020833333333334
1 0.81953125 0.15989583333333332 0.0203125 0.029166666666666667
0 0.7369791666666666 0.11640625 0.09895833333333333 0.06927083333333334
0 0.7908854166666667 0.09973958333333334 0.049479166666666664 0.07239583333333334
4 0.9833333333333333 0.6078125 0.022916666666666665 0.025
1 0.35598958333333336 0.0828125 0.0265625 0.03958333333333333
1 0.013020833333333334 0.2953125 0.009375 0.007291666666666667
1 0.01953125 0.29010416666666666 0.0109375 0.008333333333333333
1 0.015625 0.3026041666666667 0.009375 0.00625
1 0.012760416666666666 0.3078125 0.0109375 0.007291666666666667
2 0.16927083333333334 0.35963541666666665 0.09270833333333334 0.06614583333333333
2 0.9549479166666667 0.5934895833333333 0.022395833333333334 0.0265625
2 0.9833333333333333 0.5911458333333334 0.010416666666666666 0.017708333333333333
2 0.7903645833333334 0.05390625 0.016145833333333335 0.019270833333333334
2 0.09895833333333333 0.19583333333333333 0.027083333333333334 0.029166666666666667
2 0.8690104166666667 0.26484375 0.0484375 0.07135416666666666
2 0.5588541666666667 0.10807291666666667 0.10520833333333333 0.05677083333333333
2 0.06145833333333333 0.28854166666666664 0.03125 0.027083333333333334
1 0.03046875 0.31484375 0.019270833333333334 0.016145833333333335
1 0.5536458333333333 0.008333333333333333 0.013541666666666667 0.015625
