1 0.8375 0.6181066176470589 0.012096774193548387 0.015625
1 0.8173387096774194 0.6199448529411765 0.016935483870967744 0.021139705882352942
1 0.825 0.5560661764705882 0.01129032258064516 0.011029411764705883
2 0.8060483870967742 0.5560661764705882 0.02338709677419355 0.04044117647058824
2 0.8254032258064516 0.5974264705882353 0.01532258064516129 0.02389705882352941
0 0.7592741935483871 0.46231617647058826 0.09919354838709678 0.11764705882352941
2 0.24193548387096775 0.2545955882352941 0.1435483870967742 0.08088235294117647
1 0.6717741935483871 0.3460477941176471 0.025806451612903226 0.02665441176470588
2 0.5016129032258064 0.18060661764705882 0.020967741935483872 0.030330882352941176
1 0.4754032258064516 0.22334558823529413 0.029838709677419355 0.03676470588235294
1 0.48629032258064514 0.18566176470588236 0.014516129032258065 0.029411764705882353
1 0.527016129032258 0.22196691176470587 0.02338709677419355 0.030330882352941176
2 0.5213709677419355 0.18152573529411764 0.031451612903225803 0.03768382352941176
1 0.7423387096774193 0.9453125 0.04112903225806452 0.03400735294117647
4 0.8120967741935484 0.6576286764705882 0.05161290322580645 0.06341911764705882
3 0.7786290322580646 0.8295036764705882 0.05241935483870968 0.03768382352941176
3 0.7088709677419355 0.8290441176470589 0.06290322580645161 0.029411764705882353
3 0.7116935483870968 0.8520220588235294 0.06370967741935483 0.029411764705882353
1 0.744758064516129 0.8814338235294118 0.050806451612903224 0.058823529411764705
