2 0.98828125 0.46041666666666664 0.018229166666666668 0.03125
2 0.9864583333333333 0.48541666666666666 0.014583333333333334 0.019791666666666666
2 0.9768229166666667 0.47291666666666665 0.018229166666666668 0.029166666666666667
2 0.8880208333333334 0.228125 0.020833333333333332 0.01875
1 0.796875 0.07421875 0.010416666666666666 0.0109375
1 0.8065104166666667 0.10755208333333334 0.0140625 0.018229166666666668
2 0.12395833333333334 0.21145833333333333 0.034375 0.03125
2 0.23828125 0.2559895833333333 0.0890625 0.06302083333333333
4 0.81640625 0.07447916666666667 0.022395833333333334 0.023958333333333335
2 0.9161458333333333 0.434375 0.05520833333333333 0.06145833333333333
2 0.73125 0.3997395833333333 0.115625 0.11302083333333333
1 0.78671875 0.11276041666666667 0.013020833333333334 0.0234375
