1 0.14779116465863454 0.3515625 0.01927710843373494 0.019301470588235295
1 0.14337349397590363 0.3602941176470588 0.023293172690763052 0.02022058823529412
1 0.13293172690763053 0.38005514705882354 0.02650602409638554 0.019301470588235295
1 0.13052208835341367 0.3943014705882353 0.024899598393574297 0.02022058823529412
1 0.1248995983935743 0.40670955882352944 0.028112449799196786 0.021139705882352942
1 0.11887550200803212 0.4250919117647059 0.02570281124497992 0.02297794117647059
1 0.10923694779116466 0.4485294117647059 0.027309236947791166 0.022058823529411766
1 0.10120481927710843 0.4742647058823529 0.027309236947791166 0.027573529411764705
1 0.09558232931726908 0.5045955882352942 0.02891566265060241 0.029411764705882353
1 0.08514056224899598 0.7270220588235294 0.024096385542168676 0.034926470588235295
1 0.0895582329317269 0.7495404411764706 0.02650602409638554 0.02665441176470588
1 0.10361445783132531 0.8152573529411765 0.027309236947791166 0.025735294117647058
2 0.714859437751004 0.9163602941176471 0.12208835341365462 0.16727941176470587
0 0.41004016064257026 0.0822610294117647 0.02971887550200803 0.030330882352941176
0 0.37349397590361444 0.11029411764705882 0.06746987951807229 0.06066176470588235
3 0.7072289156626506 0.1479779411764706 0.013654618473895583 0.02389705882352941
1 0.9180722891566265 0.37545955882352944 0.01927710843373494 0.02665441176470588
2 0.6164658634538153 0.1052389705882353 0.0393574297188755 0.02665441176470588
2 0.5710843373493976 0.08272058823529412 0.024096385542168676 0.016544117647058824
2 0.41686746987951806 0.10340073529411764 0.02891566265060241 0.02297794117647059
2 0.4389558232931727 0.07766544117647059 0.013654618473895583 0.011948529411764705
2 0.42730923694779116 0.09283088235294118 0.020883534136546186 0.016544117647058824
1 0.3257028112449799 0.13602941176470587 0.015261044176706828 0.02022058823529412
