1 0.5935483870967742 0.5652573529411765 0.07419354838709677 0.11580882352941177
1 0.4229838709677419 0.6328125 0.06048387096774194 0.13143382352941177
1 0.5629032258064516 0.31433823529411764 0.04032258064516129 0.06433823529411764
1 0.603225806451613 0.4375 0.056451612903225805 0.08455882352941177
1 0.6673387096774194 0.5211397058823529 0.06370967741935483 0.10477941176470588
1 0.652016129032258 0.42233455882352944 0.05725806451612903 0.08363970588235294
1 0.4596774193548387 0.9347426470588235 0.07258064516129033 0.11764705882352941
1 0.4028225806451613 0.30652573529411764 0.042741935483870966 0.07628676470588236
1 0.5342741935483871 0.27941176470588236 0.036290322580645164 0.04779411764705882
1 0.6088709677419355 0.3083639705882353 0.03064516129032258 0.057904411764705885
1 0.6245967741935484 0.3414522058823529 0.03790322580645161 0.057904411764705885
1 0.7995967741935484 0.8249080882352942 0.06693548387096775 0.078125
1 0.33991935483870966 0.23713235294117646 0.025 0.05514705882352941
2 0.37620967741935485 0.2113970588235294 0.062096774193548386 0.05330882352941176
2 0.2629032258064516 0.17095588235294118 0.035483870967741936 0.03125
1 0.730241935483871 0.3828125 0.021774193548387097 0.02665441176470588
1 0.7435483870967742 0.3984375 0.024193548387096774 0.02849264705882353
1 0.7508064516129033 0.4131433823529412 0.025806451612903226 0.030330882352941176
3 0.7354838709677419 0.5068933823529411 0.04032258064516129 0.07077205882352941
1 0.7608870967741935 0.48161764705882354 0.04758064516129032 0.06801470588235294
1 0.8141129032258064 0.5266544117647058 0.04112903225806452 0.042279411764705885
1 0.8096774193548387 0.5565257352941176 0.04516129032258064 0.043198529411764705
1 0.8076612903225806 0.6075367647058824 0.055645161290322584 0.07352941176470588
1 0.75 0.6337316176470589 0.06774193548387097 0.08363970588235294
2 0.8616935483870968 0.7725183823529411 0.05241935483870968 0.1056985294117647
3 0.6858870967741936 0.8722426470588235 0.09112903225806451 0.07169117647058823
1 0.5971774193548387 0.24356617647058823 0.02338709677419355 0.022058823529411766
1 0.5883064516129032 0.26700367647058826 0.02661290322580645 0.02849264705882353
2 0.5491935483870968 0.21415441176470587 0.056451612903225805 0.042279411764705885
