3 0.8260162601626017 0.5500919117647058 0.05365853658536585 0.09099264705882353
1 0.4329268292682927 0.3134191176470588 0.07886178861788617 0.07169117647058823
3 0.9479674796747968 0.4696691176470588 0.030894308943089432 0.04044117647058824
3 0.9585365853658536 0.48391544117647056 0.026016260162601626 0.03768382352941176
3 0.3195121951219512 0.20450367647058823 0.016260162601626018 0.021139705882352942
2 0.7117886178861789 0.1948529411764706 0.06097560975609756 0.034926470588235295
2 0.4605691056910569 0.24034926470588236 0.13252032520325202 0.07077205882352941
3 0.10934959349593495 0.5836397058823529 0.026829268292682926 0.04595588235294118
3 0.10934959349593495 0.6153492647058824 0.043089430894308944 0.05606617647058824
3 0.10325203252032521 0.6401654411764706 0.03739837398373984 0.043198529411764705
2 0.07520325203252033 0.6369485294117647 0.044715447154471545 0.15625
0 0.06869918699186991 0.3943014705882353 0.034959349593495934 0.04779411764705882
1 0.2186991869918699 0.9301470588235294 0.07317073170731707 0.07904411764705882
