0 0.43266129032258066 0.44025735294117646 0.6491935483870968 0.38235294117647056
2 0.8173387096774194 0.5514705882352942 0.016935483870967744 0.027573529411764705
2 0.7846774193548387 0.5147058823529411 0.025806451612903226 0.03860294117647059
1 0.7165322580645161 0.4099264705882353 0.021774193548387097 0.022058823529411766
1 0.7608870967741935 0.4977022058823529 0.021774193548387097 0.02665441176470588
1 0.7298387096774194 0.43887867647058826 0.02903225806451613 0.02297794117647059
1 0.7298387096774194 0.45955882352941174 0.03387096774193549 0.034926470588235295
2 0.8028225806451613 0.5358455882352942 0.01532258064516129 0.029411764705882353
2 0.8241935483870968 0.6272977941176471 0.020967741935483872 0.030330882352941176
1 0.8004032258064516 0.5909926470588235 0.018548387096774192 0.01838235294117647
1 0.7870967741935484 0.6181066176470589 0.04032258064516129 0.02849264705882353
1 0.6217741935483871 0.9384191176470589 0.11290322580645161 0.06066176470588235
4 0.8080645161290323 0.5105698529411765 0.037096774193548385 0.05238970588235294
