1 0.5562248995983936 0.2113970588235294 0.023293172690763052 0.027573529411764705
1 0.5911646586345382 0.22426470588235295 0.017670682730923693 0.025735294117647058
1 0.6040160642570281 0.22058823529411764 0.014457831325301205 0.022058823529411766
1 0.16305220883534136 0.359375 0.06907630522088354 0.0900735294117647
1 0.2469879518072289 0.7964154411764706 0.10040160642570281 0.12040441176470588
3 0.3433734939759036 0.8111213235294118 0.061847389558232935 0.0818014705882353
2 0.41646586345381525 0.20680147058823528 0.08273092369477912 0.05514705882352941
2 0.3690763052208835 0.14246323529411764 0.04417670682730924 0.025735294117647058
2 0.42048192771084336 0.16314338235294118 0.05220883534136546 0.02849264705882353
2 0.7927710843373494 0.4554227941176471 0.05140562248995984 0.07077205882352941
2 0.6550200803212851 0.2270220588235294 0.020080321285140562 0.02022058823529412
2 0.6702811244979919 0.2265625 0.015261044176706828 0.019301470588235295
1 0.6216867469879518 0.22840073529411764 0.01285140562248996 0.019301470588235295
1 0.6224899598393574 0.23897058823529413 0.01606425702811245 0.02022058823529412
1 0.6373493975903615 0.23529411764705882 0.013654618473895583 0.025735294117647058
1 0.6630522088353413 0.23851102941176472 0.008835341365461847 0.013786764705882353
1 0.672289156626506 0.23667279411764705 0.011244979919678716 0.017463235294117647
1 0.685140562248996 0.23667279411764705 0.011244979919678716 0.015625
1 0.6502008032128515 0.23851102941176472 0.015261044176706828 0.017463235294117647
2 0.7028112449799196 0.24816176470588236 0.01927710843373494 0.027573529411764705
2 0.6702811244979919 0.2568933823529412 0.03453815261044177 0.030330882352941176
2 0.5791164658634538 0.24724264705882354 0.07228915662650602 0.04963235294117647
2 0.25622489959839356 0.16268382352941177 0.024096385542168676 0.022058823529411766
2 0.22008032128514057 0.16314338235294118 0.01927710843373494 0.021139705882352942
1 0.19357429718875502 0.18336397058823528 0.014457831325301205 0.02297794117647059
2 0.29518072289156627 0.18060661764705882 0.04417670682730924 0.03768382352941176
2 0.8718875502008032 0.7477022058823529 0.058634538152610445 0.109375
1 0.8140562248995984 0.5955882352941176 0.05542168674698795 0.058823529411764705
1 0.8120481927710843 0.5363051470588235 0.040160642570281124 0.04503676470588235
3 0.6899598393574298 0.27987132352941174 0.011244979919678716 0.019301470588235295
3 0.7397590361445783 0.38786764705882354 0.024096385542168676 0.04044117647058824
1 0.6995983935742972 0.33409926470588236 0.020883534136546186 0.03216911764705882
2 0.8995983935742972 0.7890625 0.030522088353413655 0.05238970588235294
2 0.880722891566265 0.8377757352941176 0.03293172690763052 0.05974264705882353
2 0.8803212851405623 0.8386948529411765 0.0321285140562249 0.05606617647058824
