1 0.17258064516129032 0.6870404411764706 0.07903225806451612 0.06709558823529412
1 0.7298387096774194 0.3828125 0.025806451612903226 0.02849264705882353
1 0.742741935483871 0.39889705882352944 0.024193548387096774 0.029411764705882353
1 0.7495967741935484 0.4117647058823529 0.025 0.03125
1 0.5080645161290323 0.7421875 0.11129032258064517 0.13511029411764705
1 0.8612903225806452 0.6778492647058824 0.043548387096774194 0.05238970588235294
1 0.6758064516129032 0.25827205882352944 0.017741935483870968 0.02022058823529412
1 0.5608870967741936 0.27481617647058826 0.03467741935483871 0.04411764705882353
1 0.49274193548387096 0.2426470588235294 0.03064516129032258 0.04411764705882353
1 0.3834677419354839 0.1879595588235294 0.02338709677419355 0.03400735294117647
1 0.3987903225806452 0.20726102941176472 0.02661290322580645 0.03768382352941176
1 0.32903225806451614 0.20496323529411764 0.020967741935483872 0.029411764705882353
1 0.2213709677419355 0.20588235294117646 0.01532258064516129 0.034926470588235295
2 0.7524193548387097 0.5399816176470589 0.11612903225806452 0.15716911764705882
2 0.7641129032258065 0.7876838235294118 0.1217741935483871 0.18382352941176472
2 0.2903225806451613 0.18244485294117646 0.03870967741935484 0.03216911764705882
2 0.25 0.16681985294117646 0.02903225806451613 0.024816176470588234
2 0.33225806451612905 0.17830882352941177 0.04516129032258064 0.027573529411764705
1 0.5721774193548387 0.20726102941176472 0.01532258064516129 0.019301470588235295
2 0.6540322580645161 0.22931985294117646 0.024193548387096774 0.02297794117647059
2 0.6350806451612904 0.23069852941176472 0.028225806451612902 0.025735294117647058
