1 0.16224899598393575 0.35983455882352944 0.07228915662650602 0.09099264705882353
1 0.2493975903614458 0.7945772058823529 0.10200803212851406 0.12224264705882353
3 0.3433734939759036 0.8216911764705882 0.058634538152610445 0.06801470588235294
2 0.3674698795180723 0.14384191176470587 0.04417670682730924 0.02665441176470588
1 0.45220883534136547 0.19025735294117646 0.040160642570281124 0.03676470588235294
1 0.39558232931726905 0.17417279411764705 0.03293172690763052 0.03216911764705882
1 0.3779116465863454 0.1636029411764706 0.023293172690763052 0.02389705882352941
1 0.5385542168674698 0.20082720588235295 0.02650602409638554 0.03216911764705882
2 0.42008032128514056 0.16268382352941177 0.04979919678714859 0.029411764705882353
2 0.7911646586345381 0.45266544117647056 0.05461847389558233 0.0744485294117647
1 0.62570281124498 0.21645220588235295 0.01606425702811245 0.019301470588235295
1 0.6345381526104418 0.21277573529411764 0.011244979919678716 0.015625
1 0.6417670682730924 0.2182904411764706 0.014457831325301205 0.017463235294117647
2 0.5959839357429719 0.21369485294117646 0.04497991967871486 0.03216911764705882
2 0.6726907630522089 0.2270220588235294 0.018473895582329317 0.025735294117647058
1 0.5650602409638554 0.30514705882352944 0.028112449799196786 0.051470588235294115
1 0.6208835341365462 0.26056985294117646 0.01927710843373494 0.02849264705882353
1 0.6172690763052209 0.2853860294117647 0.023293172690763052 0.043198529411764705
1 0.6244979919678715 0.3147977941176471 0.024899598393574297 0.046875
1 0.5883534136546185 0.3350183823529412 0.03453815261044177 0.05974264705882353
2 0.5718875502008032 0.25735294117647056 0.05140562248995984 0.06433823529411764
2 0.5397590361445783 0.6695772058823529 0.1895582329317269 0.3134191176470588
2 0.2923694779116466 0.18198529411764705 0.03855421686746988 0.034926470588235295
1 0.25943775100401606 0.14522058823529413 0.00963855421686747 0.016544117647058824
1 0.3004016064257028 0.15349264705882354 0.014457831325301205 0.02022058823529412
2 0.26827309236947794 0.16636029411764705 0.024096385542168676 0.025735294117647058
1 0.26706827309236947 0.18887867647058823 0.012048192771084338 0.02665441176470588
2 0.22369477911646587 0.15716911764705882 0.016867469879518072 0.01838235294117647
2 0.2285140562248996 0.16084558823529413 0.015261044176706828 0.012867647058823529
2 0.2285140562248996 0.16636029411764705 0.020080321285140562 0.01838235294117647
2 0.23654618473895583 0.171875 0.021686746987951807 0.025735294117647058
2 0.21084337349397592 0.18428308823529413 0.021686746987951807 0.02665441176470588
2 0.24056224899598394 0.18152573529411764 0.03132530120481928 0.03216911764705882
1 0.22771084337349398 0.20863970588235295 0.015261044176706828 0.025735294117647058
1 0.20562248995983937 0.20818014705882354 0.011244979919678716 0.02849264705882353
1 0.19076305220883535 0.21461397058823528 0.012048192771084338 0.024816176470588234
2 0.8751004016064257 0.7458639705882353 0.058634538152610445 0.109375
3 0.6907630522088354 0.3170955882352941 0.01927710843373494 0.03125
1 0.6995983935742972 0.33547794117647056 0.020883534136546186 0.03125
2 0.8 0.7927389705882353 0.08353413654618475 0.19025735294117646
1 0.7156626506024096 0.8046875 0.09156626506024096 0.1130514705882353
1 0.8076305220883534 0.9347426470588235 0.04417670682730924 0.04044117647058824
2 0.6791164658634539 0.45955882352941174 0.11164658634538152 0.17463235294117646
1 0.7582329317269076 0.45358455882352944 0.05301204819277108 0.043198529411764705
1 0.7566265060240964 0.47794117647058826 0.05140562248995984 0.05514705882352941
2 0.8967871485943775 0.7481617647058824 0.03132530120481928 0.06433823529411764
2 0.8995983935742972 0.8000919117647058 0.02248995983935743 0.046875
2 0.8819277108433735 0.8396139705882353 0.0321285140562249 0.05606617647058824
1 0.8124497991967872 0.5358455882352942 0.04096385542168675 0.042279411764705885
1 0.8160642570281125 0.5583639705882353 0.046586345381526104 0.03400735294117647
1 0.8056224899598393 0.59375 0.04819277108433735 0.03308823529411765
1 0.8032128514056225 0.6116727941176471 0.06586345381526104 0.043198529411764705
1 0.8040160642570281 0.6323529411764706 0.0642570281124498 0.04779411764705882
1 0.8578313253012049 0.5772058823529411 0.036947791164658635 0.034926470588235295
1 0.8566265060240964 0.6015625 0.03453815261044177 0.030330882352941176
1 0.8558232931726908 0.6259191176470589 0.028112449799196786 0.027573529411764705
1 0.846987951807229 0.6613051470588235 0.03453815261044177 0.043198529411764705
1 0.8811244979919679 0.6328125 0.024096385542168676 0.024816176470588234
1 0.8730923694779117 0.6498161764705882 0.024096385542168676 0.02022058823529412
1 0.8751004016064257 0.6617647058823529 0.03293172690763052 0.034926470588235295
1 0.8281124497991967 0.6989889705882353 0.04979919678714859 0.057904411764705885
1 0.8132530120481928 0.5114889705882353 0.04096385542168675 0.024816176470588234
2 0.42650602409638555 0.9577205882352942 0.20080321285140562 0.08455882352941177
