1 0.41686746987951806 0.18933823529411764 0.01606425702811245 0.025735294117647058
1 0.40562248995983935 0.18658088235294118 0.01285140562248996 0.02389705882352941
1 0.39437751004016064 0.18290441176470587 0.01285140562248996 0.029411764705882353
1 0.3791164658634538 0.17601102941176472 0.01285140562248996 0.02297794117647059
1 0.3686746987951807 0.17417279411764705 0.01285140562248996 0.021139705882352942
1 0.3606425702811245 0.18290441176470587 0.01285140562248996 0.02389705882352941
1 0.348995983935743 0.18841911764705882 0.012048192771084338 0.02022058823529412
1 0.3329317269076305 0.18474264705882354 0.018473895582329317 0.03125
1 0.5481927710843374 0.22931985294117646 0.024899598393574297 0.02665441176470588
1 0.39437751004016064 0.21323529411764705 0.035341365461847386 0.03676470588235294
1 0.25582329317269076 0.22242647058823528 0.021686746987951807 0.03860294117647059
1 0.1674698795180723 0.2495404411764706 0.015261044176706828 0.043198529411764705
1 0.15261044176706828 0.2522977941176471 0.017670682730923693 0.03400735294117647
1 0.142570281124498 0.2578125 0.013654618473895583 0.03768382352941176
1 0.12449799196787148 0.2688419117647059 0.017670682730923693 0.035845588235294115
1 0.10803212851405622 0.27849264705882354 0.015261044176706828 0.03308823529411765
1 0.09678714859437751 0.29181985294117646 0.012048192771084338 0.02297794117647059
2 0.8004016064257028 0.38786764705882354 0.021686746987951807 0.034926470588235295
1 0.6449799196787148 0.2587316176470588 0.01927710843373494 0.021139705882352942
2 0.8060240963855422 0.34420955882352944 0.008835341365461847 0.015625
2 0.7907630522088354 0.3244485294117647 0.012048192771084338 0.012867647058823529
2 0.772289156626506 0.31985294117647056 0.012048192771084338 0.014705882352941176
1 0.4783132530120482 0.22196691176470587 0.02650602409638554 0.02297794117647059
2 0.4614457831325301 0.2665441176470588 0.12931726907630522 0.0661764705882353
1 0.6927710843373494 0.27389705882352944 0.015261044176706828 0.022058823529411766
1 0.6811244979919678 0.27987132352941174 0.014457831325301205 0.021139705882352942
1 0.7104417670682731 0.2858455882352941 0.013654618473895583 0.01838235294117647
1 0.7160642570281125 0.29641544117647056 0.013654618473895583 0.019301470588235295
