2 0.9848958333333333 0.48723958333333334 0.016666666666666666 0.021354166666666667
2 0.9770833333333333 0.47317708333333336 0.019791666666666666 0.0296875
2 0.8888020833333333 0.22734375 0.024479166666666666 0.018229166666666668
3 0.20338541666666668 0.13385416666666666 0.019270833333333334 0.021875
3 0.19947916666666668 0.1375 0.017708333333333333 0.020833333333333332
3 0.03177083333333333 0.32265625 0.016666666666666666 0.008854166666666666
2 0.052083333333333336 0.26666666666666666 0.015625 0.01875
2 0.07942708333333333 0.25052083333333336 0.0328125 0.029166666666666667
1 0.05859375 0.33203125 0.0234375 0.013020833333333334
1 0.03567708333333333 0.28854166666666664 0.0140625 0.008333333333333333
2 0.036458333333333336 0.29973958333333334 0.026041666666666668 0.0203125
2 0.06067708333333333 0.2604166666666667 0.022395833333333334 0.023958333333333335
4 0.031510416666666666 0.2677083333333333 0.027604166666666666 0.036458333333333336
2 0.05260416666666667 0.23359375 0.015625 0.016145833333333335
2 0.09895833333333333 0.196875 0.025 0.026041666666666668
2 0.9841145833333333 0.6145833333333334 0.0109375 0.015625
2 0.9807291666666667 0.5856770833333333 0.011458333333333333 0.0171875
2 0.59609375 0.01953125 0.04010416666666667 0.033854166666666664
1 0.8450520833333334 0.1546875 0.016145833333333335 0.019791666666666666
1 0.88125 0.29765625 0.036458333333333336 0.0359375
1 0.5208333333333334 0.009375 0.0125 0.017708333333333333
2 0.57578125 0.0125 0.025520833333333333 0.022916666666666665
1 0.016666666666666666 0.30833333333333335 0.010416666666666666 0.008333333333333333
1 0.9783854166666667 0.5729166666666666 0.013020833333333334 0.013541666666666667
2 0.546875 0.007291666666666667 0.028125 0.013541666666666667
