2 0.1685483870967742 0.32950367647058826 0.1403225806451613 0.10386029411764706
1 0.10806451612903226 0.4806985294117647 0.08225806451612903 0.11029411764705882
1 0.13306451612903225 0.5652573529411765 0.1032258064516129 0.10661764705882353
1 0.11088709677419355 0.7178308823529411 0.10080645161290322 0.09191176470588236
1 0.15725806451612903 0.39568014705882354 0.07419354838709677 0.09834558823529412
2 0.8185483870967742 0.5528492647058824 0.016129032258064516 0.02849264705882353
2 0.785483870967742 0.5165441176470589 0.024193548387096774 0.03676470588235294
1 0.7314516129032258 0.4241727941176471 0.020967741935483872 0.021139705882352942
2 0.5060483870967742 0.1879595588235294 0.03467741935483871 0.03952205882352941
1 0.7504032258064516 0.46047794117647056 0.02338709677419355 0.022058823529411766
1 0.7560483870967742 0.4806985294117647 0.021774193548387097 0.025735294117647058
1 0.7895161290322581 0.5275735294117647 0.017741935483870968 0.01838235294117647
2 0.8056451612903226 0.5340073529411765 0.01935483870967742 0.03308823529411765
2 0.8318548387096775 0.5744485294117647 0.013709677419354839 0.022058823529411766
2 0.8540322580645161 0.6378676470588235 0.012903225806451613 0.01838235294117647
2 0.8383064516129032 0.6107536764705882 0.016935483870967744 0.024816176470588234
1 0.7850806451612903 0.6815257352941176 0.036290322580645164 0.02849264705882353
4 0.807258064516129 0.5105698529411765 0.037096774193548385 0.05238970588235294
