1 0.17258064516129032 0.6861213235294118 0.07903225806451612 0.06709558823529412
1 0.7298387096774194 0.3818933823529412 0.025806451612903226 0.02849264705882353
1 0.7419354838709677 0.3984375 0.024193548387096774 0.02849264705882353
1 0.75 0.41130514705882354 0.025806451612903226 0.03216911764705882
1 0.6012096774193548 0.3602941176470588 0.049193548387096775 0.06066176470588235
1 0.5201612903225806 0.28400735294117646 0.041935483870967745 0.058823529411764705
1 0.3431451612903226 0.7509191176470589 0.075 0.15441176470588236
1 0.3616935483870968 0.24586397058823528 0.04112903225806452 0.050551470588235295
1 0.3286290322580645 0.20220588235294118 0.025 0.03676470588235294
1 0.31290322580645163 0.20036764705882354 0.024193548387096774 0.04044117647058824
2 0.8633064516129032 0.7780330882352942 0.05403225806451613 0.09834558823529412
2 0.7677419354838709 0.5027573529411765 0.09032258064516129 0.1213235294117647
2 0.3858870967741935 0.2026654411764706 0.07016129032258064 0.046875
2 0.2907258064516129 0.18382352941176472 0.03951612903225806 0.03308823529411765
2 0.2600806451612903 0.171875 0.03306451612903226 0.027573529411764705
1 0.8669354838709677 0.6691176470588235 0.027419354838709678 0.034926470588235295
1 0.5713709677419355 0.20726102941176472 0.016935483870967744 0.02297794117647059
2 0.6540322580645161 0.22840073529411764 0.024193548387096774 0.02297794117647059
2 0.635483870967742 0.23023897058823528 0.027419354838709678 0.024816176470588234
1 0.7548387096774194 0.5234375 0.05161290322580645 0.06341911764705882
