2 0.8044270833333333 0.12729779411764705 0.0453125 0.07996323529411764
1 0.1109375 0.8920036764705882 0.03854166666666667 0.10753676470588236
1 0.025520833333333333 0.8409926470588235 0.026041666666666668 0.07536764705882353
1 0.049479166666666664 0.8460477941176471 0.03125 0.09650735294117647
2 0.0765625 0.2679227941176471 0.03125 0.06709558823529412
3 0.020833333333333332 0.7297794117647058 0.025 0.029411764705882353
3 0.018489583333333334 0.7518382352941176 0.0234375 0.03125
1 0.8265625 0.16819852941176472 0.014583333333333334 0.027573529411764705
1 0.7791666666666667 0.13786764705882354 0.020833333333333332 0.042279411764705885
1 0.8203125 0.48161764705882354 0.05416666666666667 0.08272058823529412
1 0.16875 0.18474264705882354 0.030208333333333334 0.04779411764705882
1 0.6026041666666667 0.8552389705882353 0.08333333333333333 0.18841911764705882
0 0.00859375 0.6190257352941176 0.0171875 0.11121323529411764
3 0.3125 0.05974264705882353 0.019791666666666666 0.05514705882352941
1 0.87109375 0.2265625 0.0109375 0.02297794117647059
