2 0.98828125 0.46171875 0.0171875 0.030729166666666665
2 0.98515625 0.4864583333333333 0.0171875 0.019791666666666666
2 0.9765625 0.47239583333333335 0.01875 0.030208333333333334
2 0.88828125 0.22734375 0.025520833333333333 0.018229166666666668
1 0.8122395833333333 0.08671875 0.009895833333333333 0.011979166666666667
2 0.04921875 0.23697916666666666 0.016145833333333335 0.01875
2 0.018489583333333334 0.29375 0.016145833333333335 0.014583333333333334
1 0.11145833333333334 0.23125 0.025 0.01875
1 0.027604166666666666 0.30911458333333336 0.014583333333333334 0.0078125
1 0.95078125 0.4471354166666667 0.028645833333333332 0.018229166666666668
1 0.9221354166666667 0.4171875 0.0390625 0.020833333333333332
3 0.01171875 0.31015625 0.013020833333333334 0.0067708333333333336
2 0.9828125 0.5778645833333333 0.016666666666666666 0.024479166666666666
2 0.015625 0.32083333333333336 0.016666666666666666 0.016666666666666666
