2 0.4736111111111111 0.07077205882352941 0.07314814814814814 0.05698529411764706
2 0.019444444444444445 0.5965073529411765 0.027777777777777776 0.03860294117647059
4 0.1574074074074074 0.1135110294117647 0.022222222222222223 0.021139705882352942
4 0.8268518518518518 0.13832720588235295 0.04259259259259259 0.03952205882352941
2 0.7912037037037037 0.13878676470588236 0.04722222222222222 0.03860294117647059
2 0.7430555555555556 0.13143382352941177 0.075 0.04963235294117647
2 0.6675925925925926 0.09926470588235294 0.08333333333333333 0.04411764705882353
1 0.33101851851851855 0.1723345588235294 0.05277777777777778 0.06525735294117647
1 0.5208333333333334 0.08455882352941177 0.03981481481481482 0.04595588235294118
1 0.22037037037037038 0.11672794117647059 0.018518518518518517 0.02389705882352941
1 0.1962962962962963 0.17095588235294118 0.024074074074074074 0.029411764705882353
2 0.15092592592592594 0.12959558823529413 0.014814814814814815 0.01838235294117647
2 0.14305555555555555 0.14200367647058823 0.013888888888888888 0.019301470588235295
4 0.12824074074074074 0.16268382352941177 0.026851851851851852 0.029411764705882353
2 0.06018518518518518 0.2665441176470588 0.022222222222222223 0.03125
1 0.06666666666666667 0.2619485294117647 0.018518518518518517 0.01838235294117647
2 0.05648148148148148 0.6810661764705882 0.02962962962962963 0.034926470588235295
2 0.08333333333333333 0.7348345588235294 0.027777777777777776 0.02665441176470588
2 0.055092592592592596 0.7068014705882353 0.023148148148148147 0.027573529411764705
1 0.07546296296296297 0.6989889705882353 0.026851851851851852 0.017463235294117647
1 0.09768518518518518 0.7518382352941176 0.019444444444444445 0.016544117647058824
2 0.5402777777777777 0.953125 0.06018518518518518 0.034926470588235295
