1 0.14899598393574298 0.3515625 0.02650602409638554 0.021139705882352942
1 0.14417670682730924 0.36213235294117646 0.02971887550200803 0.02022058823529412
1 0.13654618473895583 0.3791360294117647 0.024096385542168676 0.02297794117647059
1 0.13132530120481928 0.39338235294117646 0.018473895582329317 0.025735294117647058
1 0.12610441767068273 0.4071691176470588 0.02570281124497992 0.022058823529411766
1 0.1180722891566265 0.42463235294117646 0.027309236947791166 0.025735294117647058
1 0.1140562248995984 0.4489889705882353 0.02570281124497992 0.02849264705882353
1 0.10200803212851406 0.4733455882352941 0.02891566265060241 0.03125
1 0.09558232931726908 0.5036764705882353 0.02891566265060241 0.03308823529411765
2 0.6208835341365462 0.10845588235294118 0.036947791164658635 0.022058823529411766
2 0.5751004016064257 0.0818014705882353 0.027309236947791166 0.016544117647058824
2 0.3522088353413655 0.11213235294117647 0.021686746987951807 0.011029411764705883
2 0.3329317269076305 0.13189338235294118 0.03775100401606426 0.02297794117647059
2 0.3076305220883534 0.4053308823529412 0.1140562248995984 0.25183823529411764
2 0.4562248995983936 0.0896139705882353 0.02891566265060241 0.021139705882352942
2 0.45903614457831327 0.0974264705882353 0.02971887550200803 0.022058823529411766
3 0.3257028112449799 0.25 0.03453815261044177 0.05698529411764706
3 0.3096385542168675 0.2647058823529412 0.02650602409638554 0.04044117647058824
3 0.3317269076305221 0.25827205882352944 0.020883534136546186 0.03860294117647059
0 0.14337349397590363 0.8318014705882353 0.19839357429718876 0.33639705882352944
3 0.7947791164658634 0.21323529411764705 0.016867469879518072 0.029411764705882353
1 0.7614457831325301 0.20450367647058823 0.02891566265060241 0.03400735294117647
1 0.8016064257028113 0.265625 0.0321285140562249 0.042279411764705885
1 0.8377510040160643 0.3115808823529412 0.030522088353413655 0.034926470588235295
2 0.5429718875502008 0.3708639705882353 0.18152610441767067 0.18841911764705882
2 0.22208835341365463 0.28262867647058826 0.07951807228915662 0.1130514705882353
1 0.18674698795180722 0.27068014705882354 0.016867469879518072 0.03400735294117647
3 0.2819277108433735 0.1640625 0.01285140562248996 0.02297794117647059
2 0.41405622489959837 0.1015625 0.02971887550200803 0.019301470588235295
2 0.42931726907630524 0.08639705882352941 0.021686746987951807 0.016544117647058824
2 0.3927710843373494 0.0974264705882353 0.01927710843373494 0.014705882352941176
2 0.37670682730923694 0.11259191176470588 0.027309236947791166 0.017463235294117647
2 0.3610441767068273 0.13097426470588236 0.03453815261044177 0.03216911764705882
2 0.88714859437751 0.3359375 0.04257028112449799 0.06158088235294118
