1 0.41606425702811245 0.18933823529411764 0.01606425702811245 0.025735294117647058
1 0.40562248995983935 0.1875 0.01285140562248996 0.02389705882352941
1 0.39397590361445783 0.18336397058823528 0.012048192771084338 0.030330882352941176
1 0.3791164658634538 0.17601102941176472 0.01285140562248996 0.02297794117647059
1 0.3686746987951807 0.17417279411764705 0.01285140562248996 0.021139705882352942
1 0.3614457831325301 0.18290441176470587 0.01285140562248996 0.02389705882352941
1 0.348995983935743 0.18841911764705882 0.012048192771084338 0.02022058823529412
1 0.3333333333333333 0.18428308823529413 0.017670682730923693 0.030330882352941176
1 0.5465863453815261 0.22931985294117646 0.024899598393574297 0.02665441176470588
1 0.39437751004016064 0.21323529411764705 0.035341365461847386 0.03676470588235294
1 0.3646586345381526 0.21461397058823528 0.035341365461847386 0.04136029411764706
1 0.25542168674698795 0.22242647058823528 0.020883534136546186 0.03860294117647059
1 0.1678714859437751 0.24908088235294118 0.01606425702811245 0.042279411764705885
1 0.15261044176706828 0.2532169117647059 0.017670682730923693 0.03400735294117647
1 0.142570281124498 0.2578125 0.013654618473895583 0.03768382352941176
1 0.12449799196787148 0.2697610294117647 0.017670682730923693 0.035845588235294115
1 0.10803212851405622 0.27849264705882354 0.015261044176706828 0.03308823529411765
1 0.09598393574297188 0.29181985294117646 0.012048192771084338 0.02297794117647059
2 0.8008032128514057 0.38786764705882354 0.02248995983935743 0.034926470588235295
1 0.6919678714859437 0.2734375 0.015261044176706828 0.017463235294117647
1 0.6449799196787148 0.2587316176470588 0.01927710843373494 0.021139705882352942
1 0.7791164658634538 0.33547794117647056 0.008032128514056224 0.011029411764705883
1 0.7883534136546185 0.3483455882352941 0.010441767068273093 0.016544117647058824
2 0.7518072289156627 0.3474264705882353 0.030522088353413655 0.03308823529411765
1 0.6987951807228916 0.31893382352941174 0.01606425702811245 0.029411764705882353
2 0.6670682730923695 0.3478860294117647 0.061847389558232935 0.05606617647058824
1 0.22690763052208834 0.25 0.04578313253012048 0.05514705882352941
1 0.08795180722891566 0.5427389705882353 0.03453815261044177 0.06525735294117647
1 0.7855421686746988 0.3727022058823529 0.01927710843373494 0.024816176470588234
