2 0.29878048780487804 0.17601102941176472 0.036585365853658534 0.03952205882352941
1 0.8695121951219512 0.6158088235294118 0.036585365853658534 0.04595588235294118
1 0.8613821138211382 0.6640625 0.046341463414634146 0.050551470588235295
1 0.8455284552845529 0.7022058823529411 0.04715447154471545 0.05514705882352941
2 0.3959349593495935 0.16544117647058823 0.04390243902439024 0.04044117647058824
1 0.4959349593495935 0.18520220588235295 0.02926829268292683 0.03216911764705882
1 0.2280487804878049 0.24816176470588236 0.044715447154471545 0.058823529411764705
1 0.4902439024390244 0.21231617647058823 0.04878048780487805 0.04963235294117647
2 0.1040650406504065 0.35202205882352944 0.08780487804878048 0.10110294117647059
1 0.12154471544715448 0.28952205882352944 0.026829268292682926 0.04779411764705882
3 0.23252032520325203 0.20588235294117646 0.016260162601626018 0.03308823529411765
1 0.8386178861788618 0.3336397058823529 0.01056910569105691 0.016544117647058824
1 0.8300813008130081 0.3625919117647059 0.016260162601626018 0.02297794117647059
1 0.8121951219512196 0.33777573529411764 0.014634146341463415 0.02297794117647059
1 0.7882113821138211 0.27297794117647056 0.01707317073170732 0.016544117647058824
1 0.7300813008130081 0.2578125 0.01951219512195122 0.02665441176470588
2 0.8284552845528456 0.3000919117647059 0.01951219512195122 0.02297794117647059
2 0.7971544715447154 0.29825367647058826 0.026829268292682926 0.02665441176470588
2 0.6589430894308943 0.2665441176470588 0.08373983739837398 0.04779411764705882
4 0.13170731707317074 0.25643382352941174 0.06829268292682927 0.0900735294117647
1 0.6943089430894309 0.22426470588235295 0.01788617886178862 0.03308823529411765
