2 0.7169354838709677 0.4071691176470588 0.08064516129032258 0.0900735294117647
1 0.17096774193548386 0.6856617647058824 0.07903225806451612 0.0661764705882353
1 0.7209677419354839 0.36902573529411764 0.02258064516129032 0.02665441176470588
1 0.5048387096774194 0.26378676470588236 0.041935483870967745 0.04411764705882353
1 0.6846774193548387 0.25275735294117646 0.012903225806451613 0.02022058823529412
1 0.677016129032258 0.2601102941176471 0.013709677419354839 0.016544117647058824
1 0.5004032258064516 0.20772058823529413 0.031451612903225803 0.03125
1 0.707258064516129 0.8998161764705882 0.07903225806451612 0.0661764705882353
2 0.8536290322580645 0.7532169117647058 0.050806451612903224 0.10386029411764706
2 0.4254032258064516 0.21369485294117646 0.10080645161290322 0.06341911764705882
2 0.8241935483870968 0.5413602941176471 0.07903225806451612 0.11213235294117647
2 0.26411290322580644 0.16819852941176472 0.028225806451612902 0.02022058823529412
2 0.2907258064516129 0.18106617647058823 0.04112903225806452 0.029411764705882353
2 0.8858870967741935 0.7610294117647058 0.025 0.08088235294117647
1 0.1875 0.1792279411764706 0.013709677419354839 0.022058823529411766
2 0.6564516129032258 0.21966911764705882 0.01935483870967742 0.02022058823529412
2 0.646774193548387 0.2265625 0.024193548387096774 0.02297794117647059
1 0.5649193548387097 0.2182904411764706 0.02338709677419355 0.024816176470588234
1 0.5858870967741936 0.22931985294117646 0.020161290322580645 0.02297794117647059
3 0.17983870967741936 0.28079044117647056 0.024193548387096774 0.057904411764705885
3 0.7754032258064516 0.4632352941176471 0.036290322580645164 0.04779411764705882
3 0.7673387096774194 0.43704044117647056 0.02661290322580645 0.04136029411764706
