2 0.55625 0.015234375 0.0125 0.01015625
1 0.840234375 0.25703125 0.03515625 0.0234375
1 0.7609375 0.175390625 0.028125 0.02109375
1 0.5421875 0.02265625 0.00625 0.0140625
1 0.2125 0.199609375 0.03125 0.02578125
2 0.646875 0.037109375 0.0140625 0.01328125
1 0.87734375 0.28515625 0.0265625 0.0171875
1 0.81875 0.2203125 0.034375 0.01875
1 0.19453125 0.216015625 0.034375 0.02265625
2 0.505859375 0.023828125 0.01640625 0.01484375
1 0.8515625 0.27421875 0.03125 0.021875
1 0.6546875 0.08046875 0.0140625 0.0234375
2 0.483984375 0.036328125 0.02265625 0.01796875
1 0.609765625 0.910546875 0.02421875 0.04453125
1 0.759375 0.186328125 0.03125 0.02890625
1 0.195703125 0.22890625 0.03515625 0.0265625
2 0.95 0.3640625 0.021875 0.0234375
1 0.705078125 0.145703125 0.02109375 0.03046875
1 0.81328125 0.23515625 0.0375 0.025
4 0.533203125 0.752734375 0.08828125 0.15859375
1 0.79609375 0.5859375 0.0546875 0.053125
2 0.674609375 0.06640625 0.02265625 0.0203125
2 0.501953125 0.9578125 0.04765625 0.046875
2 0.687109375 0.0828125 0.02265625 0.0203125
2 0.92890625 0.348828125 0.0328125 0.03046875
2 0.56875 0.09140625 0.0359375 0.0375
1 0.268359375 0.212890625 0.03984375 0.03515625
2 0.66875 0.14296875 0.046875 0.05
2 0.5046875 0.065234375 0.0328125 0.03046875
2 0.452734375 0.05078125 0.03046875 0.0265625
4 0.905859375 0.311328125 0.07109375 0.05859375
2 0.568359375 0.546875 0.11015625 0.20625
2 0.6390625 0.8109375 0.0921875 0.115625
2 0.857421875 0.466796875 0.06328125 0.12265625
2 0.81875 0.624609375 0.0828125 0.12109375
2 0.172265625 0.211328125 0.03828125 0.04296875
2 0.568359375 0.06640625 0.02890625 0.0234375
2 0.571875 0.05234375 0.025 0.0203125
