3 0.32693877551020406 0.8170955882352942 0.06938775510204082 0.08088235294117647
1 0.15142857142857144 0.3602941176470588 0.0563265306122449 0.09558823529411764
1 0.23755102040816325 0.7909007352941176 0.09795918367346938 0.1130514705882353
1 0.6963265306122449 0.3318014705882353 0.02122448979591837 0.03308823529411765
2 0.35877551020408166 0.14338235294117646 0.04653061224489796 0.027573529411764705
2 0.4122448979591837 0.1640625 0.05714285714285714 0.035845588235294115
2 0.7910204081632654 0.4540441176470588 0.053877551020408164 0.07536764705882353
4 0.4453061224489796 0.2270220588235294 0.10857142857142857 0.08639705882352941
1 0.24408163265306124 0.25137867647058826 0.026122448979591838 0.05422794117647059
1 0.3420408163265306 0.21553308823529413 0.026122448979591838 0.04503676470588235
1 0.3616326530612245 0.23667279411764705 0.026122448979591838 0.050551470588235295
1 0.42448979591836733 0.5886948529411765 0.08163265306122448 0.12591911764705882
1 0.32857142857142857 0.3694852941176471 0.05795918367346939 0.09558823529411764
1 0.49551020408163265 0.7863051470588235 0.10122448979591837 0.11121323529411764
1 0.6848979591836735 0.6378676470588235 0.09142857142857143 0.09375
1 0.6771428571428572 0.8212316176470589 0.08571428571428572 0.0744485294117647
1 0.7497959183673469 0.9572610294117647 0.06775510204081632 0.04136029411764706
1 0.5289795918367347 0.2026654411764706 0.031020408163265307 0.03216911764705882
1 0.5853061224489796 0.2109375 0.022857142857142857 0.024816176470588234
1 0.6004081632653061 0.21185661764705882 0.015510204081632653 0.02297794117647059
1 0.623265306122449 0.22794117647058823 0.013877551020408163 0.01838235294117647
1 0.6142857142857143 0.2261029411764706 0.012244897959183673 0.02022058823529412
1 0.5889795918367347 0.22334558823529413 0.02857142857142857 0.027573529411764705
1 0.5693877551020409 0.2265625 0.022040816326530613 0.02849264705882353
1 0.66 0.23805147058823528 0.013877551020408163 0.02022058823529412
1 0.6975510204081633 0.2532169117647059 0.010612244897959184 0.015625
1 0.656734693877551 0.2647058823529412 0.018775510204081632 0.022058823529411766
1 0.6465306122448979 0.2936580882352941 0.022857142857142857 0.03216911764705882
2 0.6448979591836734 0.22748161764705882 0.024489795918367346 0.024816176470588234
2 0.6616326530612245 0.22334558823529413 0.0236734693877551 0.02389705882352941
2 0.6726530612244898 0.22196691176470587 0.017959183673469388 0.021139705882352942
2 0.6742857142857143 0.2545955882352941 0.027755102040816326 0.03125
2 0.6420408163265307 0.3446691176470588 0.09061224489795919 0.08823529411764706
1 0.36857142857142855 0.16681985294117646 0.02040816326530612 0.030330882352941176
1 0.2693877551020408 0.17325367647058823 0.014693877551020407 0.024816176470588234
1 0.24489795918367346 0.14338235294117646 0.009795918367346938 0.012867647058823529
2 0.23714285714285716 0.13970588235294118 0.012244897959183673 0.014705882352941176
2 0.22938775510204082 0.14476102941176472 0.013061224489795919 0.017463235294117647
2 0.2522448979591837 0.14935661764705882 0.022857142857142857 0.021139705882352942
2 0.22081632653061226 0.15303308823529413 0.013877551020408163 0.011948529411764705
2 0.22653061224489796 0.16957720588235295 0.022040816326530613 0.024816176470588234
2 0.24897959183673468 0.19439338235294118 0.035918367346938776 0.04871323529411765
2 0.2897959183673469 0.18336397058823528 0.03918367346938775 0.03952205882352941
2 0.19673469387755102 0.16727941176470587 0.019591836734693877 0.025735294117647058
1 0.18693877551020407 0.18841911764705882 0.014693877551020407 0.025735294117647058
1 0.2069387755102041 0.19117647058823528 0.013877551020408163 0.022058823529411766
1 0.1926530612244898 0.21369485294117646 0.019591836734693877 0.03216911764705882
1 0.21428571428571427 0.21553308823529413 0.02040816326530612 0.035845588235294115
1 0.8726530612244898 0.6130514705882353 0.029387755102040815 0.042279411764705885
1 0.8546938775510204 0.6420036764705882 0.035918367346938776 0.050551470588235295
1 0.8857142857142857 0.7136948529411765 0.03428571428571429 0.04136029411764706
1 0.8995918367346939 0.7725183823529411 0.02122448979591837 0.030330882352941176
2 0.7995918367346939 0.6056985294117647 0.10693877551020409 0.1488970588235294
2 0.8824489795918368 0.8262867647058824 0.035918367346938776 0.0625
1 0.8355102040816327 0.9002757352941176 0.054693877551020405 0.035845588235294115
3 0.68 0.29871323529411764 0.019591836734693877 0.03125
