2 0.9846354166666667 0.48671875 0.016145833333333335 0.0203125
2 0.9768229166666667 0.47317708333333336 0.0203125 0.030729166666666665
2 0.8885416666666667 0.22760416666666666 0.023958333333333335 0.017708333333333333
3 0.8625 0.15963541666666667 0.013541666666666667 0.009895833333333333
3 0.10182291666666667 0.3567708333333333 0.034895833333333334 0.017708333333333333
1 0.10026041666666667 0.27265625 0.028645833333333332 0.0203125
1 0.05755208333333333 0.26666666666666666 0.016145833333333335 0.011458333333333333
1 0.0515625 0.28880208333333335 0.019791666666666666 0.013020833333333334
1 0.0609375 0.2994791666666667 0.020833333333333332 0.0125
1 0.046614583333333334 0.3190104166666667 0.019270833333333334 0.013020833333333334
1 0.032552083333333336 0.30494791666666665 0.015104166666666667 0.0109375
1 0.027864583333333335 0.2981770833333333 0.0140625 0.0109375
1 0.95703125 0.61640625 0.018229166666666668 0.013020833333333334
1 0.953125 0.6260416666666667 0.01875 0.013541666666666667
1 0.4856770833333333 0.03463541666666667 0.018229166666666668 0.03177083333333333
2 0.9669270833333333 0.478125 0.022395833333333334 0.034375
2 0.9533854166666667 0.5979166666666667 0.0234375 0.028125
2 0.0734375 0.2604166666666667 0.03333333333333333 0.028125
2 0.9828125 0.5921875 0.011458333333333333 0.019791666666666666
2 0.9848958333333333 0.6049479166666667 0.013541666666666667 0.019270833333333334
2 0.6455729166666667 0.011979166666666667 0.027604166666666666 0.022916666666666665
2 0.043229166666666666 0.2716145833333333 0.01875 0.019270833333333334
2 0.030989583333333334 0.278125 0.015104166666666667 0.017708333333333333
2 0.7966145833333333 0.1 0.0234375 0.027083333333333334
2 0.09895833333333333 0.19609375 0.027083333333333334 0.0296875
2 0.05182291666666667 0.23307291666666666 0.0140625 0.016145833333333335
1 0.8080729166666667 0.08046875 0.009895833333333333 0.016145833333333335
4 0.60546875 0.009375 0.03697916666666667 0.017708333333333333
