2 0.3983739837398374 0.1640625 0.03577235772357724 0.03400735294117647
2 0.3 0.1801470588235294 0.03577235772357724 0.03125
1 0.3426829268292683 0.18887867647058823 0.02032520325203252 0.043198529411764705
1 0.3073170731707317 0.19347426470588236 0.02113821138211382 0.035845588235294115
4 0.8422764227642277 0.40441176470588236 0.08292682926829269 0.11397058823529412
2 0.4772357723577236 0.16222426470588236 0.04065040650406504 0.03952205882352941
3 0.7085365853658536 0.5772058823529411 0.07886178861788617 0.10110294117647059
2 0.8731707317073171 0.36534926470588236 0.016260162601626018 0.02297794117647059
1 0.8101626016260163 0.2775735294117647 0.012195121951219513 0.011029411764705883
1 0.8093495934959349 0.28860294117647056 0.012195121951219513 0.012867647058823529
1 0.7329268292682927 0.24908088235294118 0.023577235772357725 0.022058823529411766
1 0.6528455284552845 0.24678308823529413 0.026016260162601626 0.03400735294117647
1 0.78130081300813 0.28768382352941174 0.011382113821138212 0.014705882352941176
2 0.7703252032520326 0.2697610294117647 0.023577235772357725 0.02665441176470588
1 0.09471544715447154 0.33639705882352944 0.038211382113821135 0.06433823529411764
1 0.8727642276422765 0.6245404411764706 0.04796747967479675 0.07077205882352941
1 0.2032520325203252 0.21783088235294118 0.03414634146341464 0.04779411764705882
1 0.4032520325203252 0.20542279411764705 0.04227642276422764 0.046875
1 0.241869918699187 0.20772058823529413 0.02032520325203252 0.03860294117647059
