2 0.29878048780487804 0.17601102941176472 0.036585365853658534 0.03952205882352941
1 0.8695121951219512 0.6158088235294118 0.036585365853658534 0.04595588235294118
1 0.8613821138211382 0.6640625 0.046341463414634146 0.050551470588235295
1 0.8455284552845529 0.7022058823529411 0.04715447154471545 0.05514705882352941
2 0.3959349593495935 0.16544117647058823 0.04390243902439024 0.04044117647058824
1 0.4959349593495935 0.18520220588235295 0.02926829268292683 0.03216911764705882
1 0.22723577235772358 0.24494485294117646 0.04796747967479675 0.057904411764705885
1 0.8353658536585366 0.33318014705882354 0.012195121951219513 0.017463235294117647
1 0.8520325203252033 0.3648897058823529 0.014634146341463415 0.02022058823529412
1 0.7552845528455284 0.26056985294117646 0.01788617886178862 0.021139705882352942
2 0.816260162601626 0.3005514705882353 0.022764227642276424 0.02389705882352941
2 0.7552845528455284 0.28952205882352944 0.04715447154471545 0.03860294117647059
1 0.5203252032520326 0.21001838235294118 0.04390243902439024 0.043198529411764705
2 0.4878048780487805 0.2495404411764706 0.14308943089430895 0.06525735294117647
4 0.1329268292682927 0.25735294117647056 0.07073170731707316 0.08823529411764706
1 0.6943089430894309 0.22472426470588236 0.01788617886178862 0.030330882352941176
