2 0.8041666666666667 0.12683823529411764 0.04583333333333333 0.08088235294117647
1 0.11119791666666666 0.8924632352941176 0.03802083333333333 0.10661764705882353
1 0.02578125 0.8405330882352942 0.025520833333333333 0.0744485294117647
1 0.05026041666666667 0.8465073529411765 0.0296875 0.09558823529411764
2 0.0765625 0.26838235294117646 0.03125 0.06801470588235294
3 0.88125 0.41452205882352944 0.028125 0.05330882352941176
3 0.890625 0.4416360294117647 0.023958333333333335 0.05606617647058824
1 0.8265625 0.16773897058823528 0.014583333333333334 0.02665441176470588
1 0.7190104166666667 0.08272058823529412 0.027604166666666666 0.04595588235294118
1 0.008072916666666667 0.7334558823529411 0.016145833333333335 0.027573529411764705
1 0.014322916666666666 0.5914522058823529 0.0203125 0.03952205882352941
1 0.031510416666666666 0.5928308823529411 0.025520833333333333 0.042279411764705885
1 0.021354166666666667 0.6378676470588235 0.023958333333333335 0.034926470588235295
1 0.03229166666666667 0.7008272058823529 0.03333333333333333 0.046875
3 0.32734375 0.05238970588235294 0.0171875 0.058823529411764705
