1 0.41646586345381525 0.19071691176470587 0.016867469879518072 0.024816176470588234
1 0.40441767068273093 0.1870404411764706 0.012048192771084338 0.02297794117647059
1 0.39397590361445783 0.18336397058823528 0.012048192771084338 0.030330882352941176
1 0.38032128514056224 0.17647058823529413 0.013654618473895583 0.025735294117647058
1 0.3686746987951807 0.17463235294117646 0.014457831325301205 0.02022058823529412
1 0.3614457831325301 0.18566176470588236 0.01285140562248996 0.022058823529411766
1 0.3485943775100402 0.18841911764705882 0.011244979919678716 0.02022058823529412
1 0.3333333333333333 0.18520220588235295 0.017670682730923693 0.02849264705882353
1 0.5453815261044177 0.23023897058823528 0.033734939759036145 0.02665441176470588
1 0.25622489959839356 0.22242647058823528 0.020883534136546186 0.03860294117647059
1 0.1670682730923695 0.24540441176470587 0.017670682730923693 0.04044117647058824
1 0.15220883534136545 0.2522977941176471 0.016867469879518072 0.03216911764705882
1 0.14216867469879518 0.25735294117647056 0.014457831325301205 0.03676470588235294
1 0.12289156626506025 0.2697610294117647 0.01927710843373494 0.035845588235294115
1 0.10682730923694779 0.27941176470588236 0.014457831325301205 0.03308823529411765
1 0.0963855421686747 0.2913602941176471 0.01285140562248996 0.02389705882352941
1 0.14056224899598393 0.6263786764705882 0.07550200803212852 0.08915441176470588
1 0.1963855421686747 0.7104779411764706 0.09558232931726908 0.08455882352941177
1 0.17710843373493976 0.8074448529411765 0.08433734939759036 0.06158088235294118
1 0.11526104417670682 0.4898897058823529 0.08112449799196787 0.0974264705882353
2 0.8008032128514057 0.3874080882352941 0.02248995983935743 0.03400735294117647
1 0.6911646586345381 0.2734375 0.018473895582329317 0.017463235294117647
1 0.6453815261044177 0.2578125 0.018473895582329317 0.021139705882352942
3 0.8393574297188755 0.5211397058823529 0.02248995983935743 0.03308823529411765
1 0.7975903614457831 0.3552389705882353 0.00963855421686747 0.013786764705882353
3 0.810843373493976 0.4646139705882353 0.008835341365461847 0.021139705882352942
3 0.7975903614457831 0.4710477941176471 0.017670682730923693 0.03768382352941176
