2 0.8041666666666667 0.12637867647058823 0.046875 0.0818014705882353
1 0.11171875 0.8920036764705882 0.03802083333333333 0.1056985294117647
1 0.026041666666666668 0.8405330882352942 0.025 0.0744485294117647
1 0.05078125 0.8465073529411765 0.027604166666666666 0.09375
2 0.07682291666666667 0.26838235294117646 0.030729166666666665 0.06801470588235294
3 0.034895833333333334 0.7706801470588235 0.03333333333333333 0.04136029411764706
1 0.8229166666666666 0.17784926470588236 0.017708333333333333 0.03216911764705882
1 0.7265625 0.6328125 0.10104166666666667 0.16636029411764705
1 0.29192708333333334 0.13786764705882354 0.0453125 0.07536764705882353
1 0.07890625 0.4880514705882353 0.04010416666666667 0.05514705882352941
1 0.022916666666666665 0.6167279411764706 0.025 0.03676470588235294
2 0.9239583333333333 0.32950367647058826 0.014583333333333334 0.03400735294117647
0 0.026822916666666665 0.42784926470588236 0.05260416666666667 0.16819852941176472
2 0.10286458333333333 0.3782169117647059 0.0609375 0.12408088235294118
3 0.32447916666666665 0.05376838235294118 0.01875 0.05238970588235294
1 0.8489583333333334 0.19209558823529413 0.014583333333333334 0.025735294117647058
1 0.8393229166666667 0.18060661764705882 0.013020833333333334 0.03216911764705882
1 0.8700520833333333 0.22288602941176472 0.0109375 0.02297794117647059
