1 0.41451612903225804 0.8363970588235294 0.07741935483870968 0.14338235294117646
1 0.45241935483870965 0.23759191176470587 0.03387096774193549 0.046875
1 0.4798387096774194 0.2899816176470588 0.03870967741935484 0.05238970588235294
1 0.505241935483871 0.24448529411764705 0.03467741935483871 0.04044117647058824
1 0.5383064516129032 0.29641544117647056 0.03467741935483871 0.04503676470588235
1 0.5153225806451613 0.32996323529411764 0.037096774193548385 0.05514705882352941
2 0.5862903225806452 0.45266544117647056 0.1064516129032258 0.18290441176470587
1 0.6645161290322581 0.265625 0.017741935483870968 0.027573529411764705
1 0.6423387096774194 0.296875 0.02338709677419355 0.03308823529411765
1 0.6379032258064516 0.3272058823529412 0.025806451612903226 0.03676470588235294
1 0.6080645161290322 0.2679227941176471 0.01935483870967742 0.03216911764705882
1 0.5516129032258065 0.2587316176470588 0.024193548387096774 0.035845588235294115
1 0.3403225806451613 0.22288602941176472 0.02258064516129032 0.03952205882352941
2 0.8713709677419355 0.7941176470588235 0.03790322580645161 0.07720588235294118
1 0.780241935483871 0.4664522058823529 0.03951612903225806 0.057904411764705885
1 0.8016129032258065 0.53125 0.037096774193548385 0.04779411764705882
1 0.8282258064516129 0.59375 0.04032258064516129 0.05330882352941176
1 0.8423387096774193 0.6332720588235294 0.05725806451612903 0.08088235294117647
1 0.7923387096774194 0.6001838235294118 0.04596774193548387 0.06066176470588235
1 0.792741935483871 0.6401654411764706 0.0532258064516129 0.08363970588235294
3 0.707258064516129 0.5560661764705882 0.06129032258064516 0.07536764705882353
3 0.7254032258064517 0.5988051470588235 0.06693548387096775 0.08915441176470588
3 0.7495967741935484 0.6511948529411765 0.0717741935483871 0.08363970588235294
1 0.7544354838709677 0.40579044117647056 0.028225806451612902 0.03768382352941176
1 0.7475806451612903 0.3984375 0.03064516129032258 0.03400735294117647
1 0.7322580645161291 0.38143382352941174 0.024193548387096774 0.03125
2 0.5721774193548387 0.22426470588235295 0.05887096774193548 0.03308823529411765
