2 0.7169354838709677 0.40487132352941174 0.08225806451612903 0.09466911764705882
1 0.17096774193548386 0.6847426470588235 0.07903225806451612 0.0661764705882353
1 0.7205645161290323 0.3694852941176471 0.025 0.025735294117647058
1 0.4056451612903226 0.16957720588235295 0.025806451612903226 0.03768382352941176
1 0.42379032258064514 0.2109375 0.025 0.050551470588235295
1 0.3903225806451613 0.8887867647058824 0.06451612903225806 0.07536764705882353
2 0.722983870967742 0.5335477941176471 0.12338709677419354 0.15349264705882354
2 0.2818548387096774 0.17647058823529413 0.03467741935483871 0.029411764705882353
2 0.8935483870967742 0.71875 0.02903225806451613 0.0661764705882353
1 0.3032258064516129 0.18933823529411764 0.020967741935483872 0.027573529411764705
1 0.3125 0.19806985294117646 0.025 0.030330882352941176
1 0.3241935483870968 0.21277573529411764 0.03064516129032258 0.03768382352941176
2 0.6350806451612904 0.22150735294117646 0.025 0.025735294117647058
2 0.6580645161290323 0.22104779411764705 0.027419354838709678 0.03216911764705882
1 0.5846774193548387 0.20818014705882354 0.014516129032258065 0.019301470588235295
1 0.6258064516129033 0.23207720588235295 0.014516129032258065 0.019301470588235295
1 0.6403225806451613 0.234375 0.012903225806451613 0.016544117647058824
1 0.6326612903225807 0.24080882352941177 0.016935483870967744 0.01838235294117647
