1 0.14779116465863454 0.3515625 0.01927710843373494 0.019301470588235295
1 0.14417670682730924 0.3602941176470588 0.023293172690763052 0.02022058823529412
1 0.13333333333333333 0.38005514705882354 0.027309236947791166 0.019301470588235295
1 0.13052208835341367 0.3943014705882353 0.024899598393574297 0.02022058823529412
1 0.1248995983935743 0.40670955882352944 0.028112449799196786 0.021139705882352942
1 0.11887550200803212 0.4250919117647059 0.02570281124497992 0.02297794117647059
1 0.10883534136546184 0.4485294117647059 0.02650602409638554 0.022058823529411766
1 0.10120481927710843 0.4742647058823529 0.027309236947791166 0.027573529411764705
1 0.09558232931726908 0.5045955882352942 0.02891566265060241 0.029411764705882353
1 0.0859437751004016 0.7270220588235294 0.024096385542168676 0.034926470588235295
1 0.0895582329317269 0.7495404411764706 0.02650602409638554 0.02665441176470588
1 0.10361445783132531 0.8152573529411765 0.027309236947791166 0.025735294117647058
2 0.7160642570281125 0.9172794117647058 0.12449799196787148 0.16544117647058823
0 0.41004016064257026 0.08134191176470588 0.028112449799196786 0.02665441176470588
0 0.3742971887550201 0.109375 0.06746987951807229 0.06066176470588235
1 0.18433734939759036 0.25183823529411764 0.024899598393574297 0.03308823529411765
1 0.9160642570281124 0.4250919117647059 0.023293172690763052 0.03768382352941176
3 0.7289156626506024 0.16681985294117646 0.015261044176706828 0.030330882352941176
2 0.6164658634538153 0.1052389705882353 0.0393574297188755 0.02665441176470588
2 0.5710843373493976 0.08272058823529412 0.024096385542168676 0.016544117647058824
2 0.42811244979919677 0.09145220588235294 0.017670682730923693 0.017463235294117647
2 0.41606425702811245 0.10294117647058823 0.02570281124497992 0.022058823529411766
1 0.3269076305220884 0.13648897058823528 0.014457831325301205 0.021139705882352942
