2 0.8044270833333333 0.12729779411764705 0.0453125 0.07996323529411764
1 0.1109375 0.8920036764705882 0.03854166666666667 0.10753676470588236
1 0.025520833333333333 0.8409926470588235 0.026041666666666668 0.07536764705882353
1 0.049479166666666664 0.8460477941176471 0.03125 0.09650735294117647
2 0.0765625 0.2679227941176471 0.03125 0.06709558823529412
3 0.06328125 0.734375 0.04114583333333333 0.04963235294117647
3 0.0640625 0.7738970588235294 0.04791666666666667 0.051470588235294115
1 0.8265625 0.16819852941176472 0.014583333333333334 0.027573529411764705
1 0.77421875 0.3929227941176471 0.058854166666666666 0.08915441176470588
1 0.5638020833333334 0.05652573529411765 0.0484375 0.07261029411764706
1 0.028125 0.5928308823529411 0.029166666666666667 0.04411764705882353
1 0.06614583333333333 0.6020220588235294 0.04375 0.058823529411764705
2 0.40546875 0.26424632352941174 0.22447916666666667 0.203125
2 0.8375 0.31847426470588236 0.05416666666666667 0.09466911764705882
1 0.8708333333333333 0.2270220588235294 0.011458333333333333 0.022058823529411766
