2 0.9885416666666667 0.46119791666666665 0.017708333333333333 0.030729166666666665
2 0.9848958333333333 0.4864583333333333 0.017708333333333333 0.019791666666666666
2 0.9760416666666667 0.47317708333333336 0.017708333333333333 0.030729166666666665
2 0.8877604166666667 0.228125 0.0234375 0.01875
1 0.9033854166666667 0.3302083333333333 0.033854166666666664 0.03333333333333333
2 0.04973958333333333 0.23671875 0.0171875 0.019270833333333334
2 0.0296875 0.26614583333333336 0.014583333333333334 0.014583333333333334
1 0.0390625 0.27708333333333335 0.013541666666666667 0.010416666666666666
1 0.04114583333333333 0.30859375 0.01875 0.013020833333333334
1 0.075 0.31744791666666666 0.028125 0.0203125
1 0.13515625 0.2234375 0.0296875 0.023958333333333335
2 0.8721354166666667 0.5630208333333333 0.0484375 0.06666666666666667
2 0.97421875 0.6401041666666667 0.011979166666666667 0.013541666666666667
1 0.012760416666666666 0.30364583333333334 0.0109375 0.008333333333333333
1 0.0703125 0.3419270833333333 0.028125 0.015104166666666667
1 0.9354166666666667 0.44635416666666666 0.03125 0.016666666666666666
1 0.9364583333333333 0.46796875 0.03229166666666667 0.022395833333333334
2 0.9830729166666666 0.6059895833333333 0.013020833333333334 0.018229166666666668
2 0.2877604166666667 0.09817708333333333 0.0671875 0.05572916666666667
1 0.48802083333333335 0.010416666666666666 0.014583333333333334 0.019791666666666666
