2 0.9885416666666667 0.46119791666666665 0.017708333333333333 0.030729166666666665
2 0.9846354166666667 0.4864583333333333 0.018229166666666668 0.019791666666666666
2 0.97578125 0.47317708333333336 0.0171875 0.030729166666666665
2 0.8872395833333333 0.22864583333333333 0.022395833333333334 0.01875
3 0.04348958333333333 0.32916666666666666 0.021354166666666667 0.010416666666666666
2 0.80703125 0.08255208333333333 0.016145833333333335 0.0171875
1 0.81875 0.10494791666666667 0.010416666666666666 0.013020833333333334
2 0.049479166666666664 0.23619791666666667 0.016666666666666666 0.018229166666666668
1 0.02421875 0.2875 0.011979166666666667 0.00625
2 0.7794270833333333 0.08567708333333333 0.028645833333333332 0.033854166666666664
1 0.8208333333333333 0.12786458333333334 0.016666666666666666 0.022395833333333334
3 0.023177083333333334 0.32135416666666666 0.0140625 0.007291666666666667
4 0.6091145833333333 0.019791666666666666 0.05572916666666667 0.03854166666666667
1 0.52109375 0.011458333333333333 0.013020833333333334 0.021875
2 0.659375 0.010416666666666666 0.023958333333333335 0.019791666666666666
