2 0.5290322580645161 0.10615808823529412 0.029493087557603687 0.03400735294117647
1 0.5548387096774193 0.11902573529411764 0.014746543778801843 0.02849264705882353
1 0.5686635944700461 0.11443014705882353 0.011059907834101382 0.02665441176470588
1 0.5930875576036866 0.12362132352941177 0.013824884792626729 0.02665441176470588
1 0.5050691244239631 0.11029411764705882 0.011059907834101382 0.02389705882352941
1 0.776036866359447 0.22012867647058823 0.025806451612903226 0.030330882352941176
3 0.39493087557603684 0.14935661764705882 0.011981566820276499 0.02665441176470588
3 0.4152073732718894 0.15808823529411764 0.011981566820276499 0.034926470588235295
3 0.42995391705069125 0.15625 0.01566820276497696 0.03308823529411765
2 0.8870967741935484 0.3125 0.04884792626728111 0.03860294117647059
1 0.8216589861751152 0.22977941176470587 0.026728110599078342 0.01838235294117647
1 0.8354838709677419 0.23805147058823528 0.02857142857142857 0.01838235294117647
1 0.8419354838709677 0.25137867647058826 0.02857142857142857 0.02297794117647059
1 0.8631336405529954 0.26838235294117646 0.02488479262672811 0.025735294117647058
2 0.9299539170506912 0.3460477941176471 0.03686635944700461 0.03400735294117647
3 0.32534562211981566 0.515625 0.05714285714285714 0.03676470588235294
1 0.3654377880184332 0.32306985294117646 0.035944700460829496 0.06893382352941177
1 0.14377880184331798 0.2977941176470588 0.023963133640552997 0.01838235294117647
1 0.06820276497695853 0.5275735294117647 0.03133640552995392 0.012867647058823529
1 0.10506912442396313 0.5340073529411765 0.04608294930875576 0.012867647058823529
2 0.010138248847926268 0.515625 0.012903225806451613 0.016544117647058824
0 0.04976958525345622 0.47150735294117646 0.08663594470046083 0.06801470588235294
1 0.6811059907834102 0.15303308823529413 0.022119815668202765 0.03400735294117647
2 0.5737327188940092 0.10248161764705882 0.02488479262672811 0.02665441176470588
