2 0.5290322580645161 0.10845588235294118 0.029493087557603687 0.029411764705882353
3 0.37557603686635943 0.8125 0.041474654377880185 0.05698529411764706
1 0.5557603686635945 0.11672794117647059 0.014746543778801843 0.029411764705882353
2 0.03824884792626728 0.4650735294117647 0.02304147465437788 0.02389705882352941
2 0.03317972350230415 0.4977022058823529 0.023963133640552997 0.02665441176470588
2 0.09216589861751152 0.4195772058823529 0.04608294930875576 0.04503676470588235
2 0.3474654377880184 0.2945772058823529 0.11059907834101383 0.07628676470588236
2 0.3811059907834101 0.3446691176470588 0.1576036866359447 0.08272058823529412
0 0.13456221198156681 0.7495404411764706 0.09032258064516129 0.14613970588235295
3 0.4414746543778802 0.1213235294117647 0.012903225806451613 0.029411764705882353
3 0.4308755760368664 0.12408088235294118 0.011981566820276499 0.029411764705882353
1 0.8516129032258064 0.5712316176470589 0.060829493087557605 0.05422794117647059
1 0.7778801843317973 0.6167279411764706 0.06267281105990784 0.0625
1 0.7387096774193549 0.6176470588235294 0.06543778801843318 0.07904411764705882
1 0.17142857142857143 0.6167279411764706 0.053456221198156684 0.042279411764705885
1 0.49585253456221196 0.1484375 0.035023041474654376 0.03400735294117647
2 0.9820276497695852 0.4568014705882353 0.026728110599078342 0.029411764705882353
