2 0.98828125 0.46041666666666664 0.018229166666666668 0.03125
2 0.9872395833333333 0.48541666666666666 0.0140625 0.01875
2 0.97734375 0.47239583333333335 0.018229166666666668 0.028125
2 0.8877604166666667 0.22786458333333334 0.0203125 0.018229166666666668
0 0.9869791666666666 0.5927083333333333 0.016666666666666666 0.021875
2 0.7885416666666667 0.07864583333333333 0.016666666666666666 0.017708333333333333
1 0.8091145833333333 0.11484375 0.0140625 0.019270833333333334
4 0.815625 0.07421875 0.021875 0.024479166666666666
4 0.9848958333333333 0.640625 0.019791666666666666 0.01875
1 0.83515625 0.5783854166666667 0.0484375 0.027604166666666666
1 0.965625 0.4903645833333333 0.019791666666666666 0.0109375
1 0.9559895833333333 0.6322916666666667 0.016145833333333335 0.014583333333333334
1 0.029427083333333333 0.2755208333333333 0.009895833333333333 0.007291666666666667
2 0.04869791666666667 0.2721354166666667 0.025520833333333333 0.021354166666666667
2 0.016666666666666666 0.2947916666666667 0.014583333333333334 0.013541666666666667
2 0.7268229166666667 0.12213541666666666 0.058854166666666666 0.044270833333333336
2 0.39479166666666665 0.25026041666666665 0.153125 0.08489583333333334
2 0.4328125 0.109375 0.096875 0.04791666666666667
1 0.67265625 0.14322916666666666 0.03802083333333333 0.04479166666666667
1 0.84140625 0.178125 0.021354166666666667 0.022916666666666665
4 0.59375 0.009635416666666667 0.029166666666666667 0.018229166666666668
2 0.96875 0.6182291666666667 0.017708333333333333 0.025
