2 0.7169354838709677 0.40487132352941174 0.08225806451612903 0.09466911764705882
1 0.17096774193548386 0.6847426470588235 0.07903225806451612 0.0661764705882353
1 0.7209677419354839 0.3694852941176471 0.025806451612903226 0.025735294117647058
1 0.39153225806451614 0.8920036764705882 0.062096774193548386 0.078125
3 0.18911290322580646 0.32169117647058826 0.029838709677419355 0.06433823529411764
2 0.28266129032258064 0.18060661764705882 0.036290322580645164 0.030330882352941176
2 0.894758064516129 0.7215073529411765 0.02661290322580645 0.07352941176470588
1 0.3443548387096774 0.21323529411764705 0.03064516129032258 0.04595588235294118
1 0.32056451612903225 0.19806985294117646 0.02338709677419355 0.03952205882352941
1 0.3024193548387097 0.1875 0.024193548387096774 0.03308823529411765
2 0.6580645161290323 0.22104779411764705 0.027419354838709678 0.03216911764705882
1 0.5846774193548387 0.20863970588235295 0.014516129032258065 0.01838235294117647
1 0.6133064516129032 0.23069852941176472 0.013709677419354839 0.01838235294117647
1 0.6262096774193548 0.23207720588235295 0.013709677419354839 0.019301470588235295
1 0.6407258064516129 0.2339154411764706 0.012096774193548387 0.015625
