1 0.17258064516129032 0.6870404411764706 0.07903225806451612 0.06709558823529412
1 0.7298387096774194 0.3837316176470588 0.025806451612903226 0.030330882352941176
1 0.7435483870967742 0.39797794117647056 0.025806451612903226 0.03125
1 0.7504032258064516 0.4117647058823529 0.025 0.03125
1 0.8040322580645162 0.5188419117647058 0.0532258064516129 0.043198529411764705
1 0.7911290322580645 0.5376838235294118 0.043548387096774194 0.04595588235294118
1 0.5447580645161291 0.2849264705882353 0.03790322580645161 0.04595588235294118
2 0.49556451612903224 0.20726102941176472 0.0814516129032258 0.03952205882352941
2 0.2794354838709677 0.17876838235294118 0.04112903225806452 0.03400735294117647
2 0.8681451612903226 0.7715992647058824 0.050806451612903224 0.09650735294117647
2 0.225 0.18612132352941177 0.03225806451612903 0.03400735294117647
1 0.225 0.1957720588235294 0.016129032258064516 0.029411764705882353
1 0.5584677419354839 0.20450367647058823 0.02338709677419355 0.02849264705882353
2 0.5854838709677419 0.22196691176470587 0.04516129032258064 0.03400735294117647
1 0.7923387096774194 0.6047794117647058 0.04596774193548387 0.03676470588235294
1 0.8455645161290323 0.6383272058823529 0.036290322580645164 0.03216911764705882
1 0.8044354838709677 0.6369485294117647 0.049193548387096775 0.04044117647058824
1 0.8129032258064516 0.6622242647058824 0.05161290322580645 0.050551470588235295
1 0.8806451612903226 0.6796875 0.025806451612903226 0.03400735294117647
