2 0.9846354166666667 0.48671875 0.016145833333333335 0.0203125
2 0.9768229166666667 0.47317708333333336 0.0203125 0.030729166666666665
2 0.8885416666666667 0.22708333333333333 0.023958333333333335 0.017708333333333333
3 0.8622395833333333 0.15963541666666667 0.0140625 0.0109375
1 0.020052083333333335 0.31796875 0.0109375 0.008854166666666666
1 0.0515625 0.26848958333333334 0.017708333333333333 0.009895833333333333
1 0.1296875 0.22994791666666667 0.027083333333333334 0.019270833333333334
1 0.20442708333333334 0.3106770833333333 0.050520833333333334 0.0328125
1 0.89609375 0.5869791666666667 0.04114583333333333 0.023958333333333335
1 0.89375 0.5489583333333333 0.041666666666666664 0.023958333333333335
2 0.775 0.06510416666666667 0.019791666666666666 0.022916666666666665
1 0.7846354166666667 0.12473958333333333 0.021354166666666667 0.028645833333333332
1 0.7317708333333334 0.11510416666666666 0.025 0.03333333333333333
1 0.6471354166666666 0.15520833333333334 0.04010416666666667 0.04791666666666667
2 0.7973958333333333 0.1 0.022916666666666665 0.022916666666666665
1 0.47682291666666665 0.007291666666666667 0.018229166666666668 0.013541666666666667
1 0.4861979166666667 0.034375 0.019270833333333334 0.03125
2 0.9671875 0.478125 0.021875 0.034375
2 0.9513020833333333 0.5971354166666667 0.0265625 0.030729166666666665
2 0.9833333333333333 0.5924479166666666 0.011458333333333333 0.019270833333333334
2 0.6611979166666667 0.009375 0.021354166666666667 0.017708333333333333
2 0.05234375 0.23359375 0.0140625 0.016145833333333335
1 0.015885416666666666 0.30104166666666665 0.0109375 0.008333333333333333
1 0.8098958333333334 0.09401041666666667 0.011458333333333333 0.0171875
1 0.9802083333333333 0.540625 0.015625 0.017708333333333333
2 0.09921875 0.19713541666666667 0.0265625 0.027604166666666666
2 0.51328125 0.0078125 0.0328125 0.014583333333333334
4 0.60625 0.009114583333333334 0.035416666666666666 0.0171875
