3 0.32857142857142857 0.8161764705882353 0.06938775510204082 0.08088235294117647
1 0.15061224489795919 0.3602941176470588 0.0563265306122449 0.09558823529411764
1 0.23714285714285716 0.7909007352941176 0.09714285714285714 0.1130514705882353
1 0.6951020408163265 0.33409926470588236 0.0236734693877551 0.03768382352941176
2 0.35877551020408166 0.14338235294117646 0.04653061224489796 0.027573529411764705
2 0.4122448979591837 0.1640625 0.05714285714285714 0.035845588235294115
2 0.7930612244897959 0.4522058823529412 0.05795918367346939 0.07904411764705882
1 0.5436734693877551 0.27527573529411764 0.037551020408163265 0.04503676470588235
1 0.6351020408163265 0.3492647058823529 0.04897959183673469 0.04779411764705882
1 0.5657142857142857 0.8667279411764706 0.11428571428571428 0.0900735294117647
1 0.3436734693877551 0.21783088235294118 0.029387755102040815 0.05514705882352941
1 0.36489795918367346 0.2339154411764706 0.031020408163265307 0.050551470588235295
2 0.2885714285714286 0.24586397058823528 0.08408163265306122 0.08547794117647059
2 0.8404081632653061 0.6783088235294118 0.07102040816326531 0.12316176470588236
3 0.686530612244898 0.27941176470588236 0.0163265306122449 0.027573529411764705
1 0.5461224489795918 0.20818014705882354 0.022857142857142857 0.02665441176470588
1 0.5685714285714286 0.22564338235294118 0.02040816326530612 0.02849264705882353
2 0.6457142857142857 0.22564338235294118 0.024489795918367346 0.024816176470588234
2 0.6628571428571428 0.22426470588235295 0.0163265306122449 0.02389705882352941
2 0.6710204081632654 0.22242647058823528 0.017959183673469388 0.022058823529411766
1 0.696734693877551 0.23897058823529413 0.008979591836734694 0.016544117647058824
2 0.6779591836734694 0.24632352941176472 0.0236734693877551 0.027573529411764705
2 0.24408163265306124 0.14568014705882354 0.017959183673469388 0.017463235294117647
1 0.21510204081632653 0.22794117647058823 0.022040816326530613 0.04411764705882353
2 0.1963265306122449 0.15441176470588236 0.015510204081632653 0.012867647058823529
2 0.21755102040816326 0.15211397058823528 0.017142857142857144 0.017463235294117647
2 0.2648979591836735 0.14659926470588236 0.02040816326530612 0.015625
2 0.2559183673469388 0.16314338235294118 0.03183673469387755 0.02665441176470588
2 0.20857142857142857 0.16590073529411764 0.02040816326530612 0.015625
2 0.20938775510204083 0.18382352941176472 0.0236734693877551 0.025735294117647058
2 0.32 0.17003676470588236 0.03918367346938775 0.03125
1 0.2979591836734694 0.15303308823529413 0.013061224489795919 0.017463235294117647
1 0.3726530612244898 0.17555147058823528 0.018775510204081632 0.027573529411764705
1 0.34938775510204084 0.16681985294117646 0.017959183673469388 0.02665441176470588
1 0.43510204081632653 0.19439338235294118 0.02122448979591837 0.024816176470588234
2 0.4236734693877551 0.22334558823529413 0.08 0.05330882352941176
1 0.2677551020408163 0.17417279411764705 0.019591836734693877 0.02297794117647059
2 0.2897959183673469 0.18244485294117646 0.04081632653061224 0.03400735294117647
1 0.8322448979591837 0.6015625 0.04653061224489796 0.046875
1 0.8620408163265306 0.6332720588235294 0.03918367346938775 0.03676470588235294
1 0.8922448979591837 0.7798713235294118 0.029387755102040815 0.02849264705882353
2 0.8175510204081633 0.8198529411764706 0.07265306122448979 0.125
1 0.7534693877551021 0.9659926470588235 0.05877551020408163 0.04411764705882353
2 0.4269387755102041 0.48621323529411764 0.21714285714285714 0.2775735294117647
1 0.5877551020408164 0.22472426470588236 0.019591836734693877 0.030330882352941176
1 0.6273469387755102 0.23115808823529413 0.017142857142857144 0.021139705882352942
1 0.6142857142857143 0.2270220588235294 0.013877551020408163 0.02389705882352941
