4 0.13495934959349593 0.25965073529411764 0.06504065040650407 0.08547794117647059
2 0.6215447154471545 0.7293198529411765 0.16016260162601625 0.35018382352941174
2 0.2995934959349594 0.1792279411764706 0.038211382113821135 0.03860294117647059
2 0.3955284552845528 0.16819852941176472 0.046341463414634146 0.034926470588235295
1 0.341869918699187 0.18887867647058823 0.023577235772357725 0.04503676470588235
1 0.04065040650406504 0.5528492647058824 0.026016260162601626 0.050551470588235295
1 0.3284552845528455 0.3350183823529412 0.0910569105691057 0.09099264705882353
1 0.48048780487804876 0.3993566176470588 0.1073170731707317 0.11488970588235294
2 0.8215447154471545 0.32628676470588236 0.03008130081300813 0.03308823529411765
1 0.733739837398374 0.3322610294117647 0.036585365853658534 0.050551470588235295
1 0.7975609756097561 0.3396139705882353 0.02926829268292683 0.04503676470588235
1 0.8711382113821138 0.6171875 0.046341463414634146 0.05974264705882353
1 0.8621951219512195 0.6764705882352942 0.04796747967479675 0.05698529411764706
1 0.8544715447154472 0.7090992647058824 0.04878048780487805 0.05422794117647059
