1 0.833469387755102 0.43612132352941174 0.02122448979591837 0.024816176470588234
1 0.8685714285714285 0.5050551470588235 0.019591836734693877 0.024816176470588234
1 0.9008163265306123 0.6305147058823529 0.0236734693877551 0.04044117647058824
2 0.8771428571428571 0.5487132352941176 0.04326530612244898 0.07536764705882353
1 0.7326530612244898 0.3157169117647059 0.008979591836734694 0.013786764705882353
1 0.6926530612244898 0.28768382352941174 0.010612244897959184 0.011029411764705883
2 0.7510204081632653 0.32996323529411764 0.019591836734693877 0.016544117647058824
2 0.7795918367346939 0.3460477941176471 0.013061224489795919 0.013786764705882353
1 0.05877551020408163 0.4889705882352941 0.02122448979591837 0.0625
1 0.08734693877551021 0.3864889705882353 0.029387755102040815 0.050551470588235295
1 0.5012244897959184 0.2104779411764706 0.0163265306122449 0.012867647058823529
0 0.3240816326530612 0.20404411764705882 0.09795918367346938 0.04595588235294118
2 0.4881632653061225 0.25597426470588236 0.08816326530612245 0.05238970588235294
2 0.7416326530612245 0.3883272058823529 0.08897959183673469 0.10386029411764706
2 0.40448979591836737 0.24494485294117646 0.07102040816326531 0.04871323529411765
4 0.5946938775510204 0.23851102941176472 0.053061224489795916 0.03400735294117647
1 0.5318367346938776 0.22886029411764705 0.018775510204081632 0.022058823529411766
1 0.6575510204081633 0.28860294117647056 0.025306122448979593 0.025735294117647058
