2 0.984375 0.48671875 0.016666666666666666 0.021354166666666667
2 0.9768229166666667 0.47291666666666665 0.019270833333333334 0.029166666666666667
2 0.8888020833333333 0.22708333333333333 0.024479166666666666 0.01875
2 0.80546875 0.10989583333333333 0.024479166666666666 0.027083333333333334
1 0.8143229166666667 0.08411458333333334 0.008854166666666666 0.013020833333333334
4 0.7783854166666667 0.06145833333333333 0.0234375 0.028125
2 0.10572916666666667 0.23671875 0.036458333333333336 0.0328125
2 0.07135416666666666 0.28151041666666665 0.03229166666666667 0.0328125
2 0.075 0.25078125 0.026041666666666668 0.0296875
1 0.06927083333333334 0.3302083333333333 0.028125 0.019791666666666666
1 0.0828125 0.29739583333333336 0.028125 0.01875
1 0.10703125 0.24973958333333332 0.025520833333333333 0.018229166666666668
1 0.08932291666666667 0.2598958333333333 0.022395833333333334 0.017708333333333333
1 0.05911458333333333 0.2557291666666667 0.009895833333333333 0.013541666666666667
2 0.04505208333333333 0.3333333333333333 0.025520833333333333 0.022916666666666665
2 0.09921875 0.19765625 0.0265625 0.0265625
1 0.95234375 0.62734375 0.019270833333333334 0.013020833333333334
1 0.9575520833333333 0.49296875 0.0265625 0.0171875
1 0.9557291666666666 0.5059895833333333 0.025 0.0171875
1 0.93828125 0.49661458333333336 0.028645833333333332 0.016145833333333335
2 0.9768229166666667 0.5700520833333333 0.0171875 0.024479166666666666
2 0.59609375 0.019010416666666665 0.04114583333333333 0.0359375
