1 0.2434959349593496 0.20955882352941177 0.02032520325203252 0.04044117647058824
1 0.20934959349593496 0.21783088235294118 0.015447154471544716 0.03860294117647059
1 0.19796747967479675 0.22426470588235295 0.015447154471544716 0.04044117647058824
1 0.5857723577235773 0.20863970588235295 0.03170731707317073 0.03676470588235294
1 0.7536585365853659 0.37454044117647056 0.03577235772357724 0.043198529411764705
1 0.774390243902439 0.7022058823529411 0.07723577235772358 0.09558823529411764
1 0.3723577235772358 0.20863970588235295 0.04715447154471545 0.05514705882352941
2 0.5723577235772358 0.25735294117647056 0.13008130081300814 0.07169117647058823
2 0.7260162601626017 0.2619485294117647 0.06016260162601626 0.04411764705882353
2 0.8065040650406504 0.3010110294117647 0.026016260162601626 0.024816176470588234
