3 0.33714285714285713 0.8083639705882353 0.062040816326530614 0.07996323529411764
1 0.15020408163265306 0.35891544117647056 0.060408163265306125 0.09283088235294118
1 0.2383673469387755 0.7909007352941176 0.0946938775510204 0.11488970588235294
1 0.6959183673469388 0.3368566176470588 0.0236734693877551 0.03400735294117647
2 0.35877551020408166 0.14292279411764705 0.04816326530612245 0.030330882352941176
2 0.41020408163265304 0.1636029411764706 0.054693877551020405 0.034926470588235295
2 0.7906122448979592 0.45358455882352944 0.05142857142857143 0.07261029411764706
1 0.6012244897959184 0.21645220588235295 0.018775510204081632 0.02849264705882353
1 0.5816326530612245 0.20680147058823528 0.022040816326530613 0.02389705882352941
1 0.583265306122449 0.22564338235294118 0.0236734693877551 0.02849264705882353
1 0.5677551020408164 0.22748161764705882 0.022040816326530613 0.030330882352941176
1 0.5461224489795918 0.2113970588235294 0.024489795918367346 0.029411764705882353
2 0.6742857142857143 0.22104779411764705 0.017959183673469388 0.019301470588235295
2 0.6632653061224489 0.2261029411764706 0.018775510204081632 0.022058823529411766
2 0.643265306122449 0.22472426470588236 0.022857142857142857 0.021139705882352942
1 0.6151020408163266 0.22380514705882354 0.015510204081632653 0.021139705882352942
1 0.6195918367346939 0.23851102941176472 0.02122448979591837 0.02297794117647059
1 0.6420408163265307 0.23988970588235295 0.018775510204081632 0.02022058823529412
1 0.6616326530612245 0.23943014705882354 0.012244897959183673 0.013786764705882353
1 0.6706122448979592 0.23759191176470587 0.010612244897959184 0.015625
1 0.683265306122449 0.23575367647058823 0.009795918367346938 0.017463235294117647
2 0.2783673469387755 0.15349264705882354 0.024489795918367346 0.022058823529411766
2 0.2420408163265306 0.1401654411764706 0.013877551020408163 0.011948529411764705
2 0.3812244897959184 0.20542279411764705 0.07183673469387755 0.05238970588235294
2 0.2253061224489796 0.15487132352941177 0.0163265306122449 0.019301470588235295
2 0.24081632653061225 0.15992647058823528 0.02122448979591837 0.02389705882352941
2 0.2542857142857143 0.17003676470588236 0.03346938775510204 0.027573529411764705
1 0.2677551020408163 0.17463235294117646 0.014693877551020407 0.025735294117647058
2 0.2914285714285714 0.18152573529411764 0.035918367346938776 0.03216911764705882
1 0.3395918367346939 0.2182904411764706 0.027755102040816326 0.043198529411764705
1 0.35836734693877553 0.23161764705882354 0.031020408163265307 0.04963235294117647
1 0.31918367346938775 0.2035845588235294 0.029387755102040815 0.03768382352941176
1 0.3040816326530612 0.19623161764705882 0.0236734693877551 0.03216911764705882
1 0.5379591836734694 0.2766544117647059 0.03918367346938775 0.04963235294117647
1 0.30448979591836733 0.32628676470588236 0.045714285714285714 0.08823529411764706
1 0.23061224489795917 0.3134191176470588 0.03346938775510204 0.08272058823529412
1 0.20653061224489797 0.17509191176470587 0.011428571428571429 0.019301470588235295
1 0.19183673469387755 0.17555147058823528 0.011428571428571429 0.014705882352941176
1 0.22040816326530613 0.22012867647058823 0.014693877551020407 0.03216911764705882
2 0.19959183673469388 0.15854779411764705 0.015510204081632653 0.017463235294117647
1 0.8706122448979592 0.6162683823529411 0.03346938775510204 0.04136029411764706
1 0.7453061224489796 0.47380514705882354 0.05061224489795919 0.04871323529411765
1 0.7355102040816327 0.9586397058823529 0.0473469387755102 0.034926470588235295
1 0.7946938775510204 0.9397977941176471 0.04979591836734694 0.035845588235294115
2 0.7677551020408163 0.5712316176470589 0.10693877551020409 0.13878676470588236
1 0.8644897959183674 0.8630514705882353 0.026122448979591838 0.029411764705882353
2 0.8804081632653061 0.8616727941176471 0.03346938775510204 0.04136029411764706
2 0.22938775510204082 0.18979779411764705 0.029387755102040815 0.03216911764705882
