1 0.17096774193548386 0.6847426470588235 0.07903225806451612 0.0661764705882353
1 0.7217741935483871 0.36994485294117646 0.02258064516129032 0.024816176470588234
1 0.4266129032258065 0.20174632352941177 0.03387096774193549 0.03952205882352941
1 0.5556451612903226 0.20496323529411764 0.020967741935483872 0.03125
1 0.48870967741935484 0.24034926470588236 0.0467741935483871 0.050551470588235295
1 0.530241935483871 0.2991727941176471 0.042741935483870966 0.04871323529411765
1 0.2560483870967742 0.7297794117647058 0.06693548387096775 0.1488970588235294
1 0.760483870967742 0.9407169117647058 0.06451612903225806 0.03952205882352941
2 0.6887096774193548 0.7081801470588235 0.16451612903225807 0.21599264705882354
2 0.4258064516129032 0.24126838235294118 0.08387096774193549 0.06525735294117647
0 0.2911290322580645 0.14659926470588236 0.06451612903225806 0.04503676470588235
0 0.7149193548387097 0.48391544117647056 0.22983870967741934 0.2619485294117647
2 0.27983870967741936 0.1792279411764706 0.03870967741935484 0.03308823529411765
2 0.8850806451612904 0.7559742647058824 0.031451612903225803 0.07261029411764706
1 0.8620967741935484 0.6613051470588235 0.03064516129032258 0.035845588235294115
1 0.30443548387096775 0.18520220588235295 0.018548387096774192 0.02665441176470588
1 0.33991935483870966 0.17417279411764705 0.018548387096774192 0.030330882352941176
1 0.37620967741935485 0.18198529411764705 0.021774193548387097 0.03308823529411765
2 0.6314516129032258 0.21966911764705882 0.03064516129032258 0.027573529411764705
2 0.6580645161290323 0.21966911764705882 0.027419354838709678 0.03308823529411765
1 0.6439516129032258 0.23207720588235295 0.013709677419354839 0.017463235294117647
1 0.5943548387096774 0.21231617647058823 0.014516129032258065 0.01838235294117647
