2 0.47314814814814815 0.07077205882352941 0.07407407407407407 0.05698529411764706
2 0.019444444444444445 0.5965073529411765 0.027777777777777776 0.03860294117647059
4 0.15694444444444444 0.1130514705882353 0.023148148148148147 0.022058823529411766
2 0.8310185185185185 0.1484375 0.03611111111111111 0.03216911764705882
2 0.7430555555555556 0.1328125 0.07314814814814814 0.050551470588235295
2 0.6837962962962963 0.09972426470588236 0.0712962962962963 0.043198529411764705
1 0.3287037037037037 0.17784926470588236 0.04814814814814815 0.057904411764705885
1 0.22037037037037038 0.07352941176470588 0.012962962962962963 0.016544117647058824
2 0.15046296296296297 0.12729779411764705 0.017592592592592594 0.017463235294117647
2 0.1425925925925926 0.1410845588235294 0.018518518518518517 0.019301470588235295
4 0.12824074074074074 0.16268382352941177 0.026851851851851852 0.029411764705882353
2 0.06018518518518518 0.26608455882352944 0.022222222222222223 0.030330882352941176
2 0.056018518518518516 0.6815257352941176 0.030555555555555555 0.03400735294117647
2 0.05092592592592592 0.5790441176470589 0.03333333333333333 0.042279411764705885
2 0.05555555555555555 0.7049632352941176 0.025925925925925925 0.025735294117647058
2 0.08101851851851852 0.7352941176470589 0.028703703703703703 0.03125
2 0.5402777777777777 0.9535845588235294 0.06018518518518518 0.03400735294117647
