1 0.3810483870967742 0.8952205882352942 0.08629032258064516 0.13419117647058823
1 0.6016129032258064 0.34650735294117646 0.04838709677419355 0.05514705882352941
1 0.6713709677419355 0.8602941176470589 0.08951612903225807 0.08639705882352941
2 0.6379032258064516 0.22012867647058823 0.03064516129032258 0.02665441176470588
1 0.6911290322580645 0.38235294117647056 0.037096774193548385 0.04411764705882353
2 0.2721774193548387 0.17325367647058823 0.03467741935483871 0.02849264705882353
2 0.30362903225806454 0.18336397058823528 0.03467741935483871 0.02665441176470588
3 0.7241935483870968 0.40119485294117646 0.02903225806451613 0.04136029411764706
1 0.7298387096774194 0.3828125 0.02258064516129032 0.02849264705882353
1 0.7431451612903226 0.3984375 0.02338709677419355 0.030330882352941176
1 0.7536290322580645 0.4103860294117647 0.02661290322580645 0.035845588235294115
1 0.31129032258064515 0.19715073529411764 0.027419354838709678 0.03768382352941176
