3 0.04959349593495935 0.5808823529411765 0.013008130081300813 0.022058823529411766
3 0.04796747967479675 0.59375 0.013008130081300813 0.022058823529411766
3 0.6764227642276422 0.17095588235294118 0.008130081300813009 0.02022058823529412
1 0.6146341463414634 0.1714154411764706 0.01951219512195122 0.02665441176470588
2 0.08577235772357723 0.4094669117647059 0.02195121951219512 0.02849264705882353
1 0.05040650406504065 0.49954044117647056 0.011382113821138212 0.019301470588235295
2 0.07682926829268293 0.7408088235294118 0.03983739837398374 0.11764705882352941
2 0.25447154471544714 0.26378676470588236 0.04390243902439024 0.03860294117647059
2 0.27439024390243905 0.27389705882352944 0.05609756097560976 0.06066176470588235
1 0.08821138211382114 0.4209558823529412 0.015447154471544716 0.02389705882352941
1 0.08048780487804878 0.43566176470588236 0.013008130081300813 0.02022058823529412
1 0.07154471544715447 0.4508272058823529 0.014634146341463415 0.02297794117647059
3 0.7219512195121951 0.5556066176470589 0.05203252032520325 0.07261029411764706
3 0.758130081300813 0.6272977941176471 0.05609756097560976 0.0818014705882353
