2 0.8052083333333333 0.12867647058823528 0.04375 0.07904411764705882
2 0.7807291666666667 0.11534926470588236 0.051041666666666666 0.07628676470588236
2 0.8786458333333333 0.23575367647058823 0.023958333333333335 0.04503676470588235
1 0.8598958333333333 0.5298713235294118 0.040625 0.0744485294117647
1 0.1109375 0.8929227941176471 0.03958333333333333 0.109375
1 0.02578125 0.8419117647058824 0.027604166666666666 0.07720588235294118
1 0.04869791666666667 0.8455882352941176 0.034895833333333334 0.09926470588235294
2 0.07630208333333334 0.2679227941176471 0.03177083333333333 0.06709558823529412
3 0.8190104166666666 0.5519301470588235 0.058854166666666666 0.09466911764705882
1 0.8268229166666666 0.16819852941176472 0.015104166666666667 0.027573529411764705
1 0.8973958333333333 0.2665441176470588 0.010416666666666666 0.02389705882352941
2 0.1875 0.15027573529411764 0.04479166666666667 0.09650735294117647
2 0.8471354166666667 0.2821691176470588 0.050520833333333334 0.0900735294117647
2 0.027864583333333335 0.5445772058823529 0.0328125 0.08731617647058823
2 0.31614583333333335 0.36672794117647056 0.21770833333333334 0.20588235294117646
3 0.29635416666666664 0.07674632352941177 0.021875 0.06341911764705882
3 0.049479166666666664 0.35753676470588236 0.016666666666666666 0.029411764705882353
3 0.03671875 0.7509191176470589 0.03177083333333333 0.03860294117647059
3 0.036458333333333336 0.7715992647058824 0.030208333333333334 0.03400735294117647
1 0.84765625 0.19255514705882354 0.015104166666666667 0.024816176470588234
2 0.0046875 0.6084558823529411 0.008333333333333333 0.05698529411764706
