3 0.3758064516129032 0.19163602941176472 0.03225806451612903 0.03952205882352941
3 0.43266129032258066 0.2035845588235294 0.02338709677419355 0.03216911764705882
1 0.7576612903225807 0.7977941176470589 0.050806451612903224 0.0625
1 0.7737903225806452 0.8782169117647058 0.03951612903225806 0.04871323529411765
1 0.7641129032258065 0.9113051470588235 0.04758064516129032 0.05422794117647059
1 0.7592741935483871 0.9214154411764706 0.03790322580645161 0.04503676470588235
1 0.7366935483870968 0.9333639705882353 0.049193548387096775 0.06341911764705882
4 0.8189516129032258 0.6608455882352942 0.03467741935483871 0.042279411764705885
2 0.790725806451613 0.4866727941176471 0.02338709677419355 0.02849264705882353
1 0.4939516129032258 0.19439338235294118 0.018548387096774192 0.021139705882352942
1 0.5125 0.1957720588235294 0.01532258064516129 0.027573529411764705
2 0.7141129032258065 0.4140625 0.050806451612903224 0.05974264705882353
