2 0.7979674796747968 0.23988970588235295 0.05447154471544716 0.04044117647058824
3 0.05040650406504065 0.5606617647058824 0.01951219512195122 0.022058823529411766
3 0.8617886178861789 0.4797794117647059 0.03414634146341464 0.07169117647058823
3 0.8085365853658537 0.6764705882352942 0.06260162601626017 0.07720588235294118
3 0.8471544715447155 0.8717830882352942 0.05203252032520325 0.043198529411764705
1 0.18130081300813009 0.8961397058823529 0.04552845528455285 0.058823529411764705
1 0.216260162601626 0.9301470588235294 0.04552845528455285 0.05330882352941176
1 0.25853658536585367 0.9627757352941176 0.06016260162601626 0.05422794117647059
1 0.2845528455284553 0.22472426470588236 0.02113821138211382 0.03216911764705882
1 0.44227642276422763 0.17647058823529413 0.026016260162601626 0.03676470588235294
1 0.5414634146341464 0.1640625 0.022764227642276424 0.030330882352941176
1 0.49552845528455286 0.16590073529411764 0.026829268292682926 0.03216911764705882
2 0.8609756097560975 0.26838235294117646 0.03414634146341464 0.03125
2 0.2443089430894309 0.3134191176470588 0.1016260162601626 0.09926470588235294
2 0.6390243902439025 0.20680147058823528 0.09268292682926829 0.04044117647058824
2 0.7239837398373984 0.203125 0.06585365853658537 0.034926470588235295
2 0.3752032520325203 0.9352022058823529 0.15040650406504066 0.11672794117647059
2 0.07276422764227643 0.4411764705882353 0.026829268292682926 0.034926470588235295
