2 0.2991869918699187 0.17876838235294118 0.04227642276422764 0.03768382352941176
2 0.39715447154471545 0.1636029411764706 0.046341463414634146 0.04411764705882353
2 0.7959349593495935 0.5004595588235294 0.0943089430894309 0.10753676470588236
2 0.6857723577235773 0.6870404411764706 0.12926829268292683 0.2931985294117647
1 0.8727642276422765 0.6199448529411765 0.046341463414634146 0.06158088235294118
1 0.34552845528455284 0.18658088235294118 0.02113821138211382 0.04411764705882353
1 0.26666666666666666 0.22426470588235295 0.04878048780487805 0.051470588235294115
3 0.7886178861788617 0.7251838235294118 0.07642276422764227 0.06433823529411764
1 0.8556910569105691 0.6714154411764706 0.05121951219512195 0.05238970588235294
1 0.8459349593495935 0.7072610294117647 0.05934959349593496 0.05422794117647059
1 0.7560975609756098 0.25827205882352944 0.014634146341463415 0.016544117647058824
1 0.7353658536585366 0.2578125 0.01869918699186992 0.019301470588235295
1 0.7044715447154472 0.24126838235294118 0.02032520325203252 0.02297794117647059
1 0.6752032520325203 0.23988970588235295 0.02032520325203252 0.022058823529411766
1 0.8052845528455285 0.29549632352941174 0.01056910569105691 0.013786764705882353
1 0.8150406504065041 0.3786764705882353 0.023577235772357725 0.03308823529411765
2 0.8313008130081301 0.33547794117647056 0.02195121951219512 0.029411764705882353
2 0.7886178861788617 0.3368566176470588 0.04065040650406504 0.04503676470588235
1 0.7520325203252033 0.3874080882352941 0.04390243902439024 0.050551470588235295
2 0.341869918699187 0.25137867647058826 0.15040650406504066 0.10202205882352941
2 0.4138211382113821 0.42325367647058826 0.2552845528455285 0.1645220588235294
1 0.5747967479674797 0.22426470588235295 0.04878048780487805 0.05330882352941176
4 0.13170731707317074 0.25919117647058826 0.06341463414634146 0.09375
1 0.13577235772357724 0.2867647058823529 0.03902439024390244 0.04963235294117647
2 0.8032520325203252 0.28079044117647056 0.022764227642276424 0.021139705882352942
