1 0.14779116465863454 0.3506433823529412 0.01927710843373494 0.017463235294117647
1 0.14216867469879518 0.3602941176470588 0.024096385542168676 0.01838235294117647
1 0.13373493975903614 0.38143382352941174 0.024899598393574297 0.01838235294117647
1 0.12971887550200803 0.39568014705882354 0.028112449799196786 0.021139705882352942
1 0.12329317269076305 0.4053308823529412 0.024899598393574297 0.01838235294117647
1 0.11726907630522089 0.4255514705882353 0.02570281124497992 0.022058823529411766
1 0.11004016064257029 0.4489889705882353 0.030522088353413655 0.024816176470588234
1 0.10160642570281124 0.47518382352941174 0.02971887550200803 0.029411764705882353
1 0.09397590361445783 0.5022977941176471 0.02891566265060241 0.030330882352941176
1 0.08393574297188755 0.7274816176470589 0.024899598393574297 0.03400735294117647
1 0.09036144578313253 0.75 0.028112449799196786 0.027573529411764705
1 0.10321285140562249 0.8134191176470589 0.02650602409638554 0.022058823529411766
1 0.11164658634538152 0.8350183823529411 0.024096385542168676 0.019301470588235295
2 0.457429718875502 0.08823529411764706 0.021686746987951807 0.014705882352941176
2 0.45863453815261046 0.10064338235294118 0.033734939759036145 0.015625
1 0.16546184738955824 0.26838235294117646 0.02248995983935743 0.025735294117647058
1 0.19196787148594377 0.2803308823529412 0.0321285140562249 0.03860294117647059
1 0.821285140562249 0.24770220588235295 0.018473895582329317 0.03400735294117647
1 0.7883534136546185 0.23759191176470587 0.03132530120481928 0.035845588235294115
1 0.8036144578313253 0.25183823529411764 0.024899598393574297 0.03860294117647059
1 0.8176706827309237 0.2936580882352941 0.036947791164658635 0.04871323529411765
1 0.846987951807229 0.33318014705882354 0.028112449799196786 0.04503676470588235
2 0.942570281124498 0.42463235294117646 0.018473895582329317 0.03308823529411765
2 0.3502008032128514 0.1135110294117647 0.020883534136546186 0.017463235294117647
0 0.41285140562248995 0.07628676470588236 0.02248995983935743 0.022058823529411766
1 0.18714859437751005 0.36994485294117646 0.036947791164658635 0.06893382352941177
1 0.88714859437751 0.37454044117647056 0.02971887550200803 0.04503676470588235
2 0.40883534136546185 0.09880514705882353 0.02570281124497992 0.02297794117647059
3 0.8514056224899599 0.2922794117647059 0.01927710843373494 0.022058823529411766
2 0.6160642570281124 0.1052389705882353 0.040160642570281124 0.02665441176470588
2 0.5706827309236948 0.08318014705882353 0.023293172690763052 0.015625
1 0.8799196787148594 0.3322610294117647 0.020080321285140562 0.021139705882352942
