1 0.8943548387096775 0.4696691176470588 0.041935483870967745 0.058823529411764705
1 0.5641129032258064 0.21875 0.06532258064516129 0.07352941176470588
1 0.5858870967741936 0.24862132352941177 0.0717741935483871 0.07628676470588236
1 0.8044354838709677 0.47931985294117646 0.06048387096774194 0.078125
1 0.7362903225806452 0.2495404411764706 0.041935483870967745 0.050551470588235295
1 0.7653225806451613 0.27527573529411764 0.05 0.05422794117647059
1 0.7737903225806452 0.5629595588235294 0.07983870967741935 0.08363970588235294
1 0.8862903225806451 0.5960477941176471 0.054838709677419356 0.06893382352941177
1 0.6516129032258065 0.5179227941176471 0.1064516129032258 0.10018382352941177
1 0.49879032258064515 0.48621323529411764 0.12338709677419354 0.0974264705882353
1 0.3310483870967742 0.4618566176470588 0.11209677419354838 0.09650735294117647
1 0.330241935483871 0.5877757352941176 0.12661290322580646 0.08915441176470588
1 0.26733870967741935 0.3350183823529412 0.07983870967741935 0.07261029411764706
1 0.3241935483870968 0.26700367647058826 0.07419354838709677 0.05606617647058824
1 0.13991935483870968 0.5840992647058824 0.07661290322580645 0.06158088235294118
0 0.8133064516129033 0.8354779411764706 0.225 0.3272058823529412
1 0.8483870967741935 0.3023897058823529 0.02258064516129032 0.03676470588235294
2 0.3592741935483871 0.2261029411764706 0.175 0.10110294117647059
2 0.11129032258064517 0.33639705882352944 0.06774193548387097 0.07904411764705882
2 0.08830645161290322 0.4025735294117647 0.06532258064516129 0.08639705882352941
2 0.07782258064516129 0.46231617647058826 0.06048387096774194 0.09191176470588236
1 0.06411290322580646 0.5670955882352942 0.03467741935483871 0.05330882352941176
2 0.3907258064516129 0.14338235294117646 0.09758064516129032 0.0661764705882353
