2 0.5732718894009217 0.10340073529411764 0.025806451612903226 0.02665441176470588
1 0.5557603686635945 0.11626838235294118 0.012903225806451613 0.02849264705882353
1 0.5935483870967742 0.1208639705882353 0.012903225806451613 0.024816176470588234
2 0.5290322580645161 0.11029411764705882 0.029493087557603687 0.029411764705882353
1 0.5640552995391706 0.11259191176470588 0.012903225806451613 0.02665441176470588
3 0.41013824884792627 0.12959558823529413 0.012903225806451613 0.02389705882352941
3 0.4253456221198157 0.13740808823529413 0.011981566820276499 0.02665441176470588
3 0.4382488479262673 0.13648897058823528 0.013824884792626729 0.02665441176470588
0 0.026728110599078342 0.5 0.04423963133640553 0.03860294117647059
1 0.10460829493087558 0.5344669117647058 0.041474654377880185 0.017463235294117647
1 0.4308755760368664 0.24126838235294118 0.035944700460829496 0.050551470588235295
1 0.7751152073732719 0.2858455882352941 0.03317972350230415 0.042279411764705885
1 0.876036866359447 0.36672794117647056 0.035944700460829496 0.03125
2 0.8875576036866359 0.3088235294117647 0.04055299539170507 0.03125
2 0.9308755760368663 0.3474264705882353 0.03133640552995392 0.029411764705882353
1 0.8447004608294931 0.2532169117647059 0.03225806451612903 0.02849264705882353
3 0.34838709677419355 0.6760110294117647 0.04608294930875576 0.050551470588235295
1 0.3972350230414747 0.7339154411764706 0.055299539170506916 0.06525735294117647
1 0.8202764976958525 0.23115808823529413 0.029493087557603687 0.02665441176470588
