2 0.5774193548387097 0.45266544117647056 0.1774193548387097 0.3023897058823529
1 0.1342741935483871 0.6084558823529411 0.05887096774193548 0.11029411764705882
1 0.09314516129032258 0.4333639705882353 0.03306451612903226 0.043198529411764705
2 0.3685483870967742 0.2426470588235294 0.08870967741935484 0.1213235294117647
2 0.5342741935483871 0.11902573529411764 0.07338709677419354 0.05606617647058824
2 0.677016129032258 0.17830882352941177 0.09112903225806451 0.0661764705882353
2 0.6491935483870968 0.9508272058823529 0.13709677419354838 0.09834558823529412
2 0.7459677419354839 0.9696691176470589 0.07741935483870968 0.06066176470588235
0 0.8669354838709677 0.2771139705882353 0.08709677419354839 0.109375
2 0.47419354838709676 0.08685661764705882 0.03064516129032258 0.03216911764705882
2 0.4411290322580645 0.08455882352941177 0.025806451612903226 0.025735294117647058
2 0.03064516129032258 0.5 0.01935483870967742 0.04963235294117647
