3 0.8532520325203252 0.6006433823529411 0.07235772357723577 0.08915441176470588
3 0.8646341463414634 0.6337316176470589 0.06747967479674796 0.0818014705882353
3 0.9365853658536586 0.6420036764705882 0.04390243902439024 0.05974264705882353
3 0.05040650406504065 0.5395220588235294 0.027642276422764227 0.04963235294117647
0 0.1378048780487805 0.3046875 0.06747967479674796 0.08915441176470588
2 0.6947154471544715 0.21277573529411764 0.08536585365853659 0.05422794117647059
4 0.408130081300813 0.1957720588235294 0.07967479674796749 0.05514705882352941
1 0.6134146341463415 0.16865808823529413 0.023577235772357725 0.02665441176470588
1 0.5845528455284553 0.1723345588235294 0.027642276422764227 0.03400735294117647
1 0.5166666666666667 0.16084558823529413 0.03170731707317073 0.029411764705882353
1 0.47317073170731705 0.17095588235294118 0.024390243902439025 0.03860294117647059
2 0.6792682926829269 0.18106617647058823 0.07235772357723577 0.03308823529411765
1 0.806910569105691 0.22242647058823528 0.02032520325203252 0.025735294117647058
2 0.2934959349593496 0.24356617647058823 0.07642276422764227 0.06066176470588235
1 0.2491869918699187 0.2417279411764706 0.026829268292682926 0.04779411764705882
3 0.341869918699187 0.19347426470588236 0.01869918699186992 0.02849264705882353
1 0.191869918699187 0.28952205882352944 0.022764227642276424 0.04044117647058824
2 0.08536585365853659 0.3860294117647059 0.02113821138211382 0.03676470588235294
