2 0.863671875 0.773046875 0.02578125 0.03671875
2 0.8953125 0.209765625 0.01875 0.01796875
2 0.878125 0.19296875 0.015625 0.0171875
2 0.502734375 0.057421875 0.02734375 0.02578125
2 0.844921875 0.16171875 0.01796875 0.0171875
2 0.853125 0.1890625 0.028125 0.025
2 0.8765625 0.2125 0.021875 0.021875
1 0.81875 0.18515625 0.021875 0.0203125
2 0.902734375 0.65078125 0.04140625 0.0625
2 0.41796875 0.84609375 0.0921875 0.0515625
1 0.74453125 0.76953125 0.040625 0.0390625
2 0.9234375 0.637890625 0.025 0.05234375
1 0.87265625 0.73984375 0.025 0.0203125
4 0.8671875 0.43984375 0.05 0.0875
1 0.853125 0.751953125 0.021875 0.01796875
1 0.86328125 0.700390625 0.03125 0.02734375
3 0.8984375 0.32890625 0.025 0.015625
1 0.8015625 0.62265625 0.0375 0.0296875
2 0.8328125 0.172265625 0.021875 0.02265625
1 0.566015625 0.09140625 0.02109375 0.0296875
2 0.8109375 0.170703125 0.03125 0.02578125
3 0.315625 0.29453125 0.0421875 0.0390625
4 0.78984375 0.14765625 0.0390625 0.0328125
1 0.8 0.585546875 0.040625 0.03828125
1 0.846484375 0.71015625 0.02890625 0.025
1 0.768359375 0.18046875 0.02734375 0.028125
2 0.8546875 0.20859375 0.028125 0.025
4 0.903125 0.651171875 0.040625 0.06328125
1 0.6671875 0.13828125 0.028125 0.03125
1 0.60078125 0.172265625 0.03125 0.04609375
1 0.83984375 0.62265625 0.0328125 0.03125
1 0.78359375 0.19921875 0.028125 0.0265625
1 0.673828125 0.253125 0.04140625 0.05
1 0.80390625 0.2546875 0.0375 0.0328125
1 0.541796875 0.78203125 0.03984375 0.0484375
1 0.166796875 0.3828125 0.02890625 0.0375
2 0.833984375 0.44921875 0.06015625 0.1109375
1 0.18671875 0.3640625 0.0328125 0.0390625
1 0.196875 0.349609375 0.0328125 0.03671875
2 0.51875 0.09296875 0.053125 0.0390625
2 0.6625 0.194921875 0.0765625 0.07578125
1 0.218359375 0.327734375 0.03671875 0.03828125
2 0.88984375 0.54140625 0.0453125 0.0796875
2 0.5265625 0.819921875 0.096875 0.06171875
2 0.326171875 0.8296875 0.05859375 0.05
3 0.76796875 0.156640625 0.0171875 0.02421875
