1 0.41526104417670684 0.19209558823529413 0.014457831325301205 0.022058823529411766
1 0.40481927710843374 0.19025735294117646 0.00963855421686747 0.02389705882352941
1 0.39397590361445783 0.18566176470588236 0.013654618473895583 0.029411764705882353
1 0.378714859437751 0.17509191176470587 0.013654618473895583 0.02297794117647059
1 0.3674698795180723 0.17509191176470587 0.012048192771084338 0.02297794117647059
1 0.3606425702811245 0.1879595588235294 0.01285140562248996 0.02297794117647059
1 0.3481927710843373 0.1875 0.012048192771084338 0.02389705882352941
1 0.3325301204819277 0.18382352941176472 0.01927710843373494 0.029411764705882353
1 0.25582329317269076 0.22288602941176472 0.021686746987951807 0.043198529411764705
1 0.16546184738955824 0.24586397058823528 0.020883534136546186 0.04136029411764706
1 0.14176706827309238 0.2587316176470588 0.013654618473895583 0.03952205882352941
1 0.12289156626506025 0.26838235294117646 0.01285140562248996 0.034926470588235295
1 0.10682730923694779 0.2821691176470588 0.01285140562248996 0.027573529411764705
1 0.09598393574297188 0.2881433823529412 0.010441767068273093 0.02297794117647059
1 0.5497991967871486 0.23069852941176472 0.024899598393574297 0.027573529411764705
1 0.6907630522088354 0.27297794117647056 0.01927710843373494 0.01838235294117647
2 0.7823293172690763 0.3235294117647059 0.014457831325301205 0.011029411764705883
2 0.6698795180722892 0.29181985294117646 0.04819277108433735 0.035845588235294115
3 0.7951807228915663 0.4103860294117647 0.014457831325301205 0.024816176470588234
2 0.44417670682730925 0.19117647058823528 0.04497991967871486 0.04963235294117647
1 0.06506024096385542 0.32628676470588236 0.02570281124497992 0.042279411764705885
1 0.6449799196787148 0.2578125 0.020883534136546186 0.024816176470588234
