2 0.8036458333333333 0.1254595588235294 0.046875 0.0818014705882353
1 0.11145833333333334 0.8915441176470589 0.0375 0.10477941176470588
1 0.02578125 0.8400735294117647 0.024479166666666666 0.07352941176470588
1 0.05078125 0.8474264705882353 0.0265625 0.09375
2 0.07682291666666667 0.26838235294117646 0.030729166666666665 0.06801470588235294
1 0.8263020833333333 0.16773897058823528 0.0140625 0.02665441176470588
1 0.8911458333333333 0.26608455882352944 0.0125 0.021139705882352942
1 0.06145833333333333 0.36580882352941174 0.0125 0.042279411764705885
1 0.07369791666666667 0.3713235294117647 0.0234375 0.04595588235294118
1 0.0640625 0.25643382352941174 0.010416666666666666 0.01838235294117647
1 0.17213541666666668 0.6470588235294118 0.0859375 0.09375
2 0.24244791666666668 0.33409926470588236 0.1671875 0.18841911764705882
2 0.9015625 0.32215073529411764 0.025 0.057904411764705885
2 0.8869791666666667 0.3727022058823529 0.03854166666666667 0.08731617647058823
2 0.61640625 0.38465073529411764 0.18697916666666667 0.21415441176470587
2 0.0203125 0.5657169117647058 0.03333333333333333 0.07628676470588236
3 0.32369791666666664 0.05376838235294118 0.0140625 0.05606617647058824
