2 0.9854166666666667 0.4869791666666667 0.017708333333333333 0.01875
2 0.9770833333333333 0.47317708333333336 0.020833333333333332 0.030729166666666665
2 0.8885416666666667 0.22734375 0.023958333333333335 0.0171875
3 0.8625 0.159375 0.013541666666666667 0.009375
3 0.22239583333333332 0.4265625 0.05625 0.025
1 0.096875 0.2557291666666667 0.025 0.015625
1 0.07942708333333333 0.26145833333333335 0.021354166666666667 0.016666666666666666
1 0.05078125 0.2908854166666667 0.019270833333333334 0.0140625
1 0.0765625 0.32369791666666664 0.030208333333333334 0.021354166666666667
1 0.0671875 0.32369791666666664 0.023958333333333335 0.0171875
1 0.8671875 0.23802083333333332 0.028125 0.025
4 0.5572916666666666 0.016145833333333335 0.051041666666666666 0.03125
1 0.8078125 0.08645833333333333 0.011458333333333333 0.014583333333333334
1 0.7989583333333333 0.08177083333333333 0.0125 0.016666666666666666
1 0.8247395833333333 0.12057291666666667 0.0171875 0.021354166666666667
1 0.4973958333333333 0.08854166666666667 0.023958333333333335 0.04583333333333333
1 0.33645833333333336 0.3690104166666667 0.08333333333333333 0.05260416666666667
2 0.9671875 0.478125 0.022916666666666665 0.034375
2 0.9591145833333333 0.60546875 0.021354166666666667 0.0265625
2 0.09895833333333333 0.2986979166666667 0.04791666666666667 0.049479166666666664
2 0.9828125 0.5919270833333333 0.011458333333333333 0.0203125
2 0.9848958333333333 0.6036458333333333 0.0125 0.019791666666666666
2 0.6375 0.0140625 0.030208333333333334 0.025
2 0.07447916666666667 0.24739583333333334 0.023958333333333335 0.028125
2 0.09895833333333333 0.23333333333333334 0.034375 0.030208333333333334
2 0.05026041666666667 0.26484375 0.024479166666666666 0.024479166666666666
2 0.09895833333333333 0.19609375 0.027083333333333334 0.0296875
2 0.052083333333333336 0.23333333333333334 0.014583333333333334 0.016666666666666666
1 0.9625 0.6252604166666667 0.014583333333333334 0.011979166666666667
1 0.9625 0.6348958333333333 0.014583333333333334 0.0125
1 0.9802083333333333 0.5544270833333333 0.0125 0.0109375
