3 0.5395161290322581 0.671875 0.08064516129032258 0.07352941176470588
3 0.4334677419354839 0.35294117647058826 0.04596774193548387 0.07536764705882353
3 0.3995967741935484 0.34099264705882354 0.05241935483870968 0.08455882352941177
1 0.15846774193548388 0.42830882352941174 0.0814516129032258 0.10110294117647059
1 0.09032258064516129 0.5238970588235294 0.06129032258064516 0.09558823529411764
1 0.1346774193548387 0.7022058823529411 0.1 0.08823529411764706
2 0.7576612903225807 0.7182904411764706 0.050806451612903224 0.15716911764705882
2 0.769758064516129 0.5638786764705882 0.036290322580645164 0.050551470588235295
1 0.5141129032258065 0.20128676470588236 0.020161290322580645 0.027573529411764705
1 0.5387096774193548 0.23897058823529413 0.02903225806451613 0.04044117647058824
0 0.8056451612903226 0.5206801470588235 0.05806451612903226 0.078125
2 0.7491935483870967 0.4540441176470588 0.03387096774193549 0.04779411764705882
1 0.14596774193548387 0.37454044117647056 0.07580645161290323 0.09283088235294118
