2 0.9885416666666667 0.46119791666666665 0.017708333333333333 0.030729166666666665
2 0.9848958333333333 0.4864583333333333 0.017708333333333333 0.019791666666666666
2 0.9760416666666667 0.47317708333333336 0.017708333333333333 0.030729166666666665
2 0.8877604166666667 0.228125 0.0234375 0.01875
2 0.04973958333333333 0.23671875 0.0171875 0.019270833333333334
2 0.07734375 0.23151041666666666 0.024479166666666666 0.025520833333333333
1 0.12916666666666668 0.225 0.029166666666666667 0.020833333333333332
1 0.07552083333333333 0.3182291666666667 0.028125 0.020833333333333332
2 0.94453125 0.6278645833333333 0.021354166666666667 0.0203125
2 0.796875 0.11979166666666667 0.028125 0.027083333333333334
2 0.48880208333333336 0.059895833333333336 0.043229166666666666 0.04479166666666667
1 0.04635416666666667 0.3221354166666667 0.022916666666666665 0.0140625
1 0.9361979166666666 0.4479166666666667 0.0296875 0.016666666666666666
1 0.97265625 0.546875 0.018229166666666668 0.009375
2 0.9653645833333333 0.60859375 0.0203125 0.022395833333333334
2 0.5494791666666666 0.00625 0.035416666666666666 0.011458333333333333
