1 0.9199186991869919 0.5009191176470589 0.04796747967479675 0.0661764705882353
1 0.8085365853658537 0.32215073529411764 0.03983739837398374 0.05238970588235294
2 0.37926829268292683 0.9586397058823529 0.14715447154471545 0.08088235294117647
1 0.18130081300813009 0.9021139705882353 0.05853658536585366 0.07628676470588236
1 0.21585365853658536 0.9310661764705882 0.06585365853658537 0.07720588235294118
1 0.44065040650406506 0.17693014705882354 0.026016260162601626 0.030330882352941176
1 0.4959349593495935 0.16773897058823528 0.022764227642276424 0.024816176470588234
2 0.8707317073170732 0.2771139705882353 0.02926829268292683 0.02297794117647059
2 0.8719512195121951 0.26424632352941174 0.025203252032520326 0.02849264705882353
2 0.07439024390243902 0.421875 0.026829268292682926 0.03676470588235294
1 0.2508130081300813 0.24310661764705882 0.025203252032520326 0.03216911764705882
2 0.7479674796747967 0.22288602941176472 0.061788617886178863 0.035845588235294115
2 0.8142276422764227 0.24816176470588236 0.05121951219512195 0.03125
