1 0.41646586345381525 0.18841911764705882 0.016867469879518072 0.02389705882352941
1 0.4 0.18428308823529413 0.01927710843373494 0.030330882352941176
1 0.3791164658634538 0.17830882352941177 0.011244979919678716 0.025735294117647058
1 0.3682730923694779 0.17647058823529413 0.013654618473895583 0.02389705882352941
1 0.3606425702811245 0.18474264705882354 0.014457831325301205 0.025735294117647058
1 0.3477911646586345 0.18474264705882354 0.01285140562248996 0.027573529411764705
1 0.3333333333333333 0.18474264705882354 0.017670682730923693 0.03125
1 0.39477911646586344 0.21231617647058823 0.03293172690763052 0.03860294117647059
1 0.3598393574297189 0.21461397058823528 0.03855421686746988 0.04136029411764706
1 0.25542168674698795 0.22242647058823528 0.020883534136546186 0.042279411764705885
1 0.1670682730923695 0.24770220588235295 0.014457831325301205 0.03768382352941176
1 0.1534136546184739 0.2545955882352941 0.011244979919678716 0.034926470588235295
1 0.142570281124498 0.25919117647058826 0.012048192771084338 0.034926470588235295
1 0.12289156626506025 0.2702205882352941 0.01285140562248996 0.029411764705882353
1 0.10843373493975904 0.2835477941176471 0.01285140562248996 0.02665441176470588
1 0.09558232931726908 0.2881433823529412 0.01285140562248996 0.02849264705882353
1 0.5465863453815261 0.23069852941176472 0.03293172690763052 0.027573529411764705
2 0.7995983935742972 0.3864889705882353 0.023293172690763052 0.02849264705882353
0 0.7939759036144578 0.3249080882352941 0.013654618473895583 0.011948529411764705
1 0.7855421686746988 0.3239889705882353 0.008032128514056224 0.01011029411764706
1 0.8056224899598393 0.35294117647058826 0.008032128514056224 0.009191176470588236
1 0.7819277108433735 0.3428308823529412 0.008835341365461847 0.014705882352941176
2 0.7666666666666667 0.3115808823529412 0.012048192771084338 0.011029411764705883
2 0.7485943775100402 0.3134191176470588 0.01927710843373494 0.01838235294117647
2 0.7024096385542169 0.3547794117647059 0.05060240963855422 0.04779411764705882
4 0.7164658634538152 0.3147977941176471 0.0321285140562249 0.02849264705882353
3 0.25943775100401606 0.22472426470588236 0.01606425702811245 0.035845588235294115
2 0.1176706827309237 0.3478860294117647 0.10522088353413654 0.10753676470588236
1 0.7855421686746988 0.35891544117647056 0.014457831325301205 0.021139705882352942
1 0.7859437751004016 0.38924632352941174 0.015261044176706828 0.024816176470588234
1 0.6907630522088354 0.2734375 0.017670682730923693 0.019301470588235295
1 0.6449799196787148 0.25735294117647056 0.020883534136546186 0.025735294117647058
1 0.697991967871486 0.31893382352941174 0.020883534136546186 0.03125
2 0.8008032128514057 0.3428308823529412 0.011244979919678716 0.011029411764705883
