2 0.9846354166666667 0.48671875 0.016145833333333335 0.0203125
2 0.9768229166666667 0.47317708333333336 0.0203125 0.030729166666666665
2 0.8885416666666667 0.22708333333333333 0.023958333333333335 0.017708333333333333
3 0.8627604166666667 0.15989583333333332 0.0140625 0.010416666666666666
1 0.0578125 0.28411458333333334 0.013541666666666667 0.018229166666666668
1 0.027864583333333335 0.3145833333333333 0.015104166666666667 0.01875
3 0.9755208333333333 0.5625 0.013541666666666667 0.009375
1 0.9518229166666666 0.6252604166666667 0.019270833333333334 0.011979166666666667
1 0.9278645833333333 0.6091145833333333 0.027604166666666666 0.0171875
4 0.29973958333333334 0.08255208333333333 0.06302083333333333 0.06302083333333333
1 0.3919270833333333 0.12005208333333334 0.043229166666666666 0.05364583333333333
1 0.4859375 0.03463541666666667 0.01875 0.03177083333333333
2 0.9674479166666666 0.478125 0.022395833333333334 0.034375
2 0.9536458333333333 0.5973958333333333 0.022916666666666665 0.029166666666666667
2 0.09166666666666666 0.22213541666666667 0.027083333333333334 0.03177083333333333
2 0.07265625 0.2598958333333333 0.0328125 0.029166666666666667
2 0.9833333333333333 0.5921875 0.011458333333333333 0.019791666666666666
2 0.98359375 0.6200520833333333 0.011979166666666667 0.018229166666666668
2 0.6463541666666667 0.012760416666666666 0.028125 0.024479166666666666
2 0.9658854166666667 0.60390625 0.013020833333333334 0.033854166666666664
1 0.01484375 0.30520833333333336 0.0109375 0.011458333333333333
1 0.7924479166666667 0.06510416666666667 0.009895833333333333 0.013541666666666667
2 0.053385416666666664 0.23359375 0.016145833333333335 0.016145833333333335
1 0.043229166666666666 0.25494791666666666 0.013541666666666667 0.009895833333333333
2 0.09947916666666666 0.196875 0.027083333333333334 0.025
4 0.6065104166666667 0.009114583333333334 0.033854166666666664 0.0171875
