1 0.2508064516129032 0.47931985294117646 0.12419354838709677 0.11488970588235294
1 0.7064516129032258 0.40670955882352944 0.02903225806451613 0.035845588235294115
1 0.739516129032258 0.43933823529411764 0.020967741935483872 0.027573529411764705
1 0.805241935483871 0.5248161764705882 0.013709677419354839 0.02389705882352941
2 0.7818548387096774 0.5211397058823529 0.031451612903225803 0.04411764705882353
2 0.839516129032258 0.5877757352941176 0.016129032258064516 0.02297794117647059
2 0.85 0.6231617647058824 0.014516129032258065 0.01838235294117647
2 0.8141129032258064 0.6580882352941176 0.031451612903225803 0.03860294117647059
1 0.6342741935483871 0.3134191176470588 0.029838709677419355 0.034926470588235295
1 0.5100806451612904 0.19347426470588236 0.01532258064516129 0.02849264705882353
1 0.4939516129032258 0.19439338235294118 0.016935483870967744 0.02297794117647059
0 0.572983870967742 0.22196691176470587 0.11854838709677419 0.12040441176470588
1 0.7616935483870968 0.9260110294117647 0.03951612903225806 0.046875
