2 0.7169354838709677 0.4071691176470588 0.08064516129032258 0.0900735294117647
1 0.17096774193548386 0.6856617647058824 0.07903225806451612 0.0661764705882353
1 0.7209677419354839 0.36902573529411764 0.02258064516129032 0.02665441176470588
1 0.7423387096774193 0.48253676470588236 0.04435483870967742 0.0661764705882353
1 0.5479838709677419 0.27619485294117646 0.03951612903225806 0.05422794117647059
1 0.49879032258064515 0.20909926470588236 0.04112903225806452 0.03952205882352941
2 0.665725806451613 0.4485294117647059 0.1346774193548387 0.14338235294117646
2 0.822983870967742 0.5349264705882353 0.07661290322580645 0.09926470588235294
2 0.3133064516129032 0.16773897058823528 0.03790322580645161 0.02665441176470588
2 0.2814516129032258 0.17738970588235295 0.02903225806451613 0.025735294117647058
1 0.3088709677419355 0.19301470588235295 0.017741935483870968 0.029411764705882353
1 0.2887096774193548 0.19071691176470587 0.017741935483870968 0.024816176470588234
1 0.5758064516129032 0.21185661764705882 0.02258064516129032 0.019301470588235295
2 0.6556451612903226 0.2192095588235294 0.01935483870967742 0.019301470588235295
2 0.6475806451612903 0.2261029411764706 0.024193548387096774 0.022058823529411766
1 0.5854838709677419 0.22977941176470587 0.020967741935483872 0.025735294117647058
3 0.7814516129032258 0.46599264705882354 0.03225806451612903 0.03860294117647059
