1 0.8073469387755102 0.39659926470588236 0.019591836734693877 0.02297794117647059
1 0.8244897959183674 0.42371323529411764 0.017959183673469388 0.02022058823529412
1 0.8644897959183674 0.5036764705882353 0.024489795918367346 0.034926470588235295
2 0.7518367346938776 0.32950367647058826 0.02122448979591837 0.019301470588235295
1 0.05877551020408163 0.4885110294117647 0.02122448979591837 0.06341911764705882
1 0.08653061224489796 0.39568014705882354 0.029387755102040815 0.050551470588235295
2 0.47061224489795916 0.21277573529411764 0.04326530612244898 0.02665441176470588
2 0.5224489795918368 0.21461397058823528 0.0326530612244898 0.021139705882352942
1 0.3510204081632653 0.20955882352941177 0.017959183673469388 0.016544117647058824
2 0.3020408163265306 0.21461397058823528 0.0326530612244898 0.013786764705882353
2 0.24897959183673468 0.22150735294117646 0.022857142857142857 0.016544117647058824
1 0.31795918367346937 0.22840073529411764 0.017142857142857144 0.021139705882352942
1 0.2922448979591837 0.22840073529411764 0.017959183673469388 0.017463235294117647
1 0.26857142857142857 0.25275735294117646 0.019591836734693877 0.027573529411764705
4 0.5946938775510204 0.23851102941176472 0.053061224489795916 0.03400735294117647
