2 0.5875 0.3635110294117647 0.14919354838709678 0.1332720588235294
1 0.31129032258064515 0.19715073529411764 0.025806451612903226 0.035845588235294115
2 0.2725806451612903 0.16957720588235295 0.03387096774193549 0.024816176470588234
2 0.29758064516129035 0.18244485294117646 0.04516129032258064 0.03768382352941176
3 0.7241935483870968 0.40119485294117646 0.03064516129032258 0.04136029411764706
1 0.7314516129032258 0.38235294117647056 0.02258064516129032 0.027573529411764705
1 0.7431451612903226 0.3984375 0.02338709677419355 0.030330882352941176
1 0.7536290322580645 0.4103860294117647 0.02661290322580645 0.035845588235294115
1 0.38911290322580644 0.19209558823529413 0.02661290322580645 0.03860294117647059
1 0.8512096774193548 0.7555147058823529 0.042741935483870966 0.04044117647058824
1 0.6508064516129032 0.3166360294117647 0.03064516129032258 0.03768382352941176
2 0.8790322580645161 0.8028492647058824 0.035483870967741936 0.0744485294117647
