2 0.29878048780487804 0.1801470588235294 0.043089430894308944 0.04044117647058824
2 0.3967479674796748 0.1645220588235294 0.04552845528455285 0.04044117647058824
1 0.3410569105691057 0.18612132352941177 0.025203252032520326 0.04871323529411765
1 0.4638211382113821 0.17830882352941177 0.03333333333333333 0.03860294117647059
1 0.733739837398374 0.2509191176470588 0.01869918699186992 0.02022058823529412
1 0.683739837398374 0.23575367647058823 0.022764227642276424 0.02665441176470588
2 0.824390243902439 0.29549632352941174 0.01788617886178862 0.019301470588235295
2 0.8178861788617886 0.3083639705882353 0.022764227642276424 0.03216911764705882
1 0.4329268292682927 0.23253676470588236 0.06422764227642276 0.0625
1 0.2865853658536585 0.22058823529411764 0.05772357723577236 0.04963235294117647
1 0.8747967479674796 0.6286764705882353 0.05040650406504065 0.0661764705882353
1 0.8455284552845529 0.7086397058823529 0.055284552845528454 0.0661764705882353
1 0.21016260162601627 0.21783088235294118 0.015447154471544716 0.03676470588235294
