2 0.9885416666666667 0.46119791666666665 0.017708333333333333 0.030729166666666665
2 0.98515625 0.4864583333333333 0.018229166666666668 0.019791666666666666
2 0.9760416666666667 0.47317708333333336 0.017708333333333333 0.030729166666666665
2 0.8875 0.228125 0.022916666666666665 0.01875
1 0.8234375 0.10598958333333333 0.011458333333333333 0.013020833333333334
2 0.8002604166666667 0.10338541666666666 0.021354166666666667 0.0203125
2 0.79375 0.0578125 0.0125 0.016666666666666666
2 0.7932291666666667 0.07135416666666666 0.017708333333333333 0.019791666666666666
2 0.04973958333333333 0.23671875 0.0171875 0.019270833333333334
1 0.03697916666666667 0.30104166666666665 0.017708333333333333 0.011458333333333333
2 0.95546875 0.6080729166666666 0.0203125 0.025520833333333333
3 0.05026041666666667 0.33255208333333336 0.025520833333333333 0.013020833333333334
2 0.9169270833333333 0.5440104166666667 0.034895833333333334 0.04114583333333333
4 0.5947916666666667 0.021875 0.06354166666666666 0.042708333333333334
1 0.9044270833333333 0.5994791666666667 0.0359375 0.025
2 0.6375 0.016145833333333335 0.030208333333333334 0.026041666666666668
2 0.9786458333333333 0.6026041666666667 0.0125 0.017708333333333333
