1 0.1678714859437751 0.36121323529411764 0.05622489959839357 0.08823529411764706
1 0.2469879518072289 0.7941176470588235 0.09558232931726908 0.10661764705882353
3 0.314859437751004 0.7541360294117647 0.05783132530120482 0.078125
2 0.3686746987951807 0.14384191176470587 0.04497991967871486 0.024816176470588234
2 0.41967871485943775 0.16268382352941177 0.05060240963855422 0.029411764705882353
1 0.5389558232931727 0.20128676470588236 0.020883534136546186 0.029411764705882353
1 0.5598393574297189 0.21461397058823528 0.02570281124497992 0.024816176470588234
1 0.4497991967871486 0.2265625 0.040160642570281124 0.050551470588235295
1 0.5562248995983936 0.27159926470588236 0.03775100401606426 0.04503676470588235
2 0.7939759036144578 0.4540441176470588 0.05220883534136546 0.07169117647058823
2 0.6662650602409639 0.2261029411764706 0.021686746987951807 0.02389705882352941
2 0.6465863453815262 0.2265625 0.024096385542168676 0.02297794117647059
1 0.5983935742971888 0.20772058823529413 0.01285140562248996 0.01838235294117647
1 0.6176706827309237 0.22242647058823528 0.017670682730923693 0.01838235294117647
1 0.6244979919678715 0.2348345588235294 0.018473895582329317 0.019301470588235295
1 0.6538152610441768 0.23529411764705882 0.014457831325301205 0.01838235294117647
1 0.6642570281124498 0.23713235294117646 0.01285140562248996 0.01838235294117647
1 0.6730923694779116 0.23529411764705882 0.01285140562248996 0.01838235294117647
1 0.6827309236947792 0.234375 0.01285140562248996 0.01838235294117647
3 0.7397590361445783 0.38143382352941174 0.027309236947791166 0.03860294117647059
3 0.5204819277108433 0.1879595588235294 0.01285140562248996 0.024816176470588234
2 0.4461847389558233 0.9260110294117647 0.2176706827309237 0.14613970588235295
2 0.2714859437751004 0.16544117647058823 0.020883534136546186 0.02389705882352941
2 0.2923694779116466 0.17647058823529413 0.035341365461847386 0.03308823529411765
2 0.3481927710843373 0.16544117647058823 0.04096385542168675 0.029411764705882353
2 0.2746987951807229 0.14751838235294118 0.020883534136546186 0.017463235294117647
1 0.3718875502008032 0.20404411764705882 0.035341365461847386 0.034926470588235295
1 0.29397590361445786 0.18887867647058823 0.020883534136546186 0.02849264705882353
1 0.3329317269076305 0.1957720588235294 0.02971887550200803 0.03125
1 0.3168674698795181 0.18612132352941177 0.020080321285140562 0.030330882352941176
2 0.314859437751004 0.2688419117647059 0.10441767068273092 0.1130514705882353
2 0.2389558232931727 0.15441176470588236 0.018473895582329317 0.01838235294117647
2 0.25261044176706826 0.15992647058823528 0.024899598393574297 0.025735294117647058
1 0.5385542168674698 0.6622242647058824 0.09397590361445783 0.11672794117647059
