2 0.5463709677419355 0.31893382352941174 0.11209677419354838 0.10477941176470588
2 0.27056451612903226 0.3681066176470588 0.11209677419354838 0.1645220588235294
3 0.17056451612903226 0.2835477941176471 0.029838709677419355 0.06525735294117647
1 0.6741935483870968 0.25643382352941174 0.012903225806451613 0.022058823529411766
2 0.31693548387096776 0.16084558823529413 0.03225806451612903 0.027573529411764705
2 0.2701612903225806 0.21277573529411764 0.056451612903225805 0.06341911764705882
2 0.875 0.8331801470588235 0.035483870967741936 0.078125
2 0.7548387096774194 0.7201286764705882 0.12580645161290321 0.203125
2 0.7588709677419355 0.9264705882352942 0.1064516129032258 0.09926470588235294
1 0.7435483870967742 0.3984375 0.02258064516129032 0.030330882352941176
1 0.7524193548387097 0.4103860294117647 0.024193548387096774 0.03768382352941176
1 0.7298387096774194 0.38419117647058826 0.024193548387096774 0.027573529411764705
