3 0.948780487804878 0.49264705882352944 0.01951219512195122 0.042279411764705885
3 0.9678861788617886 0.5022977941176471 0.01869918699186992 0.03952205882352941
3 0.8922764227642277 0.5124080882352942 0.034959349593495934 0.06709558823529412
3 0.6670731707317074 0.6401654411764706 0.07073170731707316 0.08915441176470588
0 0.4853658536585366 0.1723345588235294 0.21788617886178863 0.09283088235294118
2 0.3772357723577236 0.9595588235294118 0.14634146341463414 0.07904411764705882
1 0.18414634146341463 0.9021139705882353 0.04959349593495935 0.06341911764705882
1 0.21747967479674796 0.9319852941176471 0.05121951219512195 0.0625
1 0.2601626016260163 0.9572610294117647 0.05853658536585366 0.078125
2 0.865040650406504 0.2725183823529412 0.03577235772357724 0.030330882352941176
2 0.8142276422764227 0.24770220588235295 0.04959349593495935 0.03768382352941176
2 0.7495934959349594 0.22564338235294118 0.06666666666666667 0.035845588235294115
1 0.8678861788617886 0.33455882352941174 0.036585365853658534 0.04595588235294118
2 0.1540650406504065 0.3134191176470588 0.038211382113821135 0.04044117647058824
3 0.1040650406504065 0.6043198529411765 0.03739837398373984 0.057904411764705885
1 0.08170731707317073 0.4453125 0.01707317073170732 0.02665441176470588
2 0.04796747967479675 0.46139705882352944 0.01788617886178862 0.03308823529411765
