3 0.3342857142857143 0.8106617647058824 0.06448979591836734 0.08088235294117647
1 0.15020408163265306 0.359375 0.05877551020408163 0.09375
1 0.23795918367346938 0.7913602941176471 0.09551020408163265 0.11397058823529412
1 0.6955102040816327 0.33318014705882354 0.024489795918367346 0.030330882352941176
1 0.5571428571428572 0.28308823529411764 0.03836734693877551 0.04595588235294118
1 0.586530612244898 0.33318014705882354 0.04816326530612245 0.05606617647058824
1 0.7665306122448979 0.47702205882352944 0.044081632653061226 0.04779411764705882
2 0.35918367346938773 0.14338235294117646 0.0473469387755102 0.029411764705882353
2 0.40938775510204084 0.16084558823529413 0.053061224489795916 0.029411764705882353
2 0.7902040816326531 0.45358455882352944 0.052244897959183675 0.07261029411764706
1 0.5824489795918367 0.20588235294117646 0.018775510204081632 0.022058823529411766
1 0.5861224489795919 0.22564338235294118 0.026122448979591838 0.024816176470588234
1 0.5673469387755102 0.2270220588235294 0.019591836734693877 0.027573529411764705
1 0.5448979591836735 0.21001838235294118 0.022040816326530613 0.030330882352941176
2 0.6473469387755102 0.22426470588235295 0.022857142857142857 0.02389705882352941
2 0.6636734693877551 0.2261029411764706 0.017959183673469388 0.025735294117647058
2 0.6751020408163265 0.22196691176470587 0.019591836734693877 0.024816176470588234
1 0.6130612244897959 0.2265625 0.0163265306122449 0.021139705882352942
1 0.6208163265306123 0.23667279411764705 0.02040816326530612 0.02297794117647059
1 0.6375510204081632 0.23897058823529413 0.02122448979591837 0.02389705882352941
1 0.66 0.24034926470588236 0.015510204081632653 0.017463235294117647
1 0.6706122448979592 0.23759191176470587 0.010612244897959184 0.017463235294117647
1 0.6787755102040817 0.23759191176470587 0.010612244897959184 0.017463235294117647
2 0.31183673469387757 0.16819852941176472 0.03918367346938775 0.029411764705882353
2 0.22408163265306122 0.15487132352941177 0.018775510204081632 0.019301470588235295
2 0.24 0.16084558823529413 0.02122448979591837 0.02389705882352941
2 0.2542857142857143 0.16819852941176472 0.03346938775510204 0.027573529411764705
1 0.26857142857142857 0.17325367647058823 0.0163265306122449 0.02297794117647059
2 0.29020408163265304 0.18244485294117646 0.04 0.03400735294117647
1 0.3395918367346939 0.21737132352941177 0.029387755102040815 0.04871323529411765
1 0.35836734693877553 0.23161764705882354 0.031020408163265307 0.04963235294117647
1 0.3669387755102041 0.17784926470588236 0.02040816326530612 0.030330882352941176
1 0.3187755102040816 0.20220588235294118 0.03183673469387755 0.04044117647058824
1 0.26040816326530614 0.26608455882352944 0.029387755102040815 0.06158088235294118
3 0.3995918367346939 0.8184742647058824 0.05795918367346939 0.06525735294117647
1 0.37918367346938775 0.45496323529411764 0.07102040816326531 0.11764705882352941
1 0.8706122448979592 0.6162683823529411 0.02857142857142857 0.043198529411764705
1 0.856326530612245 0.6686580882352942 0.04244897959183674 0.04503676470588235
2 0.883265306122449 0.8534007352941176 0.031020408163265307 0.057904411764705885
