1 0.14578313253012049 0.3506433823529412 0.023293172690763052 0.019301470588235295
1 0.142570281124498 0.36075367647058826 0.024899598393574297 0.019301470588235295
1 0.13855421686746988 0.36994485294117646 0.02650602409638554 0.019301470588235295
1 0.13493975903614458 0.3795955882352941 0.02570281124497992 0.02022058823529412
1 0.13012048192771083 0.3915441176470588 0.02570281124497992 0.022058823529411766
1 0.1248995983935743 0.40441176470588236 0.024899598393574297 0.02389705882352941
1 0.11927710843373494 0.42371323529411764 0.02650602409638554 0.022058823529411766
1 0.11044176706827309 0.4453125 0.024899598393574297 0.02849264705882353
1 0.10200803212851406 0.47472426470588236 0.02570281124497992 0.02665441176470588
1 0.09598393574297188 0.5027573529411765 0.024899598393574297 0.03125
1 0.08634538152610442 0.7274816176470589 0.024899598393574297 0.02849264705882353
1 0.08995983935742972 0.7545955882352942 0.02891566265060241 0.027573529411764705
1 0.10441767068273092 0.8143382352941176 0.024096385542168676 0.02022058823529412
1 0.7253012048192771 0.17830882352941177 0.030522088353413655 0.029411764705882353
1 0.7461847389558233 0.1957720588235294 0.027309236947791166 0.027573529411764705
1 0.7602409638554217 0.21415441176470587 0.03293172690763052 0.029411764705882353
1 0.7863453815261044 0.31985294117647056 0.04497991967871486 0.06066176470588235
1 0.8642570281124498 0.3322610294117647 0.02570281124497992 0.043198529411764705
1 0.3068273092369478 0.15303308823529413 0.020883534136546186 0.02665441176470588
1 0.19116465863453816 0.2587316176470588 0.01927710843373494 0.02849264705882353
1 0.20120481927710843 0.2633272058823529 0.021686746987951807 0.02849264705882353
1 0.7767068273092369 0.23345588235294118 0.027309236947791166 0.029411764705882353
1 0.791566265060241 0.25 0.03132530120481928 0.029411764705882353
1 0.8036144578313253 0.2697610294117647 0.03293172690763052 0.03216911764705882
1 0.8281124497991967 0.30514705882352944 0.033734939759036145 0.03308823529411765
1 0.844578313253012 0.33409926470588236 0.03293172690763052 0.03952205882352941
1 0.17991967871485945 0.28125 0.02570281124497992 0.03125
1 0.8855421686746988 0.3446691176470588 0.020080321285140562 0.025735294117647058
2 0.5714859437751004 0.08363970588235294 0.023293172690763052 0.014705882352941176
2 0.9020080321285141 0.35340073529411764 0.03855421686746988 0.05238970588235294
2 0.5827309236947791 0.1875 0.08433734939759036 0.07169117647058823
2 0.46626506024096387 0.20036764705882354 0.10361445783132531 0.08272058823529412
2 0.40562248995983935 0.09237132352941177 0.024096385542168676 0.019301470588235295
2 0.457429718875502 0.0978860294117647 0.03132530120481928 0.02665441176470588
2 0.351004016064257 0.11121323529411764 0.024096385542168676 0.01838235294117647
3 0.7273092369477911 0.15165441176470587 0.012048192771084338 0.01838235294117647
3 0.7140562248995984 0.15165441176470587 0.011244979919678716 0.022058823529411766
3 0.6987951807228916 0.14751838235294118 0.011244979919678716 0.024816176470588234
3 0.6847389558232931 0.13878676470588236 0.012048192771084338 0.02389705882352941
3 0.8248995983935743 0.25735294117647056 0.008032128514056224 0.022058823529411766
3 0.814859437751004 0.25275735294117646 0.012048192771084338 0.02389705882352941
2 0.3714859437751004 0.1015625 0.020080321285140562 0.015625
