1 0.6457142857142857 0.2578125 0.014693877551020407 0.015625
1 0.726530612244898 0.3180147058823529 0.013061224489795919 0.01838235294117647
1 0.6755102040816326 0.2821691176470588 0.015510204081632653 0.016544117647058824
2 0.7661224489795918 0.3327205882352941 0.013877551020408163 0.01838235294117647
2 0.7502040816326531 0.32858455882352944 0.022857142857142857 0.021139705882352942
3 0.8457142857142858 0.6328125 0.0473469387755102 0.050551470588235295
1 0.26081632653061226 0.21599264705882354 0.008979591836734694 0.012867647058823529
0 0.35714285714285715 0.20220588235294118 0.11673469387755102 0.04411764705882353
1 0.061224489795918366 0.4852941176470588 0.019591836734693877 0.07536764705882353
2 0.10285714285714286 0.4250919117647059 0.060408163265306125 0.13878676470588236
4 0.5955102040816327 0.23805147058823528 0.04979591836734694 0.03308823529411765
4 0.30448979591836733 0.19806985294117646 0.035918367346938776 0.017463235294117647
2 0.2453061224489796 0.22150735294117646 0.022040816326530613 0.022058823529411766
