2 0.6338709677419355 0.22196691176470587 0.03064516129032258 0.030330882352941176
2 0.655241935483871 0.22058823529411764 0.02661290322580645 0.027573529411764705
1 0.5967741935483871 0.2192095588235294 0.014516129032258065 0.019301470588235295
1 0.6092741935483871 0.22748161764705882 0.016935483870967744 0.021139705882352942
1 0.657258064516129 0.25275735294117646 0.017741935483870968 0.022058823529411766
1 0.4306451612903226 0.20450367647058823 0.03387096774193549 0.03952205882352941
1 0.5149193548387097 0.2541360294117647 0.03467741935483871 0.050551470588235295
1 0.2887096774193548 0.7077205882352942 0.1 0.14705882352941177
1 0.8516129032258064 0.6254595588235294 0.04032258064516129 0.05606617647058824
1 0.7298387096774194 0.3818933823529412 0.024193548387096774 0.03400735294117647
1 0.325 0.20220588235294118 0.03225806451612903 0.04595588235294118
2 0.3096774193548387 0.16819852941176472 0.04032258064516129 0.03125
2 0.24435483870967742 0.16498161764705882 0.02903225806451613 0.02297794117647059
2 0.2661290322580645 0.17647058823529413 0.04516129032258064 0.03308823529411765
2 0.4508064516129032 0.2568933823529412 0.10806451612903226 0.0818014705882353
1 0.742741935483871 0.3984375 0.027419354838709678 0.03216911764705882
1 0.7516129032258064 0.4108455882352941 0.025806451612903226 0.034926470588235295
