3 0.03870967741935484 0.6548713235294118 0.020967741935483872 0.030330882352941176
2 0.4806451612903226 0.08731617647058823 0.025806451612903226 0.02022058823529412
2 0.5024193548387097 0.1130514705882353 0.07419354838709677 0.042279411764705885
1 0.802016129032258 0.4094669117647059 0.055645161290322584 0.06341911764705882
1 0.7983870967741935 0.44806985294117646 0.056451612903225805 0.07996323529411764
1 0.8350806451612903 0.4967830882352941 0.04596774193548387 0.07077205882352941
1 0.8149193548387097 0.6323529411764706 0.07338709677419354 0.13051470588235295
1 0.8935483870967742 0.7794117647058824 0.03870967741935484 0.0661764705882353
1 0.9217741935483871 0.6925551470588235 0.035483870967741936 0.057904411764705885
1 0.9153225806451613 0.6498161764705882 0.037096774193548385 0.07169117647058823
1 0.880241935483871 0.6038602941176471 0.03951612903225806 0.06801470588235294
1 0.9141129032258064 0.5753676470588235 0.042741935483870966 0.06801470588235294
1 0.9048387096774193 0.5220588235294118 0.035483870967741936 0.04411764705882353
1 0.8733870967741936 0.5206801470588235 0.041935483870967745 0.05422794117647059
1 0.8665322580645162 0.4600183823529412 0.03951612903225806 0.05606617647058824
1 0.882258064516129 0.4117647058823529 0.035483870967741936 0.03676470588235294
1 0.8935483870967742 0.4664522058823529 0.043548387096774194 0.057904411764705885
2 0.744758064516129 0.9586397058823529 0.10080645161290322 0.08272058823529412
