2 0.98828125 0.45859375 0.019270833333333334 0.03177083333333333
2 0.9846354166666667 0.48541666666666666 0.0171875 0.022916666666666665
2 0.9768229166666667 0.47265625 0.019270833333333334 0.027604166666666666
2 0.8877604166666667 0.22890625 0.021354166666666667 0.019270833333333334
2 0.021875 0.30625 0.013541666666666667 0.021875
2 0.5697916666666667 0.31223958333333335 0.165625 0.12239583333333333
2 0.021875 0.28828125 0.015625 0.013020833333333334
1 0.8026041666666667 0.07994791666666666 0.010416666666666666 0.015104166666666667
1 0.8083333333333333 0.1390625 0.022916666666666665 0.020833333333333332
1 0.9486979166666667 0.60390625 0.0203125 0.013020833333333334
1 0.9546875 0.6278645833333333 0.016666666666666666 0.011979166666666667
1 0.9205729166666666 0.6143229166666667 0.0296875 0.018229166666666668
1 0.06145833333333333 0.26953125 0.01875 0.0140625
1 0.13125 0.3104166666666667 0.041666666666666664 0.027083333333333334
1 0.36354166666666665 0.17161458333333332 0.04895833333333333 0.04739583333333333
1 0.9625 0.48776041666666664 0.022916666666666665 0.016145833333333335
1 0.9143229166666667 0.359375 0.030729166666666665 0.027083333333333334
