2 0.5285714285714286 0.109375 0.02857142857142857 0.029411764705882353
2 0.025806451612903226 0.5032169117647058 0.016589861751152075 0.017463235294117647
2 0.07373271889400922 0.4329044117647059 0.035023041474654376 0.03308823529411765
2 0.0815668202764977 0.46277573529411764 0.04331797235023042 0.035845588235294115
1 0.18433179723502305 0.48575367647058826 0.05898617511520737 0.024816176470588234
1 0.052534562211981564 0.49724264705882354 0.025806451612903226 0.009191176470588236
1 0.06405529953917051 0.5045955882352942 0.02488479262672811 0.009191176470588236
1 0.08202764976958525 0.5082720588235294 0.03133640552995392 0.011029411764705883
1 0.046543778801843315 0.5193014705882353 0.02488479262672811 0.012867647058823529
2 0.08755760368663594 0.3584558823529412 0.03317972350230415 0.03860294117647059
1 0.24147465437788018 0.22426470588235295 0.023963133640552997 0.027573529411764705
1 0.691705069124424 0.17693014705882354 0.034101382488479264 0.03216911764705882
