1 0.6861224489795918 0.3014705882352941 0.022040816326530613 0.022058823529411766
1 0.6261224489795918 0.2688419117647059 0.024489795918367346 0.021139705882352942
1 0.833469387755102 0.5776654411764706 0.03918367346938775 0.04871323529411765
2 0.5779591836734694 0.23207720588235295 0.017959183673469388 0.013786764705882353
1 0.7261224489795919 0.3161764705882353 0.012244897959183673 0.016544117647058824
1 0.7387755102040816 0.3239889705882353 0.011428571428571429 0.015625
2 0.3579591836734694 0.2104779411764706 0.04653061224489796 0.022058823529411766
4 0.42 0.24356617647058823 0.07591836734693877 0.05514705882352941
1 0.23755102040816325 0.2270220588235294 0.00816326530612245 0.012867647058823529
1 0.2677551020408163 0.2182904411764706 0.011428571428571429 0.015625
2 0.7314285714285714 0.35661764705882354 0.0653061224489796 0.05698529411764706
2 0.8244897959183674 0.4384191176470588 0.045714285714285714 0.04779411764705882
1 0.8771428571428571 0.48943014705882354 0.02040816326530612 0.021139705882352942
4 0.8012244897959183 0.4710477941176471 0.07265306122448979 0.10753676470588236
1 0.7693877551020408 0.3318014705882353 0.010612244897959184 0.012867647058823529
