1 0.22560975609756098 0.9448529411764706 0.052845528455284556 0.08088235294117647
1 0.17845528455284554 0.9159007352941176 0.044715447154471545 0.050551470588235295
1 0.16951219512195123 0.8690257352941176 0.052845528455284556 0.05238970588235294
1 0.48008130081300815 0.16865808823529413 0.02032520325203252 0.024816176470588234
1 0.5073170731707317 0.16819852941176472 0.01951219512195122 0.02022058823529412
1 0.5378048780487805 0.16222426470588236 0.01869918699186992 0.019301470588235295
1 0.5613821138211382 0.16314338235294118 0.02032520325203252 0.021139705882352942
1 0.5857723577235773 0.16222426470588236 0.01707317073170732 0.019301470588235295
1 0.6048780487804878 0.16544117647058823 0.02113821138211382 0.02022058823529412
1 0.5280487804878049 0.17601102941176472 0.025203252032520326 0.017463235294117647
2 0.7914634146341464 0.30284926470588236 0.1 0.08731617647058823
2 0.08048780487804878 0.390625 0.013008130081300813 0.022058823529411766
0 0.06829268292682927 0.3984375 0.016260162601626018 0.021139705882352942
2 0.08577235772357723 0.4108455882352941 0.023577235772357725 0.03125
2 0.06585365853658537 0.4453125 0.01788617886178862 0.02849264705882353
1 0.08130081300813008 0.43887867647058826 0.011382113821138212 0.021139705882352942
3 0.056910569105691054 0.5183823529411765 0.016260162601626018 0.022058823529411766
