1 0.41646586345381525 0.18887867647058823 0.015261044176706828 0.02665441176470588
1 0.40562248995983935 0.1870404411764706 0.01285140562248996 0.024816176470588234
1 0.39437751004016064 0.18290441176470587 0.01285140562248996 0.029411764705882353
1 0.3791164658634538 0.17601102941176472 0.01285140562248996 0.02297794117647059
1 0.3690763052208835 0.17371323529411764 0.012048192771084338 0.022058823529411766
1 0.3606425702811245 0.18244485294117646 0.01285140562248996 0.024816176470588234
1 0.348995983935743 0.18841911764705882 0.012048192771084338 0.02022058823529412
1 0.3329317269076305 0.18382352941176472 0.018473895582329317 0.03125
1 0.5481927710843374 0.22886029411764705 0.024899598393574297 0.027573529411764705
1 0.39477911646586344 0.21277573529411764 0.03614457831325301 0.03768382352941176
1 0.25502008032128515 0.22242647058823528 0.021686746987951807 0.03860294117647059
1 0.1682730923694779 0.2495404411764706 0.015261044176706828 0.043198529411764705
1 0.1530120481927711 0.25275735294117646 0.018473895582329317 0.034926470588235295
1 0.142570281124498 0.2578125 0.013654618473895583 0.03768382352941176
1 0.12409638554216867 0.2688419117647059 0.016867469879518072 0.035845588235294115
1 0.10883534136546184 0.2775735294117647 0.015261044176706828 0.03308823529411765
1 0.0963855421686747 0.2927389705882353 0.011244979919678716 0.02297794117647059
2 0.8004016064257028 0.3883272058823529 0.021686746987951807 0.035845588235294115
1 0.6919678714859437 0.27297794117647056 0.015261044176706828 0.016544117647058824
1 0.6449799196787148 0.2587316176470588 0.01927710843373494 0.021139705882352942
2 0.672289156626506 0.2881433823529412 0.043373493975903614 0.030330882352941176
2 0.7397590361445783 0.34375 0.0321285140562249 0.03860294117647059
1 0.757429718875502 0.3056066176470588 0.008032128514056224 0.013786764705882353
1 0.7975903614457831 0.3359375 0.00963855421686747 0.011948529411764705
1 0.802008032128514 0.3460477941176471 0.008835341365461847 0.01011029411764706
1 0.7911646586345381 0.3515625 0.01285140562248996 0.017463235294117647
1 0.7060240963855422 0.35018382352941174 0.02570281124497992 0.03308823529411765
2 0.6694779116465863 0.6153492647058824 0.1855421686746988 0.1332720588235294
2 0.27951807228915665 0.5560661764705882 0.25060240963855424 0.20588235294117646
