1 0.27877551020408164 0.21369485294117646 0.008979591836734694 0.015625
1 0.2885714285714286 0.21001838235294118 0.008979591836734694 0.015625
1 0.26816326530612244 0.2192095588235294 0.008979591836734694 0.011948529411764705
1 0.2559183673469388 0.22242647058823528 0.008979591836734694 0.014705882352941176
1 0.24326530612244898 0.22748161764705882 0.00816326530612245 0.013786764705882353
2 0.2583673469387755 0.20909926470588236 0.0236734693877551 0.015625
1 0.3889795918367347 0.1953125 0.012244897959183673 0.015625
1 0.6644897959183673 0.2757352941176471 0.0163265306122449 0.02022058823529412
1 0.86 0.4646139705882353 0.02040816326530612 0.02297794117647059
1 0.8673469387755102 0.47794117647058826 0.018775510204081632 0.025735294117647058
