3 0.8914634146341464 0.5133272058823529 0.03983739837398374 0.0744485294117647
3 0.9544715447154472 0.4710477941176471 0.022764227642276424 0.043198529411764705
3 0.9601626016260163 0.5027573529411765 0.02113821138211382 0.03308823529411765
3 0.9658536585365853 0.5151654411764706 0.014634146341463415 0.030330882352941176
3 0.8105691056910569 0.6098345588235294 0.07642276422764227 0.0818014705882353
0 0.8020325203252032 0.21185661764705882 0.0983739837398374 0.08731617647058823
2 0.3772357723577236 0.9632352941176471 0.14634146341463414 0.07169117647058823
1 0.18292682926829268 0.9044117647058824 0.055284552845528454 0.06985294117647059
1 0.2186991869918699 0.9375 0.05853658536585366 0.06433823529411764
1 0.2597560975609756 0.9586397058823529 0.05609756097560976 0.07169117647058823
1 0.4378048780487805 0.17417279411764705 0.02032520325203252 0.024816176470588234
1 0.49349593495934957 0.16727941176470587 0.027642276422764227 0.03676470588235294
1 0.16829268292682928 0.3975183823529412 0.04390243902439024 0.04871323529411765
1 0.5451219512195122 0.16176470588235295 0.023577235772357725 0.03676470588235294
2 0.8101626016260163 0.24402573529411764 0.052845528455284556 0.03768382352941176
2 0.7475609756097561 0.22334558823529413 0.06097560975609756 0.04411764705882353
2 0.40934959349593497 0.19715073529411764 0.08373983739837398 0.03952205882352941
2 0.8621951219512195 0.27068014705882354 0.038211382113821135 0.03400735294117647
3 0.08252032520325203 0.5946691176470589 0.034959349593495934 0.05514705882352941
1 0.06869918699186991 0.6865808823529411 0.043089430894308944 0.0625
