2 0.7165322580645161 0.40579044117647056 0.0814516129032258 0.09283088235294118
1 0.17096774193548386 0.6847426470588235 0.07903225806451612 0.0661764705882353
1 0.7217741935483871 0.36994485294117646 0.024193548387096774 0.024816176470588234
1 0.5915322580645161 0.328125 0.049193548387096775 0.058823529411764705
1 0.5173387096774194 0.28125 0.04435483870967742 0.058823529411764705
1 0.6116935483870968 0.37637867647058826 0.055645161290322584 0.06709558823529412
1 0.7504032258064516 0.5004595588235294 0.042741935483870966 0.06341911764705882
1 0.25766129032258067 0.7109375 0.06693548387096775 0.15349264705882354
1 0.3721774193548387 0.9232536764705882 0.07338709677419354 0.12408088235294118
1 0.3282258064516129 0.19990808823529413 0.03225806451612903 0.043198529411764705
1 0.357258064516129 0.22564338235294118 0.041935483870967745 0.05238970588235294
2 0.38870967741935486 0.20588235294117646 0.07096774193548387 0.04595588235294118
2 0.2794354838709677 0.17738970588235295 0.03951612903225806 0.029411764705882353
1 0.3032258064516129 0.18841911764705882 0.02258064516129032 0.034926470588235295
1 0.2778225806451613 0.1879595588235294 0.02338709677419355 0.03952205882352941
1 0.2540322580645161 0.17463235294117646 0.016129032258064516 0.027573529411764705
2 0.6334677419354838 0.22012867647058823 0.028225806451612902 0.02665441176470588
2 0.6580645161290323 0.22058823529411764 0.027419354838709678 0.03308823529411765
1 0.5866935483870968 0.20726102941176472 0.016935483870967744 0.019301470588235295
1 0.6254032258064516 0.23253676470588236 0.01532258064516129 0.02022058823529412
1 0.6395161290322581 0.23667279411764705 0.016129032258064516 0.019301470588235295
3 0.20201612903225807 0.7375919117647058 0.05887096774193548 0.06341911764705882
