2 0.7165322580645161 0.40762867647058826 0.07983870967741935 0.08915441176470588
1 0.17096774193548386 0.6856617647058824 0.07903225806451612 0.0661764705882353
1 0.7205645161290323 0.36902573529411764 0.02338709677419355 0.02665441176470588
1 0.6201612903225806 0.28262867647058826 0.02903225806451613 0.035845588235294115
1 0.4879032258064516 0.20220588235294118 0.03064516129032258 0.03308823529411765
1 0.4584677419354839 0.18979779411764705 0.031451612903225803 0.03400735294117647
1 0.43548387096774194 0.21553308823529413 0.027419354838709678 0.03216911764705882
2 0.3790322580645161 0.20909926470588236 0.07258064516129033 0.050551470588235295
2 0.8407258064516129 0.6939338235294118 0.07016129032258064 0.13051470588235295
2 0.822983870967742 0.5363051470588235 0.07661290322580645 0.10202205882352941
0 0.5741935483870968 0.33455882352941174 0.2161290322580645 0.20220588235294118
2 0.27983870967741936 0.17647058823529413 0.03387096774193549 0.029411764705882353
1 0.3350806451612903 0.17325367647058823 0.01532258064516129 0.02297794117647059
1 0.31048387096774194 0.19163602941176472 0.014516129032258065 0.02297794117647059
1 0.2862903225806452 0.19439338235294118 0.017741935483870968 0.024816176470588234
1 0.19112903225806452 0.17279411764705882 0.012903225806451613 0.022058823529411766
1 0.6786290322580645 0.2665441176470588 0.012096774193548387 0.016544117647058824
2 0.6560483870967742 0.21875 0.020161290322580645 0.01838235294117647
2 0.6491935483870968 0.2265625 0.024193548387096774 0.021139705882352942
3 0.7830645161290323 0.46920955882352944 0.037096774193548385 0.043198529411764705
