3 0.3302040816326531 0.8120404411764706 0.054693877551020405 0.05974264705882353
1 0.15142857142857144 0.3602941176470588 0.0563265306122449 0.09558823529411764
1 0.23755102040816325 0.7909007352941176 0.09795918367346938 0.1130514705882353
1 0.6951020408163265 0.33409926470588236 0.0236734693877551 0.03768382352941176
2 0.35877551020408166 0.14338235294117646 0.04653061224489796 0.027573529411764705
2 0.4122448979591837 0.1640625 0.05714285714285714 0.035845588235294115
2 0.7930612244897959 0.4522058823529412 0.05795918367346939 0.07904411764705882
1 0.27714285714285714 0.4416360294117647 0.053061224489795916 0.12408088235294118
1 0.2163265306122449 0.29641544117647056 0.0326530612244898 0.07261029411764706
1 0.34408163265306124 0.21553308823529413 0.02857142857142857 0.04503676470588235
1 0.3616326530612245 0.23161764705882354 0.026122448979591838 0.04595588235294118
1 0.5685714285714286 0.29411764705882354 0.04163265306122449 0.04595588235294118
1 0.6514285714285715 0.38465073529411764 0.05714285714285714 0.06525735294117647
1 0.5673469387755102 0.8391544117647058 0.10612244897959183 0.0974264705882353
3 0.6771428571428572 0.2835477941176471 0.017142857142857144 0.02849264705882353
1 0.54 0.20726102941176472 0.026938775510204082 0.03400735294117647
1 0.5840816326530612 0.20726102941176472 0.02040816326530612 0.019301470588235295
1 0.5861224489795919 0.22518382352941177 0.026122448979591838 0.027573529411764705
1 0.5677551020408164 0.2265625 0.02040816326530612 0.02849264705882353
2 0.6473469387755102 0.22472426470588236 0.024489795918367346 0.02665441176470588
2 0.6616326530612245 0.2265625 0.02040816326530612 0.02297794117647059
2 0.6689795918367347 0.22288602941176472 0.0236734693877551 0.021139705882352942
2 0.6942857142857143 0.23713235294117646 0.013877551020408163 0.016544117647058824
1 0.7016326530612245 0.24770220588235295 0.013877551020408163 0.015625
2 0.6493877551020408 0.25045955882352944 0.03836734693877551 0.030330882352941176
4 0.2693877551020408 0.1488970588235294 0.027755102040816326 0.02389705882352941
1 0.4085714285714286 0.19117647058823528 0.022040816326530613 0.03308823529411765
1 0.34448979591836737 0.1636029411764706 0.014693877551020407 0.025735294117647058
2 0.2453061224489796 0.16084558823529413 0.022040816326530613 0.029411764705882353
2 0.22612244897959183 0.14384191176470587 0.013061224489795919 0.013786764705882353
2 0.20979591836734693 0.15119485294117646 0.013061224489795919 0.015625
2 0.20122448979591837 0.16636029411764705 0.02040816326530612 0.02022058823529412
2 0.22448979591836735 0.18474264705882354 0.03428571428571429 0.03676470588235294
2 0.2897959183673469 0.18336397058823528 0.03428571428571429 0.03400735294117647
2 0.3163265306122449 0.16727941176470587 0.03836734693877551 0.027573529411764705
1 0.2836734693877551 0.16681985294117646 0.017142857142857144 0.017463235294117647
1 0.2706122448979592 0.17463235294117646 0.015510204081632653 0.025735294117647058
2 0.22775510204081634 0.22058823529411764 0.0473469387755102 0.04779411764705882
2 0.3763265306122449 0.3125 0.1273469387755102 0.11764705882352941
2 0.46979591836734697 0.25045955882352944 0.09877551020408164 0.06893382352941177
2 0.7351020408163266 0.5137867647058824 0.12163265306122449 0.1488970588235294
1 0.7820408163265307 0.5068933823529411 0.03428571428571429 0.03768382352941176
1 0.8044897959183673 0.5684742647058824 0.04653061224489796 0.050551470588235295
1 0.8591836734693877 0.5822610294117647 0.03346938775510204 0.035845588235294115
1 0.8722448979591837 0.6135110294117647 0.030204081632653063 0.03952205882352941
1 0.863265306122449 0.6585477941176471 0.044897959183673466 0.04503676470588235
1 0.8885714285714286 0.7058823529411765 0.03183673469387755 0.04044117647058824
1 0.753061224489796 0.9016544117647058 0.07428571428571429 0.042279411764705885
2 0.8261224489795919 0.8377757352941176 0.06857142857142857 0.1130514705882353
2 0.8808163265306123 0.8579963235294118 0.027755102040816326 0.04136029411764706
1 0.8934693877551021 0.6590073529411765 0.026938775510204082 0.03676470588235294
1 0.7938775510204081 0.9485294117647058 0.04163265306122449 0.03308823529411765
