2 0.32137096774193546 0.1645220588235294 0.03951612903225806 0.029411764705882353
2 0.28346774193548385 0.15073529411764705 0.025 0.016544117647058824
2 0.2701612903225806 0.17095588235294118 0.03870967741935484 0.029411764705882353
2 0.29879032258064514 0.18244485294117646 0.03790322580645161 0.02849264705882353
1 0.2125 0.21369485294117646 0.021774193548387097 0.03768382352941176
1 0.317741935483871 0.19439338235294118 0.02258064516129032 0.02849264705882353
2 0.6818548387096774 0.24540441176470587 0.018548387096774192 0.022058823529411766
1 0.3721774193548387 0.9126838235294118 0.09758064516129032 0.15257352941176472
1 0.32056451612903225 0.4039522058823529 0.06693548387096775 0.109375
1 0.7088709677419355 0.5013786764705882 0.06451612903225806 0.09099264705882353
1 0.7205645161290323 0.8414522058823529 0.0814516129032258 0.0818014705882353
2 0.6326612903225807 0.2743566176470588 0.042741935483870966 0.05606617647058824
1 0.7298387096774194 0.38327205882352944 0.020967741935483872 0.025735294117647058
3 0.7245967741935484 0.3993566176470588 0.028225806451612902 0.043198529411764705
1 0.7431451612903226 0.3984375 0.02338709677419355 0.030330882352941176
1 0.7524193548387097 0.4117647058823529 0.027419354838709678 0.029411764705882353
2 0.760483870967742 0.5261948529411765 0.10806451612903226 0.16268382352941177
1 0.572983870967742 0.20863970588235295 0.020161290322580645 0.02389705882352941
2 0.8782258064516129 0.8276654411764706 0.02903225806451613 0.04503676470588235
