1 0.29879032258064514 0.5027573529411765 0.12338709677419354 0.08823529411764706
1 0.40483870967741936 0.6305147058823529 0.14516129032258066 0.09926470588235294
1 0.19274193548387097 0.6231617647058824 0.08870967741935484 0.06433823529411764
1 0.11814516129032258 0.6052389705882353 0.062096774193548386 0.04871323529411765
1 0.09435483870967742 0.5684742647058824 0.041935483870967745 0.043198529411764705
1 0.056451612903225805 0.5422794117647058 0.03064516129032258 0.03676470588235294
1 0.06330645161290323 0.5684742647058824 0.02661290322580645 0.030330882352941176
1 0.04153225806451613 0.5923713235294118 0.025 0.035845588235294115
2 0.10846774193548388 0.3538602941176471 0.04758064516129032 0.07169117647058823
4 0.06854838709677419 0.4333639705882353 0.05161290322580645 0.10386029411764706
2 0.482258064516129 0.08777573529411764 0.02903225806451613 0.024816176470588234
1 0.41935483870967744 0.2113970588235294 0.07096774193548387 0.06801470588235294
1 0.48588709677419356 0.23897058823529413 0.08306451612903226 0.08639705882352941
1 0.6838709677419355 0.24862132352941177 0.0532258064516129 0.06341911764705882
1 0.5774193548387097 0.5602022058823529 0.13064516129032258 0.09283088235294118
1 0.7338709677419355 0.6723345588235294 0.0967741935483871 0.07077205882352941
1 0.8185483870967742 0.5909926470588235 0.07258064516129033 0.07904411764705882
1 0.8060483870967742 0.41452205882352944 0.04435483870967742 0.08823529411764706
1 0.8766129032258064 0.46277573529411764 0.05 0.0818014705882353
2 0.3629032258064516 0.15441176470588236 0.10161290322580645 0.07352941176470588
2 0.8056451612903226 0.25 0.07580645161290323 0.06066176470588235
2 0.49032258064516127 0.11443014705882353 0.06774193548387097 0.04503676470588235
2 0.7391129032258065 0.9623161764705882 0.10241935483870968 0.07352941176470588
2 0.03387096774193549 0.5248161764705882 0.025806451612903226 0.058823529411764705
