2 0.8044270833333333 0.12591911764705882 0.04635416666666667 0.08088235294117647
1 0.11119791666666666 0.8920036764705882 0.03802083333333333 0.1056985294117647
1 0.02578125 0.8405330882352942 0.025520833333333333 0.0744485294117647
1 0.05026041666666667 0.8469669117647058 0.028645833333333332 0.09466911764705882
2 0.0765625 0.26838235294117646 0.03125 0.06801470588235294
3 0.078125 0.29963235294117646 0.016666666666666666 0.03308823529411765
3 0.0828125 0.2858455882352941 0.015625 0.03308823529411765
1 0.8263020833333333 0.16773897058823528 0.0140625 0.02665441176470588
1 0.8627604166666667 0.4149816176470588 0.033854166666666664 0.05974264705882353
2 0.35104166666666664 0.14568014705882354 0.14895833333333333 0.11488970588235294
3 0.3221354166666667 0.05284926470588235 0.0171875 0.05974264705882353
1 0.8713541666666667 0.22426470588235295 0.0125 0.02389705882352941
