2 0.9880208333333333 0.4609375 0.017708333333333333 0.03125
2 0.984375 0.4859375 0.01875 0.020833333333333332
2 0.9763020833333333 0.47317708333333336 0.018229166666666668 0.028645833333333332
2 0.8880208333333334 0.228125 0.019791666666666666 0.017708333333333333
3 0.88984375 0.29322916666666665 0.024479166666666666 0.0125
1 0.11432291666666666 0.22994791666666667 0.027604166666666666 0.019270833333333334
1 0.06614583333333333 0.33958333333333335 0.029166666666666667 0.020833333333333332
1 0.159375 0.17473958333333334 0.022916666666666665 0.028645833333333332
1 0.10729166666666666 0.19791666666666666 0.016666666666666666 0.014583333333333334
1 0.08072916666666667 0.22161458333333334 0.016666666666666666 0.013020833333333334
4 0.8151041666666666 0.07447916666666667 0.021875 0.025
4 0.9046875 0.5885416666666666 0.04895833333333333 0.04583333333333333
4 0.8861979166666667 0.47734375 0.0671875 0.07447916666666667
2 0.7177083333333333 0.2671875 0.11979166666666667 0.13125
2 0.8372395833333334 0.21354166666666666 0.05260416666666667 0.06458333333333334
1 0.9760416666666667 0.534375 0.016666666666666666 0.009375
1 0.7158854166666667 0.5388020833333333 0.0578125 0.03802083333333333
1 0.9125 0.3609375 0.034375 0.027083333333333334
1 0.8255208333333334 0.15104166666666666 0.020833333333333332 0.027083333333333334
2 0.9533854166666667 0.5872395833333334 0.0265625 0.0296875
2 0.6177083333333333 0.1203125 0.078125 0.075
2 0.334375 0.08880208333333334 0.07395833333333333 0.0515625
1 0.31302083333333336 0.071875 0.015625 0.026041666666666668
