2 0.7661224489795918 0.3336397058823529 0.013877551020408163 0.01838235294117647
2 0.7510204081632653 0.32858455882352944 0.022857142857142857 0.021139705882352942
1 0.38285714285714284 0.19439338235294118 0.013061224489795919 0.015625
1 0.9212244897959184 0.6521139705882353 0.018775510204081632 0.03768382352941176
2 0.6416326530612245 0.26838235294117646 0.04081632653061224 0.02389705882352941
2 0.10204081632653061 0.42463235294117646 0.060408163265306125 0.13602941176470587
3 0.19510204081632654 0.2568933823529412 0.011428571428571429 0.02665441176470588
2 0.7306122448979592 0.35753676470588236 0.062040816326530614 0.05514705882352941
4 0.6795918367346939 0.29641544117647056 0.053061224489795916 0.035845588235294115
1 0.5746938775510204 0.23805147058823528 0.019591836734693877 0.016544117647058824
