1 0.41646586345381525 0.18841911764705882 0.016867469879518072 0.02389705882352941
1 0.4 0.18428308823529413 0.01927710843373494 0.030330882352941176
1 0.3791164658634538 0.17830882352941177 0.011244979919678716 0.025735294117647058
1 0.3682730923694779 0.17647058823529413 0.013654618473895583 0.02389705882352941
1 0.3606425702811245 0.18474264705882354 0.014457831325301205 0.025735294117647058
1 0.3477911646586345 0.18474264705882354 0.01285140562248996 0.027573529411764705
1 0.3333333333333333 0.18474264705882354 0.017670682730923693 0.03125
1 0.39477911646586344 0.21231617647058823 0.03293172690763052 0.03860294117647059
1 0.3598393574297189 0.21461397058823528 0.03855421686746988 0.04136029411764706
1 0.1670682730923695 0.24770220588235295 0.014457831325301205 0.03768382352941176
1 0.1534136546184739 0.2545955882352941 0.011244979919678716 0.034926470588235295
1 0.142570281124498 0.25919117647058826 0.012048192771084338 0.034926470588235295
1 0.12289156626506025 0.2702205882352941 0.01285140562248996 0.029411764705882353
1 0.10843373493975904 0.2835477941176471 0.01285140562248996 0.02665441176470588
1 0.09558232931726908 0.2881433823529412 0.01285140562248996 0.02849264705882353
1 0.5481927710843374 0.22977941176470587 0.02971887550200803 0.025735294117647058
0 0.7951807228915663 0.32306985294117646 0.011244979919678716 0.011948529411764705
2 0.7759036144578313 0.32169117647058826 0.01285140562248996 0.014705882352941176
2 0.7911646586345381 0.3460477941176471 0.01285140562248996 0.015625
1 0.8056224899598393 0.35431985294117646 0.008032128514056224 0.011948529411764705
1 0.7983935742971887 0.3570772058823529 0.008032128514056224 0.011948529411764705
2 0.8 0.3864889705882353 0.020883534136546186 0.03216911764705882
2 0.636144578313253 0.2867647058823529 0.05301204819277108 0.04044117647058824
1 0.7124497991967872 0.3478860294117647 0.01927710843373494 0.02849264705882353
1 0.7385542168674699 0.38556985294117646 0.023293172690763052 0.035845588235294115
4 0.7180722891566265 0.31433823529411764 0.0321285140562249 0.03860294117647059
1 0.7875502008032128 0.43474264705882354 0.021686746987951807 0.03125
3 0.25220883534136546 0.22380514705882354 0.01606425702811245 0.04503676470588235
2 0.08473895582329317 0.36994485294117646 0.08433734939759036 0.109375
2 0.09036144578313253 0.5183823529411765 0.06345381526104418 0.125
1 0.12690763052208837 0.29181985294117646 0.036947791164658635 0.043198529411764705
1 0.7582329317269076 0.3671875 0.024096385542168676 0.02665441176470588
1 0.6907630522088354 0.2734375 0.017670682730923693 0.019301470588235295
1 0.6449799196787148 0.25735294117647056 0.020883534136546186 0.025735294117647058
1 0.697991967871486 0.31893382352941174 0.020883534136546186 0.03125
