2 0.7169354838709677 0.4071691176470588 0.08064516129032258 0.0900735294117647
1 0.17096774193548386 0.6856617647058824 0.07903225806451612 0.0661764705882353
1 0.7209677419354839 0.36902573529411764 0.02258064516129032 0.02665441176470588
1 0.4967741935483871 0.20726102941176472 0.035483870967741936 0.03400735294117647
1 0.7725806451612903 0.5142463235294118 0.0532258064516129 0.05606617647058824
2 0.475 0.2624080882352941 0.10967741935483871 0.07996323529411764
2 0.822983870967742 0.5349264705882353 0.07661290322580645 0.09926470588235294
2 0.2794354838709677 0.17463235294117646 0.031451612903225803 0.027573529411764705
1 0.3100806451612903 0.19071691176470587 0.018548387096774192 0.024816176470588234
1 0.28669354838709676 0.19393382352941177 0.018548387096774192 0.029411764705882353
2 0.646774193548387 0.2265625 0.024193548387096774 0.02297794117647059
1 0.5806451612903226 0.21277573529411764 0.017741935483870968 0.02297794117647059
1 0.5633064516129033 0.22012867647058823 0.021774193548387097 0.02297794117647059
1 0.5862903225806452 0.22977941176470587 0.020967741935483872 0.02389705882352941
3 0.8258064516129032 0.5620404411764706 0.03387096774193549 0.03768382352941176
3 0.782258064516129 0.4678308823529412 0.03225806451612903 0.04411764705882353
3 0.7657258064516129 0.43014705882352944 0.025 0.03860294117647059
