1 0.4796747967479675 0.16865808823529413 0.02113821138211382 0.024816176470588234
1 0.508130081300813 0.16773897058823528 0.01951219512195122 0.019301470588235295
1 0.5373983739837398 0.16176470588235295 0.01951219512195122 0.02022058823529412
1 0.5617886178861788 0.1645220588235294 0.01951219512195122 0.022058823529411766
1 0.5853658536585366 0.16176470588235295 0.01788617886178862 0.02022058823529412
1 0.6036585365853658 0.16590073529411764 0.02032520325203252 0.019301470588235295
2 0.8528455284552846 0.25505514705882354 0.02926829268292683 0.02665441176470588
1 0.20203252032520325 0.2734375 0.01707317073170732 0.03400735294117647
2 0.08617886178861789 0.4103860294117647 0.022764227642276424 0.030330882352941176
2 0.06666666666666667 0.44485294117647056 0.016260162601626018 0.027573529411764705
1 0.08048780487804878 0.43933823529411764 0.013008130081300813 0.01838235294117647
3 0.05975609756097561 0.5142463235294118 0.01056910569105691 0.019301470588235295
2 0.07601626016260163 0.4880514705882353 0.03008130081300813 0.04779411764705882
1 0.18130081300813009 0.9163602941176471 0.04065040650406504 0.05698529411764706
1 0.16219512195121952 0.8579963235294118 0.06097560975609756 0.06709558823529412
3 0.05609756097560976 0.5183823529411765 0.014634146341463415 0.02389705882352941
1 0.2105691056910569 0.9067095588235294 0.06016260162601626 0.07261029411764706
