2 0.29878048780487804 0.1792279411764706 0.041463414634146344 0.03676470588235294
2 0.3959349593495935 0.1640625 0.04878048780487805 0.043198529411764705
2 0.7955284552845528 0.5 0.09349593495934959 0.10845588235294118
1 0.8715447154471545 0.6217830882352942 0.04552845528455285 0.05974264705882353
1 0.34308943089430893 0.1879595588235294 0.01951219512195122 0.04136029411764706
3 0.11788617886178862 0.28125 0.014634146341463415 0.04044117647058824
1 0.21097560975609755 0.22104779411764705 0.015447154471544716 0.030330882352941176
1 0.3589430894308943 0.21599264705882354 0.05772357723577236 0.05330882352941176
1 0.18821138211382113 0.27619485294117646 0.04959349593495935 0.06525735294117647
1 0.13983739837398373 0.2789522058823529 0.03577235772357724 0.043198529411764705
1 0.1378048780487805 0.29871323529411764 0.034959349593495934 0.051470588235294115
1 0.8585365853658536 0.6714154411764706 0.04878048780487805 0.05238970588235294
1 0.7638211382113821 0.6999080882352942 0.06747967479674796 0.07996323529411764
1 0.6333333333333333 0.23253676470588236 0.03902439024390244 0.034926470588235295
1 0.7105691056910569 0.25597426470588236 0.024390243902439025 0.03216911764705882
1 0.7975609756097561 0.30193014705882354 0.01951219512195122 0.017463235294117647
2 0.7963414634146342 0.3336397058823529 0.04796747967479675 0.04779411764705882
