3 0.33510204081632655 0.8092830882352942 0.06285714285714286 0.07996323529411764
1 0.15061224489795919 0.359375 0.05959183673469388 0.09375
1 0.23795918367346938 0.7904411764705882 0.09551020408163265 0.11397058823529412
1 0.6963265306122449 0.3336397058823529 0.022857142857142857 0.029411764705882353
2 0.35836734693877553 0.14338235294117646 0.0473469387755102 0.029411764705882353
2 0.4089795918367347 0.16222426470588236 0.052244897959183675 0.03216911764705882
2 0.7914285714285715 0.45358455882352944 0.053061224489795916 0.0744485294117647
1 0.6004081632653061 0.21645220588235295 0.018775510204081632 0.02849264705882353
1 0.5808163265306122 0.20680147058823528 0.022040816326530613 0.02389705882352941
1 0.583265306122449 0.22748161764705882 0.0236734693877551 0.02849264705882353
1 0.5677551020408164 0.22748161764705882 0.022040816326530613 0.030330882352941176
1 0.5461224489795918 0.21231617647058823 0.024489795918367346 0.029411764705882353
2 0.6465306122448979 0.22426470588235295 0.022857142857142857 0.02389705882352941
2 0.6632653061224489 0.22472426470588236 0.018775510204081632 0.02665441176470588
2 0.6751020408163265 0.22196691176470587 0.019591836734693877 0.024816176470588234
1 0.6142857142857143 0.2261029411764706 0.013877551020408163 0.016544117647058824
1 0.6191836734693877 0.23713235294117646 0.02040816326530612 0.022058823529411766
1 0.6395918367346939 0.23851102941176472 0.018775510204081632 0.021139705882352942
1 0.6583673469387755 0.24356617647058823 0.015510204081632653 0.022058823529411766
1 0.6706122448979592 0.2348345588235294 0.013877551020408163 0.015625
3 0.68 0.2803308823529412 0.019591836734693877 0.027573529411764705
2 0.5718367346938775 0.3478860294117647 0.13959183673469389 0.11488970588235294
2 0.22489795918367347 0.1557904411764706 0.018775510204081632 0.019301470588235295
2 0.24 0.15992647058823528 0.02122448979591837 0.02389705882352941
2 0.2542857142857143 0.16911764705882354 0.03346938775510204 0.027573529411764705
2 0.21959183673469387 0.15349264705882354 0.013061224489795919 0.016544117647058824
1 0.26979591836734695 0.17784926470588236 0.015510204081632653 0.017463235294117647
2 0.2926530612244898 0.18244485294117646 0.04163265306122449 0.03400735294117647
1 0.34122448979591835 0.21875 0.029387755102040815 0.04779411764705882
1 0.35836734693877553 0.23345588235294118 0.031020408163265307 0.04963235294117647
1 0.32081632653061226 0.20634191176470587 0.031020408163265307 0.03952205882352941
2 0.2330612244897959 0.18933823529411764 0.03510204081632653 0.04044117647058824
1 0.2220408163265306 0.2536764705882353 0.027755102040816326 0.05514705882352941
1 0.8706122448979592 0.6153492647058824 0.02857142857142857 0.03952205882352941
