1 0.1642570281124498 0.36121323529411764 0.06345381526104418 0.09191176470588236
1 0.2497991967871486 0.7931985294117647 0.09317269076305221 0.11397058823529412
3 0.30883534136546187 0.7449448529411765 0.060240963855421686 0.0818014705882353
2 0.2895582329317269 0.15395220588235295 0.02650602409638554 0.019301470588235295
1 0.3453815261044177 0.16176470588235295 0.017670682730923693 0.025735294117647058
1 0.3365461847389558 0.16957720588235295 0.01606425702811245 0.030330882352941176
1 0.42811244979919677 0.20404411764705882 0.030522088353413655 0.03676470588235294
1 0.3293172690763052 0.19715073529411764 0.027309236947791166 0.03952205882352941
1 0.357429718875502 0.22748161764705882 0.033734939759036145 0.04871323529411765
1 0.5180722891566265 0.24540441176470587 0.030522088353413655 0.03860294117647059
2 0.3682730923694779 0.14292279411764705 0.04578313253012048 0.024816176470588234
1 0.42088353413654617 0.16222426470588236 0.05140562248995984 0.030330882352941176
1 0.5429718875502008 0.20082720588235295 0.02570281124497992 0.03400735294117647
1 0.5614457831325301 0.2182904411764706 0.027309236947791166 0.030330882352941176
2 0.7947791164658634 0.4540441176470588 0.05220883534136546 0.07352941176470588
2 0.6666666666666666 0.2265625 0.02248995983935743 0.024816176470588234
2 0.642570281124498 0.22748161764705882 0.024096385542168676 0.02297794117647059
3 0.5024096385542168 0.17876838235294118 0.010441767068273093 0.021139705882352942
3 0.5112449799196788 0.1796875 0.010441767068273093 0.019301470588235295
1 0.5971887550200803 0.20772058823529413 0.012048192771084338 0.01838235294117647
1 0.6124497991967871 0.20955882352941177 0.013654618473895583 0.01838235294117647
1 0.6180722891566265 0.22104779411764705 0.015261044176706828 0.017463235294117647
1 0.619277108433735 0.23161764705882354 0.017670682730923693 0.02022058823529412
1 0.6309236947791165 0.23345588235294118 0.013654618473895583 0.01838235294117647
1 0.6413654618473895 0.23529411764705882 0.012048192771084338 0.01838235294117647
3 0.691566265060241 0.2771139705882353 0.011244979919678716 0.021139705882352942
1 0.6265060240963856 0.3630514705882353 0.04979919678714859 0.06433823529411764
2 0.6409638554216868 0.265625 0.04176706827309237 0.04411764705882353
2 0.5120481927710844 0.2931985294117647 0.11325301204819277 0.08272058823529412
2 0.44819277108433736 0.9278492647058824 0.21044176706827308 0.14246323529411764
1 0.8554216867469879 0.6061580882352942 0.033734939759036145 0.04136029411764706
1 0.8578313253012049 0.6378676470588235 0.030522088353413655 0.04044117647058824
1 0.885140562248996 0.6755514705882353 0.02891566265060241 0.027573529411764705
1 0.8863453815261044 0.7017463235294118 0.03293172690763052 0.030330882352941176
1 0.8799196787148594 0.7265625 0.03775100401606426 0.04136029411764706
1 0.8955823293172691 0.7954963235294118 0.02248995983935743 0.030330882352941176
2 0.2710843373493976 0.16498161764705882 0.021686746987951807 0.024816176470588234
2 0.29397590361445786 0.17876838235294118 0.035341365461847386 0.03216911764705882
1 0.27630522088353415 0.18336397058823528 0.01285140562248996 0.024816176470588234
1 0.29759036144578316 0.18979779411764705 0.023293172690763052 0.03400735294117647
2 0.21204819277108433 0.16314338235294118 0.01606425702811245 0.017463235294117647
2 0.22570281124497993 0.17417279411764705 0.024096385542168676 0.02849264705882353
2 0.24096385542168675 0.19255514705882354 0.0321285140562249 0.035845588235294115
2 0.25622489959839356 0.16176470588235295 0.01927710843373494 0.02022058823529412
1 0.19919678714859437 0.18520220588235295 0.011244979919678716 0.02297794117647059
2 0.28393574297188756 0.2624080882352941 0.07791164658634538 0.07628676470588236
2 0.8803212851405623 0.8515625 0.0321285140562249 0.05238970588235294
2 0.8301204819277108 0.6750919117647058 0.08273092369477912 0.14246323529411764
1 0.7497991967871486 0.4499080882352941 0.04899598393574297 0.04871323529411765
1 0.26586345381526105 0.17830882352941177 0.01285140562248996 0.02389705882352941
