2 0.30040650406504066 0.17601102941176472 0.036585365853658534 0.035845588235294115
2 0.3975609756097561 0.16590073529411764 0.03739837398373984 0.035845588235294115
2 0.48252032520325205 0.16681985294117646 0.03333333333333333 0.030330882352941176
1 0.3410569105691057 0.1875 0.025203252032520326 0.042279411764705885
1 0.308130081300813 0.19439338235294118 0.01788617886178862 0.03216911764705882
1 0.2032520325203252 0.22104779411764705 0.027642276422764227 0.04503676470588235
2 0.09268292682926829 0.34880514705882354 0.056910569105691054 0.0818014705882353
2 0.22398373983739836 0.28125 0.13089430894308943 0.10661764705882353
2 0.8727642276422765 0.3648897058823529 0.013821138211382113 0.02022058823529412
1 0.6434959349593496 0.22794117647058823 0.026829268292682926 0.03308823529411765
2 0.8016260162601626 0.31295955882352944 0.032520325203252036 0.04871323529411765
2 0.8463414634146341 0.3000919117647059 0.011382113821138212 0.013786764705882353
2 0.85 0.3125 0.012195121951219513 0.012867647058823529
2 0.8471544715447155 0.3235294117647059 0.016260162601626018 0.022058823529411766
4 0.8406504065040651 0.40441176470588236 0.07642276422764227 0.11029411764705882
1 0.11747967479674797 0.4954044117647059 0.06747967479674796 0.07352941176470588
1 0.8727642276422765 0.6199448529411765 0.043089430894308944 0.06525735294117647
1 0.24146341463414633 0.20772058823529413 0.022764227642276424 0.03860294117647059
