1 0.22601626016260162 0.9480698529411765 0.055284552845528454 0.0744485294117647
1 0.17845528455284554 0.9159007352941176 0.044715447154471545 0.050551470588235295
1 0.16951219512195123 0.8690257352941176 0.052845528455284556 0.05238970588235294
1 0.48048780487804876 0.16865808823529413 0.02113821138211382 0.024816176470588234
1 0.5077235772357723 0.16590073529411764 0.02032520325203252 0.024816176470588234
1 0.5378048780487805 0.16268382352941177 0.01869918699186992 0.02022058823529412
1 0.5621951219512196 0.1645220588235294 0.02032520325203252 0.022058823529411766
1 0.5857723577235773 0.16268382352941177 0.01707317073170732 0.02022058823529412
1 0.6048780487804878 0.16544117647058823 0.02113821138211382 0.02022058823529412
2 0.7390243902439024 0.21001838235294118 0.06016260162601626 0.03216911764705882
1 0.21991869918699186 0.2633272058823529 0.01707317073170732 0.024816176470588234
2 0.08577235772357723 0.4108455882352941 0.023577235772357725 0.03125
2 0.06544715447154471 0.44485294117647056 0.01707317073170732 0.027573529411764705
1 0.08008130081300813 0.4384191176470588 0.012195121951219513 0.02022058823529412
3 0.056910569105691054 0.5183823529411765 0.016260162601626018 0.022058823529411766
2 0.05772357723577236 0.47794117647058826 0.02113821138211382 0.03125
