1 0.7678861788617887 0.6484375 0.06097560975609756 0.09466911764705882
1 0.4678861788617886 0.30284926470588236 0.06585365853658537 0.07996323529411764
1 0.598780487804878 0.2835477941176471 0.036585365853658534 0.05606617647058824
1 0.3073170731707317 0.19301470588235295 0.01788617886178862 0.03860294117647059
1 0.34146341463414637 0.1875 0.022764227642276424 0.04595588235294118
1 0.4211382113821138 0.19623161764705882 0.05365853658536585 0.050551470588235295
2 0.2975609756097561 0.17693014705882354 0.03902439024390244 0.03952205882352941
2 0.39634146341463417 0.16314338235294118 0.03983739837398374 0.035845588235294115
2 0.574390243902439 0.3782169117647059 0.18943089430894308 0.1130514705882353
2 0.6780487804878049 0.24632352941176472 0.06666666666666667 0.04963235294117647
4 0.8422764227642277 0.4053308823529412 0.08292682926829269 0.11397058823529412
2 0.47804878048780486 0.16130514705882354 0.04065040650406504 0.03952205882352941
2 0.766260162601626 0.2679227941176471 0.03008130081300813 0.030330882352941176
2 0.7995934959349593 0.27987132352941174 0.02032520325203252 0.02297794117647059
2 0.8199186991869919 0.29549632352941174 0.01869918699186992 0.017463235294117647
2 0.8121951219512196 0.3056066176470588 0.02113821138211382 0.021139705882352942
2 0.8353658536585366 0.29825367647058826 0.015447154471544716 0.019301470588235295
1 0.8727642276422765 0.6245404411764706 0.046341463414634146 0.06893382352941177
1 0.2032520325203252 0.21783088235294118 0.03414634146341464 0.04779411764705882
1 0.24308943089430896 0.20634191176470587 0.02113821138211382 0.03768382352941176
