3 0.8296747967479675 0.5615808823529411 0.07560975609756097 0.11764705882352941
2 0.5024390243902439 0.18244485294117646 0.08943089430894309 0.050551470588235295
2 0.2528455284552846 0.25827205882352944 0.08292682926829269 0.058823529411764705
3 0.9426829268292682 0.47012867647058826 0.026829268292682926 0.04503676470588235
3 0.9565040650406504 0.48253676470588236 0.03008130081300813 0.034926470588235295
3 0.9585365853658536 0.5018382352941176 0.024390243902439025 0.034926470588235295
3 0.9601626016260163 0.5197610294117647 0.027642276422764227 0.03952205882352941
3 0.366260162601626 0.18382352941176472 0.01707317073170732 0.025735294117647058
2 0.8674796747967479 0.2647058823529412 0.027642276422764227 0.029411764705882353
3 0.07845528455284553 0.6291360294117647 0.03170731707317073 0.04503676470588235
3 0.08008130081300813 0.5946691176470589 0.025203252032520326 0.042279411764705885
3 0.08577235772357723 0.5772058823529411 0.03333333333333333 0.04595588235294118
2 0.08292682926829269 0.49356617647058826 0.04227642276422764 0.07352941176470588
1 0.21747967479674796 0.9278492647058824 0.06422764227642276 0.06525735294117647
