2 0.8872395833333333 0.22838541666666667 0.0203125 0.018229166666666668
2 0.5716145833333334 0.019791666666666666 0.034895833333333334 0.029166666666666667
3 0.20833333333333334 0.13802083333333334 0.016666666666666666 0.021875
3 0.2 0.1359375 0.01875 0.015625
3 0.19739583333333333 0.14192708333333334 0.019791666666666666 0.019270833333333334
3 0.1890625 0.14166666666666666 0.017708333333333333 0.026041666666666668
3 0.07473958333333333 0.33645833333333336 0.0328125 0.01875
3 0.14557291666666666 0.365625 0.04114583333333333 0.020833333333333332
3 0.13385416666666666 0.39010416666666664 0.042708333333333334 0.01875
3 0.1984375 0.3997395833333333 0.046875 0.022395833333333334
1 0.80703125 0.10625 0.013020833333333334 0.020833333333333332
1 0.8205729166666667 0.10911458333333333 0.011979166666666667 0.0171875
1 0.821875 0.12395833333333334 0.014583333333333334 0.019791666666666666
1 0.8377604166666667 0.1359375 0.0140625 0.021875
1 0.8231770833333333 0.14244791666666667 0.016145833333333335 0.021354166666666667
1 0.84375 0.17708333333333334 0.019791666666666666 0.022916666666666665
1 0.8098958333333334 0.17213541666666668 0.023958333333333335 0.028645833333333332
1 0.7760416666666666 0.16015625 0.029166666666666667 0.03177083333333333
1 0.51171875 0.12942708333333333 0.04635416666666667 0.0484375
1 0.07760416666666667 0.2635416666666667 0.023958333333333335 0.019791666666666666
1 0.0671875 0.32526041666666666 0.027083333333333334 0.015104166666666667
1 0.017447916666666667 0.3028645833333333 0.0109375 0.0078125
1 0.55625 0.010677083333333334 0.011458333333333333 0.0203125
2 0.48463541666666665 0.44140625 0.20885416666666667 0.14010416666666667
2 0.0734375 0.25078125 0.028125 0.025520833333333333
0 0.95234375 0.5856770833333333 0.0578125 0.0640625
2 0.027083333333333334 0.28958333333333336 0.01875 0.01875
2 0.046875 0.2703125 0.020833333333333332 0.022916666666666665
2 0.7760416666666666 0.10390625 0.036458333333333336 0.04010416666666667
0 0.7796875 0.05546875 0.03229166666666667 0.04010416666666667
0 0.6203125 0.018489583333333334 0.058333333333333334 0.0359375
2 0.09895833333333333 0.19583333333333333 0.027083333333333334 0.029166666666666667
1 0.9388020833333334 0.4041666666666667 0.030729166666666665 0.023958333333333335
1 0.90703125 0.33645833333333336 0.0328125 0.030208333333333334
1 0.8815104166666666 0.5700520833333333 0.0390625 0.025520833333333333
1 0.8822916666666667 0.5911458333333334 0.0375 0.028125
1 0.9065104166666667 0.6229166666666667 0.03177083333333333 0.020833333333333332
1 0.9559895833333333 0.6260416666666667 0.019270833333333334 0.0125
2 0.84296875 0.4544270833333333 0.06614583333333333 0.08385416666666666
2 0.8916666666666667 0.5239583333333333 0.04583333333333333 0.059375
2 0.9309895833333334 0.62109375 0.0265625 0.024479166666666666
2 0.7440104166666667 0.12838541666666667 0.05677083333333333 0.0390625
2 0.5364583333333334 0.10364583333333334 0.10520833333333333 0.051041666666666666
2 0.9197916666666667 0.5614583333333333 0.03958333333333333 0.036458333333333336
3 0.8614583333333333 0.15833333333333333 0.014583333333333334 0.017708333333333333
2 0.04296875 0.334375 0.027604166666666666 0.022916666666666665
