2 0.2991869918699187 0.17325367647058823 0.04227642276422764 0.043198529411764705
2 0.39390243902439026 0.16590073529411764 0.04796747967479675 0.043198529411764705
1 0.34308943089430893 0.18612132352941177 0.026016260162601626 0.04871323529411765
4 0.11382113821138211 0.4131433823529412 0.14796747967479676 0.19944852941176472
2 0.16219512195121952 0.2766544117647059 0.1016260162601626 0.09191176470588236
1 0.8707317073170732 0.6231617647058824 0.04878048780487805 0.06066176470588235
1 0.8300813008130081 0.42141544117647056 0.026016260162601626 0.03768382352941176
1 0.8491869918699188 0.7095588235294118 0.052845528455284556 0.05698529411764706
1 0.5475609756097561 0.2035845588235294 0.03983739837398374 0.03768382352941176
2 0.8150406504065041 0.3014705882352941 0.023577235772357725 0.025735294117647058
