1 0.17258064516129032 0.6861213235294118 0.07903225806451612 0.06709558823529412
1 0.7298387096774194 0.3818933823529412 0.025806451612903226 0.02849264705882353
1 0.7419354838709677 0.39797794117647056 0.024193548387096774 0.027573529411764705
1 0.75 0.41130514705882354 0.025806451612903226 0.03216911764705882
1 0.6358870967741935 0.3635110294117647 0.042741935483870966 0.05422794117647059
1 0.34153225806451615 0.7545955882352942 0.07016129032258064 0.15992647058823528
2 0.3225806451612903 0.16911764705882354 0.04032258064516129 0.03125
2 0.39838709677419354 0.21277573529411764 0.07580645161290323 0.04871323529411765
0 0.8080645161290323 0.6075367647058824 0.23225806451612904 0.3639705882352941
2 0.2899193548387097 0.18428308823529413 0.03951612903225806 0.03400735294117647
2 0.26048387096774195 0.17325367647058823 0.03387096774193549 0.02849264705882353
1 0.3133064516129032 0.19852941176470587 0.016935483870967744 0.03308823529411765
1 0.3286290322580645 0.2026654411764706 0.020161290322580645 0.03400735294117647
1 0.5705645161290323 0.20726102941176472 0.016935483870967744 0.02297794117647059
2 0.6544354838709677 0.22886029411764705 0.02338709677419355 0.02389705882352941
2 0.635483870967742 0.23023897058823528 0.027419354838709678 0.024816176470588234
