2 0.8046875 0.12729779411764705 0.04479166666666667 0.07996323529411764
1 0.8606770833333334 0.53125 0.043229166666666666 0.06985294117647059
1 0.11119791666666666 0.8920036764705882 0.0390625 0.10753676470588236
1 0.02578125 0.8414522058823529 0.0265625 0.07628676470588236
1 0.049479166666666664 0.8465073529411765 0.03229166666666667 0.0974264705882353
2 0.0765625 0.2679227941176471 0.03125 0.06709558823529412
3 0.6151041666666667 0.058823529411764705 0.017708333333333333 0.058823529411764705
1 0.8265625 0.16819852941176472 0.014583333333333334 0.027573529411764705
1 0.8096354166666667 0.1488970588235294 0.0203125 0.03308823529411765
1 0.7088541666666667 0.5634191176470589 0.096875 0.15625
1 0.7739583333333333 0.8189338235294118 0.08854166666666667 0.125
1 0.75390625 0.10294117647058823 0.024479166666666666 0.04411764705882353
