2 0.2991869918699187 0.17876838235294118 0.04227642276422764 0.03768382352941176
2 0.39715447154471545 0.1636029411764706 0.046341463414634146 0.04411764705882353
2 0.7963414634146342 0.5009191176470589 0.0951219512195122 0.10661764705882353
2 0.6853658536585366 0.6870404411764706 0.13008130081300814 0.29503676470588236
1 0.8731707317073171 0.6199448529411765 0.04715447154471545 0.06158088235294118
1 0.34552845528455284 0.1870404411764706 0.02113821138211382 0.04503676470588235
3 0.25121951219512195 0.7996323529411765 0.061788617886178863 0.058823529411764705
1 0.8548780487804878 0.6714154411764706 0.05121951219512195 0.05238970588235294
1 0.8463414634146341 0.7104779411764706 0.05853658536585366 0.05698529411764706
1 0.7922764227642276 0.2821691176470588 0.012195121951219513 0.016544117647058824
1 0.8247967479674797 0.296875 0.013821138211382113 0.012867647058823529
1 0.8056910569105691 0.29825367647058826 0.013008130081300813 0.013786764705882353
1 0.8085365853658537 0.3115808823529412 0.01869918699186992 0.02022058823529412
1 0.7658536585365854 0.2665441176470588 0.016260162601626018 0.022058823529411766
1 0.7459349593495935 0.26516544117647056 0.025203252032520326 0.02665441176470588
1 0.7252032520325203 0.24586397058823528 0.02113821138211382 0.024816176470588234
2 0.8524390243902439 0.31525735294117646 0.012195121951219513 0.012867647058823529
2 0.8597560975609756 0.34420955882352944 0.015447154471544716 0.017463235294117647
2 0.8390243902439024 0.32674632352941174 0.01788617886178862 0.021139705882352942
2 0.824390243902439 0.3313419117647059 0.026016260162601626 0.02849264705882353
2 0.8256097560975609 0.3694852941176471 0.03170731707317073 0.04779411764705882
2 0.7439024390243902 0.3161764705882353 0.07317073170731707 0.05514705882352941
1 0.5873983739837398 0.21645220588235295 0.03333333333333333 0.03400735294117647
1 0.5073170731707317 0.22840073529411764 0.04715447154471545 0.046875
2 0.7373983739837399 0.37224264705882354 0.0959349593495935 0.08639705882352941
1 0.8333333333333334 0.4108455882352941 0.032520325203252036 0.03125
1 0.12845528455284552 0.28262867647058826 0.04390243902439024 0.05606617647058824
1 0.08048780487804878 0.3506433823529412 0.026016260162601626 0.03952205882352941
1 0.32642276422764227 0.23897058823529413 0.06422764227642276 0.07536764705882353
1 0.26422764227642276 0.22334558823529413 0.05365853658536585 0.06066176470588235
4 0.13495934959349593 0.2568933823529412 0.06829268292682927 0.08547794117647059
1 0.33252032520325203 0.3552389705882353 0.08292682926829269 0.078125
2 0.3 0.328125 0.18048780487804877 0.11397058823529412
2 0.4715447154471545 0.41268382352941174 0.23902439024390243 0.1488970588235294
