1 0.27877551020408164 0.21369485294117646 0.008979591836734694 0.015625
1 0.2885714285714286 0.2104779411764706 0.008979591836734694 0.016544117647058824
1 0.2689795918367347 0.2182904411764706 0.008979591836734694 0.011948529411764705
1 0.2559183673469388 0.22196691176470587 0.008979591836734694 0.015625
1 0.24326530612244898 0.22748161764705882 0.00816326530612245 0.013786764705882353
1 0.2236734693877551 0.2270220588235294 0.00816326530612245 0.011029411764705883
2 0.2563265306122449 0.21001838235294118 0.026122448979591838 0.013786764705882353
1 0.5155102040816326 0.2192095588235294 0.015510204081632653 0.013786764705882353
2 0.7073469387755102 0.29641544117647056 0.02857142857142857 0.02665441176470588
1 0.8579591836734693 0.4641544117647059 0.019591836734693877 0.02389705882352941
1 0.8677551020408163 0.4806985294117647 0.02122448979591837 0.025735294117647058
1 0.8804081632653061 0.5004595588235294 0.02040816326530612 0.024816176470588234
1 0.743265306122449 0.32628676470588236 0.013877551020408163 0.016544117647058824
2 0.7395918367346939 0.3157169117647059 0.02122448979591837 0.019301470588235295
