2 0.98828125 0.46041666666666664 0.018229166666666668 0.03125
2 0.9869791666666666 0.48515625 0.014583333333333334 0.019270833333333334
2 0.9768229166666667 0.47265625 0.018229166666666668 0.028645833333333332
2 0.8880208333333334 0.228125 0.020833333333333332 0.01875
3 0.20364583333333333 0.13880208333333333 0.022916666666666665 0.0234375
0 0.9455729166666667 0.6236979166666666 0.05364583333333333 0.0515625
1 0.17578125 0.19765625 0.03177083333333333 0.0265625
1 0.134375 0.21432291666666667 0.028125 0.0234375
1 0.14401041666666667 0.33489583333333334 0.0421875 0.026041666666666668
1 0.055989583333333336 0.265625 0.018229166666666668 0.011458333333333333
1 0.04010416666666667 0.29973958333333334 0.017708333333333333 0.0109375
4 0.8158854166666667 0.07473958333333333 0.022395833333333334 0.024479166666666666
2 0.9458333333333333 0.4432291666666667 0.035416666666666666 0.04791666666666667
1 0.9026041666666667 0.5453125 0.034375 0.019791666666666666
3 0.0765625 0.3528645833333333 0.028125 0.0140625
1 0.78359375 0.18255208333333334 0.0234375 0.03697916666666667
1 0.7557291666666667 0.19270833333333334 0.034375 0.042708333333333334
1 0.7520833333333333 0.11484375 0.017708333333333333 0.0265625
1 0.3424479166666667 0.3065104166666667 0.0703125 0.059895833333333336
1 0.28151041666666665 0.16432291666666668 0.04010416666666667 0.0359375
1 0.5463541666666667 0.044270833333333336 0.015625 0.03333333333333333
1 0.5244791666666667 0.04114583333333333 0.015625 0.035416666666666666
1 0.36770833333333336 0.05078125 0.019791666666666666 0.027604166666666666
1 0.54921875 0.010677083333333334 0.0109375 0.0203125
1 0.5744791666666667 0.014583333333333334 0.014583333333333334 0.023958333333333335
2 0.6010416666666667 0.026302083333333334 0.03125 0.0265625
1 0.029427083333333333 0.3020833333333333 0.0140625 0.009375
2 0.026822916666666665 0.28203125 0.0140625 0.013020833333333334
2 0.01484375 0.29765625 0.0109375 0.0140625
2 0.55234375 0.11875 0.11510416666666666 0.058333333333333334
2 0.28203125 0.09791666666666667 0.06927083333333334 0.06041666666666667
