2 0.6224899598393574 0.10891544117647059 0.03855421686746988 0.024816176470588234
2 0.5742971887550201 0.08272058823529412 0.027309236947791166 0.016544117647058824
2 0.3522088353413655 0.11213235294117647 0.021686746987951807 0.011029411764705883
2 0.3329317269076305 0.13143382352941177 0.03775100401606426 0.025735294117647058
2 0.3076305220883534 0.4053308823529412 0.1140562248995984 0.25183823529411764
2 0.45863453815261046 0.08639705882352941 0.02570281124497992 0.014705882352941176
2 0.4598393574297189 0.09972426470588236 0.028112449799196786 0.024816176470588234
3 0.3248995983935743 0.25275735294117646 0.03453815261044177 0.05698529411764706
3 0.3068273092369478 0.26516544117647056 0.02570281124497992 0.03768382352941176
3 0.329718875502008 0.2532169117647059 0.020080321285140562 0.03768382352941176
0 0.13052208835341367 0.6383272058823529 0.1678714859437751 0.6295955882352942
3 0.7947791164658634 0.21231617647058823 0.015261044176706828 0.027573529411764705
1 0.7598393574297189 0.20404411764705882 0.02570281124497992 0.03125
1 0.8016064257028113 0.2647058823529412 0.030522088353413655 0.04044117647058824
1 0.8369477911646587 0.3115808823529412 0.030522088353413655 0.034926470588235295
2 0.5738955823293173 0.43106617647058826 0.20963855421686747 0.24080882352941177
2 0.28473895582329317 0.20128676470588236 0.07309236947791165 0.06801470588235294
1 0.18835341365461847 0.2693014705882353 0.020080321285140562 0.03125
2 0.41927710843373495 0.09834558823529412 0.02248995983935743 0.02022058823529412
2 0.43172690763052207 0.0859375 0.018473895582329317 0.015625
2 0.4004016064257028 0.09420955882352941 0.021686746987951807 0.019301470588235295
2 0.3855421686746988 0.10615808823529412 0.02248995983935743 0.015625
2 0.3714859437751004 0.12270220588235294 0.03453815261044177 0.024816176470588234
2 0.9032128514056225 0.3552389705882353 0.04096385542168675 0.06341911764705882
