2 0.9885416666666667 0.46119791666666665 0.017708333333333333 0.030729166666666665
2 0.9848958333333333 0.4864583333333333 0.017708333333333333 0.019791666666666666
2 0.9760416666666667 0.47317708333333336 0.017708333333333333 0.030729166666666665
2 0.8877604166666667 0.228125 0.0234375 0.01875
1 0.8216145833333334 0.10729166666666666 0.011979166666666667 0.015625
2 0.04973958333333333 0.23671875 0.0171875 0.019270833333333334
2 0.08307291666666666 0.22838541666666667 0.0265625 0.0296875
1 0.15390625 0.17526041666666667 0.021354166666666667 0.024479166666666666
1 0.18776041666666668 0.18723958333333332 0.034895833333333334 0.030729166666666665
1 0.10520833333333333 0.23359375 0.025 0.0203125
1 0.09244791666666667 0.29765625 0.0328125 0.0203125
1 0.07604166666666666 0.31796875 0.028125 0.021354166666666667
1 0.05286458333333333 0.27578125 0.0171875 0.0109375
1 0.04375 0.27291666666666664 0.014583333333333334 0.011458333333333333
2 0.94921875 0.6294270833333333 0.022395833333333334 0.022395833333333334
1 0.9354166666666667 0.44609375 0.030208333333333334 0.0171875
1 0.9325520833333333 0.46067708333333335 0.03177083333333333 0.0171875
2 0.9700520833333334 0.50234375 0.027604166666666666 0.03802083333333333
1 0.97578125 0.6130208333333333 0.011979166666666667 0.00625
1 0.9807291666666667 0.6174479166666667 0.010416666666666666 0.0078125
