2 0.7165322580645161 0.40579044117647056 0.0814516129032258 0.09283088235294118
1 0.17096774193548386 0.6847426470588235 0.07903225806451612 0.0661764705882353
1 0.7205645161290323 0.36994485294117646 0.02338709677419355 0.024816176470588234
1 0.8604838709677419 0.6548713235294118 0.041935483870967745 0.043198529411764705
1 0.7967741935483871 0.6079963235294118 0.04838709677419355 0.06158088235294118
1 0.6899193548387097 0.3952205882352941 0.03951612903225806 0.05514705882352941
1 0.6463709677419355 0.3249080882352941 0.031451612903225803 0.043198529411764705
1 0.6616935483870968 0.25643382352941174 0.016935483870967744 0.025735294117647058
1 0.6185483870967742 0.2633272058823529 0.024193548387096774 0.030330882352941176
1 0.3758064516129032 0.18474264705882354 0.025806451612903226 0.03308823529411765
2 0.46411290322580645 0.2665441176470588 0.09435483870967742 0.07536764705882353
2 0.785483870967742 0.5330882352941176 0.09032258064516129 0.09926470588235294
2 0.33064516129032256 0.18198529411764705 0.04032258064516129 0.029411764705882353
2 0.2754032258064516 0.17830882352941177 0.03790322580645161 0.029411764705882353
1 0.29838709677419356 0.18887867647058823 0.01935483870967742 0.02665441176470588
1 0.27741935483870966 0.19347426470588236 0.020967741935483872 0.02665441176470588
2 0.6334677419354838 0.22012867647058823 0.029838709677419355 0.02665441176470588
2 0.6580645161290323 0.22058823529411764 0.027419354838709678 0.03308823529411765
1 0.5685483870967742 0.20680147058823528 0.017741935483870968 0.02022058823529412
1 0.5879032258064516 0.20634191176470587 0.016129032258064516 0.021139705882352942
1 0.6133064516129032 0.23115808823529413 0.013709677419354839 0.015625
1 0.625 0.23253676470588236 0.016129032258064516 0.02022058823529412
1 0.25887096774193546 0.7284007352941176 0.06612903225806452 0.13694852941176472
