2 0.4736111111111111 0.07123161764705882 0.07685185185185185 0.057904411764705885
2 0.01898148148148148 0.5969669117647058 0.028703703703703703 0.03768382352941176
2 0.8462962962962963 0.15211397058823528 0.03148148148148148 0.03216911764705882
4 0.8268518518518518 0.13878676470588236 0.037037037037037035 0.04044117647058824
1 0.8356481481481481 0.17279411764705882 0.026851851851851852 0.027573529411764705
2 0.7893518518518519 0.13878676470588236 0.04351851851851852 0.04044117647058824
2 0.7444444444444445 0.10294117647058823 0.05555555555555555 0.029411764705882353
2 0.6680555555555555 0.0974264705882353 0.0824074074074074 0.042279411764705885
2 0.7412037037037037 0.13097426470588236 0.07314814814814814 0.050551470588235295
2 0.1050925925925926 0.5909926470588235 0.06574074074074074 0.07720588235294118
1 0.5111111111111111 0.0974264705882353 0.044444444444444446 0.04779411764705882
1 0.5962962962962963 0.2945772058823529 0.06481481481481481 0.06158088235294118
1 0.6916666666666667 0.19761029411764705 0.05 0.058823529411764705
1 0.29814814814814816 0.5096507352941176 0.08518518518518518 0.05606617647058824
1 0.33611111111111114 0.17371323529411764 0.05185185185185185 0.06433823529411764
1 0.5333333333333333 0.8000919117647058 0.040740740740740744 0.08363970588235294
1 0.587037037037037 0.8019301470588235 0.044444444444444446 0.06341911764705882
0 0.040740740740740744 0.7192095588235294 0.040740740740740744 0.046875
0 0.06574074074074074 0.7454044117647058 0.05 0.04779411764705882
0 0.0962962962962963 0.18612132352941177 0.03888888888888889 0.04503676470588235
1 0.10925925925925926 0.17049632352941177 0.012962962962962963 0.013786764705882353
2 0.059722222222222225 0.2647058823529412 0.021296296296296296 0.027573529411764705
2 0.0712962962962963 0.25643382352941174 0.020370370370370372 0.025735294117647058
1 0.062037037037037036 0.2853860294117647 0.022222222222222223 0.019301470588235295
1 0.0587962962962963 0.29503676470588236 0.017592592592592594 0.014705882352941176
1 0.05277777777777778 0.3069852941176471 0.022222222222222223 0.01838235294117647
2 0.05185185185185185 0.5298713235294118 0.040740740740740744 0.06709558823529412
2 0.09537037037037037 0.38419117647058826 0.05925925925925926 0.10110294117647059
2 0.09583333333333334 0.7233455882352942 0.041666666666666664 0.03860294117647059
2 0.2675925925925926 0.8598345588235294 0.07962962962962963 0.05606617647058824
2 0.5407407407407407 0.9535845588235294 0.06296296296296296 0.03216911764705882
