2 0.7169354838709677 0.40670955882352944 0.08064516129032258 0.09099264705882353
1 0.17096774193548386 0.6856617647058824 0.07903225806451612 0.0661764705882353
1 0.7217741935483871 0.36994485294117646 0.02258064516129032 0.024816176470588234
1 0.8080645161290323 0.5409007352941176 0.0467741935483871 0.03768382352941176
1 0.8084677419354839 0.5625 0.04758064516129032 0.042279411764705885
1 0.7995967741935484 0.5896139705882353 0.055645161290322584 0.04871323529411765
1 0.7911290322580645 0.6346507352941176 0.05967741935483871 0.06158088235294118
1 0.8221774193548387 0.7113970588235294 0.04435483870967742 0.05514705882352941
1 0.853225806451613 0.7909007352941176 0.037096774193548385 0.04503676470588235
1 0.25483870967741934 0.7238051470588235 0.06612903225806452 0.12775735294117646
1 0.6790322580645162 0.25643382352941174 0.012903225806451613 0.01838235294117647
2 0.8685483870967742 0.6989889705882353 0.05 0.08547794117647059
2 0.8560483870967742 0.7568933823529411 0.05241935483870968 0.10386029411764706
2 0.542741935483871 0.21185661764705882 0.06774193548387097 0.03952205882352941
2 0.6193548387096774 0.22840073529411764 0.03387096774193549 0.03400735294117647
2 0.5463709677419355 0.5886948529411765 0.1685483870967742 0.2766544117647059
2 0.7641129032258065 0.7306985294117647 0.10080645161290322 0.16544117647058823
2 0.8233870967741935 0.5335477941176471 0.07580645161290323 0.09466911764705882
4 0.43629032258064515 0.18520220588235295 0.08548387096774193 0.050551470588235295
2 0.294758064516129 0.15854779411764705 0.02661290322580645 0.021139705882352942
2 0.2810483870967742 0.1801470588235294 0.03790322580645161 0.029411764705882353
1 0.34233870967741936 0.18382352941176472 0.016935483870967744 0.029411764705882353
1 0.24879032258064515 0.15992647058823528 0.010483870967741936 0.016544117647058824
1 0.2693548387096774 0.1645220588235294 0.014516129032258065 0.02022058823529412
1 0.2540322580645161 0.18979779411764705 0.014516129032258065 0.024816176470588234
1 0.1939516129032258 0.21553308823529413 0.01532258064516129 0.02665441176470588
2 0.6564516129032258 0.22242647058823528 0.020967741935483872 0.02022058823529412
3 0.3064516129032258 0.8092830882352942 0.07096774193548387 0.06341911764705882
