2 0.4736111111111111 0.07077205882352941 0.07314814814814814 0.05698529411764706
2 0.019444444444444445 0.5965073529411765 0.027777777777777776 0.03860294117647059
4 0.1574074074074074 0.11443014705882353 0.022222222222222223 0.021139705882352942
4 0.8263888888888888 0.13694852941176472 0.041666666666666664 0.04044117647058824
2 0.7912037037037037 0.13878676470588236 0.049074074074074076 0.03860294117647059
2 0.7430555555555556 0.13143382352941177 0.075 0.04963235294117647
2 0.6680555555555555 0.09972426470588236 0.0824074074074074 0.04503676470588235
1 0.33564814814814814 0.17509191176470587 0.05092592592592592 0.057904411764705885
1 0.5199074074074074 0.08547794117647059 0.03796296296296296 0.04411764705882353
1 0.538425925925926 0.7780330882352942 0.04722222222222222 0.07261029411764706
2 0.5212962962962963 0.8579963235294118 0.10555555555555556 0.078125
2 0.15138888888888888 0.12821691176470587 0.017592592592592594 0.019301470588235295
2 0.14305555555555555 0.14292279411764705 0.017592592592592594 0.019301470588235295
4 0.12824074074074074 0.16268382352941177 0.026851851851851852 0.029411764705882353
2 0.060648148148148145 0.26424632352941174 0.021296296296296296 0.02665441176470588
1 0.06388888888888888 0.2835477941176471 0.022222222222222223 0.019301470588235295
1 0.05648148148148148 0.29549632352941174 0.020370370370370372 0.017463235294117647
2 0.05648148148148148 0.6810661764705882 0.02962962962962963 0.034926470588235295
2 0.055092592592592596 0.7072610294117647 0.025 0.02665441176470588
2 0.08287037037037037 0.7334558823529411 0.026851851851851852 0.027573529411764705
1 0.075 0.7003676470588235 0.027777777777777776 0.02022058823529412
1 0.0875 0.7279411764705882 0.028703703703703703 0.02022058823529412
1 0.10277777777777777 0.7467830882352942 0.027777777777777776 0.02297794117647059
2 0.5398148148148149 0.9535845588235294 0.06111111111111111 0.035845588235294115
