3 0.634959349593496 0.2697610294117647 0.030894308943089432 0.05606617647058824
3 0.717479674796748 0.6254595588235294 0.06585365853658537 0.09466911764705882
1 0.29308943089430894 0.2601102941176471 0.028455284552845527 0.04595588235294118
1 0.4975609756097561 0.20634191176470587 0.02926829268292683 0.043198529411764705
1 0.8121951219512196 0.2913602941176471 0.032520325203252036 0.04963235294117647
3 0.8032520325203252 0.3625919117647059 0.026016260162601626 0.08363970588235294
3 0.7890243902439025 0.3662683823529412 0.03170731707317073 0.08731617647058823
1 0.17357723577235773 0.3837316176470588 0.038211382113821135 0.050551470588235295
2 0.19878048780487806 0.4963235294117647 0.11788617886178862 0.17647058823529413
1 0.6365853658536585 0.17509191176470587 0.027642276422764227 0.035845588235294115
1 0.7272357723577236 0.20128676470588236 0.03008130081300813 0.03308823529411765
2 0.5069105691056911 0.17509191176470587 0.05772357723577236 0.04136029411764706
3 0.45121951219512196 0.16819852941176472 0.016260162601626018 0.027573529411764705
2 0.09146341463414634 0.40027573529411764 0.03170731707317073 0.035845588235294115
2 0.07154471544715447 0.4149816176470588 0.022764227642276424 0.02665441176470588
2 0.05365853658536585 0.4489889705882353 0.01951219512195122 0.035845588235294115
2 0.06585365853658537 0.44347426470588236 0.022764227642276424 0.04871323529411765
1 0.20894308943089432 0.9048713235294118 0.06341463414634146 0.06893382352941177
3 0.09634146341463415 0.4260110294117647 0.01869918699186992 0.02849264705882353
