1 0.14538152610441768 0.35018382352941174 0.02248995983935743 0.01838235294117647
1 0.142570281124498 0.36075367647058826 0.024899598393574297 0.019301470588235295
1 0.13815261044176708 0.36994485294117646 0.02570281124497992 0.019301470588235295
1 0.13453815261044177 0.3795955882352941 0.024899598393574297 0.02022058823529412
1 0.12931726907630522 0.3915441176470588 0.02570281124497992 0.022058823529411766
1 0.12449799196787148 0.40487132352941174 0.02570281124497992 0.024816176470588234
1 0.11927710843373494 0.42325367647058826 0.02650602409638554 0.021139705882352942
1 0.11044176706827309 0.4453125 0.024899598393574297 0.02849264705882353
1 0.10200803212851406 0.47380514705882354 0.02570281124497992 0.02665441176470588
1 0.09598393574297188 0.5027573529411765 0.024899598393574297 0.03125
1 0.08674698795180723 0.7270220588235294 0.02570281124497992 0.027573529411764705
1 0.09036144578313253 0.7550551470588235 0.02971887550200803 0.02849264705882353
1 0.10441767068273092 0.8152573529411765 0.024096385542168676 0.02022058823529412
1 0.7232931726907631 0.17784926470588236 0.03132530120481928 0.030330882352941176
1 0.7465863453815261 0.1957720588235294 0.024899598393574297 0.025735294117647058
1 0.7598393574297189 0.21461397058823528 0.0321285140562249 0.02849264705882353
1 0.880722891566265 0.45496323529411764 0.04257028112449799 0.06985294117647059
1 0.19156626506024096 0.2587316176470588 0.018473895582329317 0.02665441176470588
1 0.20200803212851406 0.26378676470588236 0.023293172690763052 0.029411764705882353
1 0.7763052208835342 0.23299632352941177 0.028112449799196786 0.02849264705882353
1 0.7911646586345381 0.24862132352941177 0.0321285140562249 0.02849264705882353
1 0.802008032128514 0.2688419117647059 0.03293172690763052 0.030330882352941176
1 0.8285140562248996 0.3046875 0.03293172690763052 0.03216911764705882
1 0.844578313253012 0.3336397058823529 0.03453815261044177 0.04044117647058824
1 0.1791164658634538 0.27987132352941174 0.02570281124497992 0.02665441176470588
1 0.18755020080321286 0.29503676470588236 0.02971887550200803 0.03308823529411765
1 0.8863453815261044 0.34558823529411764 0.020080321285140562 0.025735294117647058
2 0.5718875502008032 0.08363970588235294 0.02248995983935743 0.014705882352941176
2 0.9028112449799197 0.35431985294117646 0.036947791164658635 0.050551470588235295
2 0.9385542168674699 0.42463235294117646 0.02650602409638554 0.04595588235294118
3 0.0783132530120482 0.5762867647058824 0.03453815261044177 0.03125
0 0.5369477911646586 0.08409926470588236 0.05060240963855422 0.04136029411764706
0 0.42008032128514056 0.07536764705882353 0.027309236947791166 0.027573529411764705
2 0.457429718875502 0.0978860294117647 0.03132530120481928 0.02665441176470588
2 0.457429718875502 0.07720588235294118 0.021686746987951807 0.014705882352941176
2 0.3859437751004016 0.09145220588235294 0.018473895582329317 0.015625
2 0.35180722891566263 0.11167279411764706 0.02570281124497992 0.019301470588235295
3 0.685140562248996 0.13832720588235295 0.01285140562248996 0.02297794117647059
2 0.3718875502008032 0.1015625 0.020883534136546186 0.017463235294117647
2 0.9614457831325302 0.5551470588235294 0.01927710843373494 0.04595588235294118
