2 0.7165322580645161 0.4053308823529412 0.0814516129032258 0.09375
1 0.17096774193548386 0.6847426470588235 0.07903225806451612 0.0661764705882353
1 0.7209677419354839 0.3694852941176471 0.024193548387096774 0.025735294117647058
1 0.5286290322580646 0.8975183823529411 0.11854838709677419 0.09466911764705882
1 0.3907258064516129 0.9136029411764706 0.07983870967741935 0.10477941176470588
1 0.3350806451612903 0.19990808823529413 0.03306451612903226 0.046875
1 0.35766129032258065 0.22288602941176472 0.04112903225806452 0.057904411764705885
2 0.6512096774193549 0.42371323529411764 0.13306451612903225 0.12867647058823528
2 0.43870967741935485 0.4977022058823529 0.2064516129032258 0.25275735294117646
2 0.27983870967741936 0.17830882352941177 0.041935483870967745 0.029411764705882353
1 0.30443548387096775 0.18612132352941177 0.02338709677419355 0.03400735294117647
1 0.27903225806451615 0.19347426470588236 0.020967741935483872 0.030330882352941176
2 0.6338709677419355 0.22104779411764705 0.027419354838709678 0.02665441176470588
2 0.6580645161290323 0.22012867647058823 0.027419354838709678 0.03216911764705882
1 0.584274193548387 0.20772058823529413 0.013709677419354839 0.02022058823529412
1 0.6254032258064516 0.23253676470588236 0.01532258064516129 0.02022058823529412
1 0.6399193548387097 0.23621323529411764 0.01532258064516129 0.01838235294117647
