2 0.8046875 0.12821691176470587 0.04375 0.07996323529411764
0 0.9364583333333333 0.3382352941176471 0.021875 0.04595588235294118
1 0.8604166666666667 0.5303308823529411 0.041666666666666664 0.07169117647058823
1 0.11119791666666666 0.8924632352941176 0.0390625 0.10845588235294118
1 0.026041666666666668 0.8414522058823529 0.027083333333333334 0.07628676470588236
1 0.04921875 0.8465073529411765 0.033854166666666664 0.09926470588235294
2 0.07630208333333334 0.2679227941176471 0.03177083333333333 0.06709558823529412
3 0.8583333333333333 0.47702205882352944 0.0375 0.058823529411764705
3 0.846875 0.44577205882352944 0.0375 0.0661764705882353
1 0.8268229166666666 0.16819852941176472 0.015104166666666667 0.027573529411764705
1 0.90625 0.3864889705882353 0.017708333333333333 0.03952205882352941
1 0.8325520833333333 0.18612132352941177 0.0140625 0.03216911764705882
2 0.11354166666666667 0.26608455882352944 0.04479166666666667 0.08915441176470588
2 0.20989583333333334 0.1875 0.08229166666666667 0.12316176470588236
2 0.06822916666666666 0.5211397058823529 0.06770833333333333 0.12316176470588236
2 0.71328125 0.14430147058823528 0.09427083333333333 0.10477941176470588
2 0.88203125 0.27068014705882354 0.028645833333333332 0.05422794117647059
2 0.8606770833333334 0.2881433823529412 0.03802083333333333 0.07077205882352941
2 0.74296875 0.32215073529411764 0.12864583333333332 0.1479779411764706
2 0.008072916666666667 0.5271139705882353 0.015104166666666667 0.05974264705882353
3 0.31276041666666665 0.05974264705882353 0.0171875 0.05698529411764706
1 0.8526041666666667 0.1953125 0.0125 0.02849264705882353
