3 0.9357723577235773 0.640625 0.04390243902439024 0.06066176470588235
3 0.05 0.5353860294117647 0.026829268292682926 0.04136029411764706
2 0.6906504065040651 0.20818014705882354 0.0886178861788618 0.04503676470588235
3 0.04959349593495935 0.6006433823529411 0.024390243902439025 0.035845588235294115
1 0.7597560975609756 0.20082720588235295 0.02195121951219512 0.021139705882352942
1 0.47560975609756095 0.17049632352941177 0.022764227642276424 0.03400735294117647
1 0.5626016260162602 0.17647058823529413 0.030894308943089432 0.03125
1 0.501219512195122 0.16544117647058823 0.023577235772357725 0.029411764705882353
1 0.5349593495934959 0.16544117647058823 0.024390243902439025 0.027573529411764705
1 0.1491869918699187 0.32077205882352944 0.01707317073170732 0.03125
0 0.2731707317073171 0.23207720588235295 0.15772357723577235 0.12040441176470588
0 0.07154471544715447 0.38924632352941174 0.032520325203252036 0.05422794117647059
2 0.12764227642276424 0.3318014705882353 0.022764227642276424 0.03676470588235294
1 0.4040650406504065 0.18979779411764705 0.032520325203252036 0.03216911764705882
