1 0.22439024390243903 0.9476102941176471 0.05365853658536585 0.06801470588235294
1 0.1772357723577236 0.9140625 0.04390243902439024 0.050551470588235295
1 0.17113821138211383 0.8690257352941176 0.05447154471544716 0.05238970588235294
3 0.2459349593495935 0.23345588235294118 0.00894308943089431 0.014705882352941176
1 0.48089430894308943 0.16865808823529413 0.02032520325203252 0.02849264705882353
1 0.5073170731707317 0.16681985294117646 0.02113821138211382 0.02665441176470588
1 0.5373983739837398 0.16268382352941177 0.01788617886178862 0.02022058823529412
1 0.5621951219512196 0.16268382352941177 0.02032520325203252 0.022058823529411766
1 0.5861788617886179 0.16222426470588236 0.01788617886178862 0.019301470588235295
1 0.6044715447154472 0.16590073529411764 0.02032520325203252 0.019301470588235295
2 0.7313008130081301 0.22012867647058823 0.07398373983739838 0.04871323529411765
2 0.8097560975609757 0.24586397058823528 0.05203252032520325 0.04503676470588235
2 0.8585365853658536 0.2702205882352941 0.03577235772357724 0.034926470588235295
1 0.25853658536585367 0.23851102941176472 0.01788617886178862 0.02297794117647059
1 0.833739837398374 0.34880514705882354 0.03008130081300813 0.05422794117647059
3 0.05731707317073171 0.5193014705882353 0.013821138211382113 0.02389705882352941
