2 0.8044270833333333 0.12683823529411764 0.0453125 0.08088235294117647
1 0.11145833333333334 0.8924632352941176 0.03854166666666667 0.10661764705882353
1 0.026041666666666668 0.8409926470588235 0.026041666666666668 0.07536764705882353
1 0.04973958333333333 0.8469669117647058 0.030729166666666665 0.09650735294117647
2 0.0765625 0.26838235294117646 0.03125 0.06801470588235294
1 0.8265625 0.16773897058823528 0.014583333333333334 0.02665441176470588
1 0.8713541666666667 0.22564338235294118 0.011458333333333333 0.02665441176470588
4 0.9265625 0.33639705882352944 0.019791666666666666 0.042279411764705885
2 0.03046875 0.47380514705882354 0.0265625 0.078125
3 0.32838541666666665 0.051470588235294115 0.018229166666666668 0.05698529411764706
2 0.0390625 0.3161764705882353 0.016666666666666666 0.027573529411764705
1 0.803125 0.5808823529411765 0.06458333333333334 0.13419117647058823
