2 0.8044270833333333 0.12683823529411764 0.0453125 0.08088235294117647
1 0.11145833333333334 0.8924632352941176 0.03854166666666667 0.10661764705882353
1 0.026041666666666668 0.8409926470588235 0.026041666666666668 0.07536764705882353
1 0.05 0.8469669117647058 0.030208333333333334 0.09650735294117647
2 0.0765625 0.26838235294117646 0.03125 0.06801470588235294
3 0.059375 0.8138786764705882 0.04583333333333333 0.043198529411764705
1 0.8265625 0.16773897058823528 0.014583333333333334 0.02665441176470588
1 0.88125 0.24770220588235295 0.013541666666666667 0.02665441176470588
1 0.9049479166666666 0.3883272058823529 0.0203125 0.03952205882352941
1 0.25494791666666666 0.13878676470588236 0.03697916666666667 0.0661764705882353
1 0.012239583333333333 0.6911764705882353 0.0234375 0.03676470588235294
0 0.10885416666666667 0.3708639705882353 0.20625 0.37224264705882354
2 0.48932291666666666 0.10018382352941177 0.1484375 0.1213235294117647
2 0.8380208333333333 0.23069852941176472 0.041666666666666664 0.0661764705882353
2 0.9046875 0.30974264705882354 0.019791666666666666 0.04044117647058824
2 0.9205729166666666 0.32215073529411764 0.015104166666666667 0.03216911764705882
3 0.3307291666666667 0.05606617647058824 0.017708333333333333 0.05514705882352941
2 0.009114583333333334 0.5992647058823529 0.0171875 0.06066176470588235
2 0.008072916666666667 0.5248161764705882 0.015104166666666667 0.058823529411764705
