2 0.30040650406504066 0.17555147058823528 0.036585365853658534 0.03676470588235294
2 0.39796747967479673 0.16590073529411764 0.038211382113821135 0.035845588235294115
2 0.48252032520325205 0.16681985294117646 0.03333333333333333 0.030330882352941176
1 0.34146341463414637 0.1879595588235294 0.026016260162601626 0.043198529411764705
1 0.308130081300813 0.19439338235294118 0.01788617886178862 0.03216911764705882
1 0.20894308943089432 0.21966911764705882 0.014634146341463415 0.03308823529411765
2 0.09349593495934959 0.3492647058823529 0.055284552845528454 0.08272058823529412
2 0.8479674796747968 0.328125 0.016260162601626018 0.022058823529411766
2 0.8727642276422765 0.3648897058823529 0.013821138211382113 0.02022058823529412
2 0.47560975609756095 0.3166360294117647 0.2016260162601626 0.10753676470588236
4 0.8398373983739837 0.4053308823529412 0.07804878048780488 0.10845588235294118
1 0.8723577235772357 0.6199448529411765 0.04227642276422764 0.06525735294117647
2 0.7495934959349594 0.26838235294117646 0.04227642276422764 0.03860294117647059
2 0.7951219512195122 0.30284926470588236 0.02926829268292683 0.03400735294117647
1 0.241869918699187 0.20726102941176472 0.02195121951219512 0.03768382352941176
1 0.1967479674796748 0.2265625 0.013008130081300813 0.03400735294117647
