1 0.14779116465863454 0.3506433823529412 0.01927710843373494 0.017463235294117647
1 0.14216867469879518 0.3602941176470588 0.024096385542168676 0.01838235294117647
1 0.13373493975903614 0.38143382352941174 0.024899598393574297 0.01838235294117647
1 0.12971887550200803 0.39568014705882354 0.028112449799196786 0.021139705882352942
1 0.12329317269076305 0.4053308823529412 0.024899598393574297 0.01838235294117647
1 0.11726907630522089 0.4255514705882353 0.02570281124497992 0.022058823529411766
1 0.11004016064257029 0.4489889705882353 0.030522088353413655 0.024816176470588234
1 0.10160642570281124 0.47518382352941174 0.02971887550200803 0.029411764705882353
1 0.09397590361445783 0.5022977941176471 0.02891566265060241 0.030330882352941176
1 0.08393574297188755 0.7274816176470589 0.024899598393574297 0.03400735294117647
1 0.09036144578313253 0.75 0.028112449799196786 0.027573529411764705
1 0.10321285140562249 0.8134191176470589 0.02650602409638554 0.022058823529411766
1 0.11164658634538152 0.8350183823529411 0.024096385542168676 0.019301470588235295
2 0.4570281124497992 0.08685661764705882 0.024096385542168676 0.017463235294117647
2 0.4578313253012048 0.10064338235294118 0.033734939759036145 0.021139705882352942
1 0.16546184738955824 0.26838235294117646 0.02248995983935743 0.025735294117647058
1 0.19196787148594377 0.2803308823529412 0.0321285140562249 0.03860294117647059
1 0.8196787148594378 0.24678308823529413 0.018473895582329317 0.03400735294117647
1 0.7859437751004016 0.23759191176470587 0.03132530120481928 0.035845588235294115
1 0.802008032128514 0.2509191176470588 0.024899598393574297 0.03860294117647059
1 0.8168674698795181 0.29090073529411764 0.036947791164658635 0.04871323529411765
1 0.8453815261044176 0.3322610294117647 0.028112449799196786 0.04503676470588235
2 0.940562248995984 0.4181985294117647 0.020883534136546186 0.04595588235294118
2 0.3526104417670683 0.11213235294117647 0.02570281124497992 0.02022058823529412
3 0.8662650602409638 0.32996323529411764 0.015261044176706828 0.03860294117647059
1 0.3168674698795181 0.16130514705882354 0.015261044176706828 0.030330882352941176
1 0.9040160642570281 0.4227941176470588 0.02650602409638554 0.04779411764705882
2 0.4285140562248996 0.08318014705882353 0.020080321285140562 0.01011029411764706
2 0.6160642570281124 0.1052389705882353 0.040160642570281124 0.02665441176470588
2 0.5706827309236948 0.08318014705882353 0.023293172690763052 0.015625
1 0.880722891566265 0.3322610294117647 0.018473895582329317 0.024816176470588234
1 0.9530120481927711 0.5454963235294118 0.016867469879518072 0.024816176470588234
