2 0.915234375 0.198828125 0.01015625 0.01015625
2 0.899609375 0.196875 0.01484375 0.0125
1 0.505078125 0.1015625 0.01640625 0.03125
1 0.91640625 0.611328125 0.0234375 0.02421875
1 0.908984375 0.625390625 0.02734375 0.02265625
4 0.93203125 0.67734375 0.03125 0.059375
3 0.701953125 0.124609375 0.01640625 0.02421875
1 0.15546875 0.42421875 0.0359375 0.0265625
2 0.928125 0.56015625 0.028125 0.053125
1 0.525 0.095703125 0.021875 0.03671875
2 0.928125 0.62265625 0.021875 0.05
1 0.591796875 0.110546875 0.02265625 0.03515625
3 0.94609375 0.47421875 0.0265625 0.0125
1 0.8984375 0.6390625 0.03125 0.0265625
1 0.8359375 0.18359375 0.01875 0.015625
1 0.6078125 0.1265625 0.0234375 0.03125
2 0.8921875 0.694140625 0.03125 0.04921875
2 0.92578125 0.39921875 0.0296875 0.0546875
2 0.921484375 0.28671875 0.02265625 0.028125
2 0.844921875 0.162109375 0.01796875 0.01640625
1 0.54375 0.09453125 0.021875 0.0359375
1 0.9234375 0.53359375 0.028125 0.021875
1 0.584375 0.146484375 0.021875 0.03984375
2 0.865625 0.24140625 0.028125 0.0296875
1 0.166796875 0.38203125 0.02890625 0.0375
2 0.4 0.638671875 0.1390625 0.11171875
1 0.186328125 0.3640625 0.03359375 0.040625
1 0.257421875 0.394921875 0.04921875 0.03828125
1 0.196875 0.35 0.0328125 0.0375
4 0.788671875 0.148046875 0.04296875 0.03359375
1 0.218359375 0.327734375 0.03671875 0.03828125
2 0.857421875 0.340234375 0.03828125 0.07734375
