2 0.9848958333333333 0.4869791666666667 0.016666666666666666 0.020833333333333332
2 0.9770833333333333 0.47317708333333336 0.019791666666666666 0.0296875
2 0.8888020833333333 0.22734375 0.024479166666666666 0.018229166666666668
3 0.20130208333333333 0.13515625 0.0171875 0.0234375
3 0.19713541666666667 0.1375 0.0171875 0.019791666666666666
3 0.05520833333333333 0.3346354166666667 0.027083333333333334 0.013020833333333334
3 0.4234375 0.009375 0.008333333333333333 0.017708333333333333
2 0.7984375 0.08619791666666667 0.01875 0.0203125
1 0.18697916666666667 0.33489583333333334 0.05416666666666667 0.03229166666666667
1 0.10729166666666666 0.2578125 0.028125 0.017708333333333333
1 0.09244791666666667 0.26276041666666666 0.021354166666666667 0.0140625
2 0.12630208333333334 0.22916666666666666 0.050520833333333334 0.03854166666666667
2 0.08541666666666667 0.24661458333333333 0.03125 0.028645833333333332
2 0.04921875 0.29244791666666664 0.024479166666666666 0.0234375
4 0.040364583333333336 0.26276041666666666 0.04635416666666667 0.0390625
2 0.05260416666666667 0.23359375 0.015625 0.016145833333333335
2 0.09869791666666666 0.196875 0.024479166666666666 0.026041666666666668
1 0.9361979166666666 0.46640625 0.030729166666666665 0.0171875
4 0.9611979166666667 0.55078125 0.033854166666666664 0.03697916666666667
2 0.9830729166666666 0.5940104166666667 0.0109375 0.019270833333333334
2 0.93046875 0.6127604166666667 0.03177083333333333 0.034895833333333334
2 0.5966145833333333 0.019270833333333334 0.04010416666666667 0.03333333333333333
2 0.31171875 0.15755208333333334 0.1109375 0.0734375
1 0.7739583333333333 0.13984375 0.027083333333333334 0.03177083333333333
1 0.6588541666666666 0.13828125 0.036458333333333336 0.049479166666666664
1 0.29453125 0.20104166666666667 0.04739583333333333 0.05
1 0.5208333333333334 0.009375 0.0125 0.017708333333333333
2 0.57578125 0.0125 0.025520833333333333 0.022916666666666665
1 0.023958333333333335 0.30104166666666665 0.0125 0.009375
2 0.5473958333333333 0.008333333333333333 0.027083333333333334 0.015625
