1 0.26411290322580644 0.6626838235294118 0.1217741935483871 0.125
2 0.8737903225806452 0.8166360294117647 0.03790322580645161 0.07628676470588236
1 0.7520161290322581 0.40900735294117646 0.025 0.034926470588235295
3 0.7286290322580645 0.37362132352941174 0.02661290322580645 0.03216911764705882
3 0.7375 0.3874080882352941 0.02338709677419355 0.03952205882352941
1 0.7318548387096774 0.3837316176470588 0.031451612903225803 0.03216911764705882
1 0.7455645161290323 0.3952205882352941 0.031451612903225803 0.03676470588235294
1 0.5608870967741936 0.21507352941176472 0.016935483870967744 0.029411764705882353
1 0.5794354838709678 0.20772058823529413 0.016935483870967744 0.02389705882352941
1 0.8008064516129032 0.5896139705882353 0.05806451612903226 0.06158088235294118
1 0.805241935483871 0.5280330882352942 0.03951612903225806 0.043198529411764705
