3 0.8227642276422764 0.5464154411764706 0.06016260162601626 0.09466911764705882
0 0.22154471544715448 0.2495404411764706 0.12439024390243902 0.12959558823529413
3 0.4768292682926829 0.16314338235294118 0.01869918699186992 0.03216911764705882
3 0.44634146341463415 0.16957720588235295 0.02113821138211382 0.030330882352941176
3 0.4268292682926829 0.17049632352941177 0.013008130081300813 0.02665441176470588
1 0.31382113821138213 0.22931985294117646 0.027642276422764227 0.030330882352941176
1 0.6219512195121951 0.16865808823529413 0.026016260162601626 0.02849264705882353
1 0.6398373983739838 0.18106617647058823 0.024390243902439025 0.029411764705882353
1 0.6573170731707317 0.17647058823529413 0.03170731707317073 0.03125
2 0.3101626016260163 0.2665441176470588 0.04796747967479675 0.06066176470588235
2 0.06910569105691057 0.4071691176470588 0.013008130081300813 0.01838235294117647
2 0.11585365853658537 0.35202205882352944 0.02032520325203252 0.027573529411764705
2 0.7113821138211383 0.20174632352941177 0.06829268292682927 0.043198529411764705
2 0.8126016260162602 0.23851102941176472 0.04959349593495935 0.03952205882352941
2 0.7467479674796748 0.2035845588235294 0.03170731707317073 0.030330882352941176
2 0.05569105691056911 0.45909926470588236 0.01707317073170732 0.02849264705882353
1 0.09471544715447154 0.4094669117647059 0.012195121951219513 0.024816176470588234
1 0.08821138211382114 0.42325367647058826 0.013821138211382113 0.02297794117647059
1 0.07845528455284553 0.4485294117647059 0.015447154471544716 0.02389705882352941
