2 0.7322580645161291 0.9407169117647058 0.11129032258064517 0.10018382352941177
1 0.7673387096774194 0.5234375 0.06370967741935483 0.06893382352941177
1 0.6129032258064516 0.26516544117647056 0.020967741935483872 0.03216911764705882
1 0.7975806451612903 0.6672794117647058 0.06774193548387097 0.09191176470588236
2 0.8641129032258065 0.7761948529411765 0.042741935483870966 0.109375
1 0.7431451612903226 0.3975183823529412 0.021774193548387097 0.030330882352941176
1 0.7524193548387097 0.4099264705882353 0.024193548387096774 0.034926470588235295
1 0.7310483870967742 0.3837316176470588 0.02338709677419355 0.02849264705882353
1 0.4854838709677419 0.24448529411764705 0.025806451612903226 0.04963235294117647
2 0.4375 0.9489889705882353 0.16370967741935483 0.10202205882352941
