1 0.6326612903225807 0.2890625 0.02661290322580645 0.03400735294117647
1 0.3971774193548387 0.20404411764705882 0.025 0.04595588235294118
1 0.36451612903225805 0.18520220588235295 0.024193548387096774 0.03216911764705882
1 0.3620967741935484 0.20772058823529413 0.025806451612903226 0.042279411764705885
2 0.2221774193548387 0.16911764705882354 0.029838709677419355 0.02389705882352941
2 0.2306451612903226 0.18382352941176472 0.03064516129032258 0.029411764705882353
2 0.26975806451612905 0.15211397058823528 0.031451612903225803 0.021139705882352942
2 0.2608870967741935 0.17049632352941177 0.042741935483870966 0.030330882352941176
1 0.2838709677419355 0.1953125 0.024193548387096774 0.03768382352941176
1 0.8036290322580645 0.5147058823529411 0.04596774193548387 0.04595588235294118
1 0.8495967741935484 0.5707720588235294 0.03951612903225806 0.058823529411764705
1 0.869758064516129 0.7357536764705882 0.03467741935483871 0.050551470588235295
1 0.8100806451612903 0.5983455882352942 0.06693548387096775 0.06066176470588235
1 0.7778225806451613 0.6750919117647058 0.05725806451612903 0.10018382352941177
2 0.875 0.8060661764705882 0.04032258064516129 0.07352941176470588
2 0.8858870967741935 0.7293198529411765 0.03951612903225806 0.08731617647058823
2 0.8435483870967742 0.8851102941176471 0.04516129032258064 0.0625
2 0.49959677419354837 0.7247242647058824 0.18467741935483872 0.3869485294117647
1 0.7520161290322581 0.4085477941176471 0.025 0.03400735294117647
3 0.7286290322580645 0.37316176470588236 0.02661290322580645 0.03308823529411765
3 0.7366935483870968 0.3864889705882353 0.02338709677419355 0.03952205882352941
1 0.7322580645161291 0.38327205882352944 0.03064516129032258 0.03308823529411765
1 0.7451612903225806 0.39568014705882354 0.03064516129032258 0.035845588235294115
