2 0.2983739837398374 0.1801470588235294 0.04065040650406504 0.03676470588235294
2 0.3959349593495935 0.1645220588235294 0.04878048780487805 0.042279411764705885
2 0.7955284552845528 0.5 0.09349593495934959 0.10845588235294118
1 0.8711382113821138 0.6217830882352942 0.044715447154471545 0.05974264705882353
1 0.34308943089430893 0.1875 0.01951219512195122 0.04044117647058824
1 0.21016260162601627 0.21966911764705882 0.015447154471544716 0.03308823529411765
2 0.13170731707317074 0.29411764705882354 0.0943089430894309 0.09191176470588236
2 0.17398373983739837 0.30284926470588236 0.12682926829268293 0.12775735294117646
1 0.46219512195121953 0.22518382352941177 0.05772357723577236 0.051470588235294115
1 0.258130081300813 0.23621323529411764 0.04959349593495935 0.058823529411764705
3 0.5800813008130081 0.19623161764705882 0.02195121951219512 0.030330882352941176
1 0.8589430894308943 0.6714154411764706 0.04796747967479675 0.05238970588235294
1 0.6292682926829268 0.4149816176470588 0.06991869918699187 0.12224264705882353
1 0.7451219512195122 0.453125 0.038211382113821135 0.05698529411764706
1 0.8093495934959349 0.2959558823529412 0.02195121951219512 0.025735294117647058
1 0.8105691056910569 0.3524816176470588 0.02113821138211382 0.03216911764705882
1 0.6158536585365854 0.2182904411764706 0.028455284552845527 0.035845588235294115
4 0.13821138211382114 0.25275735294117646 0.055284552845528454 0.07536764705882353
