3 0.9357723577235773 0.6433823529411765 0.03577235772357724 0.05514705882352941
3 0.2597560975609756 0.6617647058823529 0.07723577235772358 0.06433823529411764
3 0.25691056910569104 0.7072610294117647 0.07317073170731707 0.05422794117647059
3 0.05365853658536585 0.5399816176470589 0.016260162601626018 0.02297794117647059
3 0.06463414634146342 0.5795036764705882 0.025203252032520326 0.02665441176470588
0 0.8329268292682926 0.23069852941176472 0.08211382113821138 0.07169117647058823
2 0.8747967479674796 0.27297794117647056 0.01788617886178862 0.02022058823529412
1 0.47276422764227644 0.171875 0.01707317073170732 0.025735294117647058
2 0.8739837398373984 0.29411764705882354 0.03577235772357724 0.03860294117647059
4 0.6719512195121952 0.2339154411764706 0.108130081300813 0.07628676470588236
4 0.616260162601626 0.2532169117647059 0.13983739837398373 0.08363970588235294
1 0.4195121951219512 0.34650735294117646 0.08455284552845528 0.07169117647058823
2 0.1508130081300813 0.32674632352941174 0.043089430894308944 0.04503676470588235
1 0.17926829268292682 0.2867647058823529 0.013821138211382113 0.02022058823529412
1 0.19634146341463415 0.2771139705882353 0.015447154471544716 0.02297794117647059
2 0.30040650406504066 0.23943014705882354 0.08536585365853659 0.05974264705882353
2 0.18577235772357722 0.33639705882352944 0.06422764227642276 0.051470588235294115
0 0.091869918699187 0.39981617647058826 0.08130081300813008 0.11213235294117647
