1 0.8583673469387755 0.5560661764705882 0.02857142857142857 0.042279411764705885
1 0.7346938775510204 0.4264705882352941 0.037551020408163265 0.05514705882352941
1 0.7816326530612245 0.4287683823529412 0.026938775510204082 0.04136029411764706
1 0.6244897959183674 0.35340073529411764 0.045714285714285714 0.05974264705882353
1 0.5106122448979592 0.2931985294117647 0.036734693877551024 0.04595588235294118
1 0.5208163265306123 0.22886029411764705 0.019591836734693877 0.01838235294117647
1 0.7261224489795919 0.3161764705882353 0.008979591836734694 0.016544117647058824
1 0.7387755102040816 0.32536764705882354 0.009795918367346938 0.01838235294117647
1 0.4179591836734694 0.20036764705882354 0.013061224489795919 0.014705882352941176
1 0.3877551020408163 0.19669117647058823 0.014693877551020407 0.014705882352941176
2 0.5795918367346938 0.2991727941176471 0.1126530612244898 0.08731617647058823
1 0.9175510204081633 0.6461397058823529 0.02122448979591837 0.029411764705882353
1 0.9089795918367347 0.6194852941176471 0.02040816326530612 0.02389705882352941
2 0.30653061224489797 0.21415441176470587 0.030204081632653063 0.014705882352941176
2 0.28448979591836737 0.23897058823529413 0.036734693877551024 0.03125
2 0.2763265306122449 0.21323529411764705 0.018775510204081632 0.014705882352941176
2 0.2453061224489796 0.22472426470588236 0.025306122448979593 0.013786764705882353
2 0.5775510204081633 0.24080882352941177 0.044897959183673466 0.02389705882352941
2 0.7293877551020408 0.35340073529411764 0.06285714285714286 0.05422794117647059
2 0.8126530612244898 0.4149816176470588 0.04 0.046875
