3 0.3725806451612903 0.19117647058823528 0.025806451612903226 0.042279411764705885
3 0.4290322580645161 0.203125 0.02258064516129032 0.034926470588235295
1 0.7576612903225807 0.8000919117647058 0.049193548387096775 0.057904411764705885
1 0.15846774193548388 0.42693014705882354 0.07983870967741935 0.10202205882352941
1 0.08991935483870968 0.5238970588235294 0.062096774193548386 0.09375
1 0.13266129032258064 0.7040441176470589 0.10241935483870968 0.08455882352941177
2 0.7641129032258065 0.47012867647058826 0.03467741935483871 0.03400735294117647
1 0.7725806451612903 0.7679227941176471 0.03870967741935484 0.035845588235294115
2 0.7903225806451613 0.48713235294117646 0.02258064516129032 0.029411764705882353
0 0.8487903225806451 0.5946691176470589 0.018548387096774192 0.02389705882352941
1 0.4939516129032258 0.19163602941176472 0.016935483870967744 0.02665441176470588
1 0.5108870967741935 0.19163602941176472 0.018548387096774192 0.02849264705882353
1 0.14596774193548387 0.37362132352941174 0.07580645161290323 0.09283088235294118
3 0.3866935483870968 0.18336397058823528 0.018548387096774192 0.035845588235294115
3 0.4161290322580645 0.18979779411764705 0.02258064516129032 0.035845588235294115
1 0.49959677419354837 0.1792279411764706 0.013709677419354839 0.01838235294117647
1 0.7435483870967742 0.8681066176470589 0.0467741935483871 0.05974264705882353
1 0.771774193548387 0.8708639705882353 0.03870967741935484 0.04503676470588235
1 0.7584677419354838 0.9278492647058824 0.03467741935483871 0.03768382352941176
1 0.769758064516129 0.9172794117647058 0.03306451612903226 0.03676470588235294
