1 0.17258064516129032 0.6861213235294118 0.07903225806451612 0.06709558823529412
1 0.7298387096774194 0.3818933823529412 0.025806451612903226 0.02849264705882353
1 0.7419354838709677 0.3984375 0.024193548387096774 0.02849264705882353
1 0.75 0.41130514705882354 0.025806451612903226 0.03216911764705882
1 0.3435483870967742 0.7477022058823529 0.08064516129032258 0.1645220588235294
1 0.5758064516129032 0.2959558823529412 0.037096774193548385 0.051470588235294115
2 0.8721774193548387 0.7748161764705882 0.04112903225806452 0.08823529411764706
2 0.2899193548387097 0.18428308823529413 0.03951612903225806 0.03400735294117647
2 0.2600806451612903 0.17325367647058823 0.03306451612903226 0.02849264705882353
1 0.31209677419354837 0.19209558823529413 0.017741935483870968 0.025735294117647058
1 0.32903225806451614 0.2026654411764706 0.02258064516129032 0.030330882352941176
1 0.5705645161290323 0.20726102941176472 0.016935483870967744 0.02297794117647059
2 0.6540322580645161 0.22840073529411764 0.024193548387096774 0.02297794117647059
2 0.635483870967742 0.23023897058823528 0.027419354838709678 0.024816176470588234
