2 0.7165322580645161 0.40625 0.0814516129032258 0.09191176470588236
1 0.17096774193548386 0.6847426470588235 0.07903225806451612 0.0661764705882353
1 0.7221774193548387 0.36994485294117646 0.02338709677419355 0.024816176470588234
1 0.40483870967741936 0.1948529411764706 0.025806451612903226 0.03676470588235294
1 0.43588709677419357 0.22058823529411764 0.03306451612903226 0.04411764705882353
1 0.5451612903225806 0.2844669117647059 0.03870967741935484 0.05974264705882353
1 0.6620967741935484 0.26424632352941174 0.01935483870967742 0.030330882352941176
1 0.20725806451612902 0.25183823529411764 0.024193548387096774 0.05514705882352941
1 0.25725806451612904 0.7274816176470589 0.06451612903225806 0.13878676470588236
1 0.6068548387096774 0.8552389705882353 0.09596774193548387 0.078125
1 0.8544354838709678 0.5845588235294118 0.04112903225806452 0.042279411764705885
1 0.8754032258064516 0.6277573529411765 0.031451612903225803 0.03860294117647059
2 0.4258064516129032 0.41911764705882354 0.17580645161290323 0.1801470588235294
2 0.3620967741935484 0.20082720588235295 0.06290322580645161 0.04503676470588235
2 0.7903225806451613 0.5110294117647058 0.08870967741935484 0.0974264705882353
2 0.7794354838709677 0.6011029411764706 0.11209677419354838 0.15808823529411764
2 0.21048387096774193 0.19025735294117646 0.027419354838709678 0.03125
2 0.27903225806451615 0.17784926470588236 0.037096774193548385 0.02849264705882353
2 0.8737903225806452 0.7798713235294118 0.03306451612903226 0.07261029411764706
1 0.30685483870967745 0.1870404411764706 0.018548387096774192 0.02665441176470588
2 0.6330645161290323 0.21966911764705882 0.03064516129032258 0.027573529411764705
2 0.6580645161290323 0.21966911764705882 0.027419354838709678 0.03308823529411765
1 0.6137096774193549 0.22886029411764705 0.016129032258064516 0.02022058823529412
1 0.6254032258064516 0.2339154411764706 0.013709677419354839 0.019301470588235295
