2 0.5012096774193548 0.1792279411764706 0.025 0.03308823529411765
1 0.4875 0.18244485294117646 0.01532258064516129 0.02665441176470588
1 0.527016129032258 0.22334558823529413 0.021774193548387097 0.029411764705882353
1 0.47701612903225804 0.22426470588235295 0.028225806451612902 0.03860294117647059
1 0.5189516129032258 0.20772058823529413 0.021774193548387097 0.025735294117647058
1 0.5129032258064516 0.2522977941176471 0.03870967741935484 0.03952205882352941
1 0.5036290322580645 0.19623161764705882 0.021774193548387097 0.02665441176470588
3 0.7806451612903226 0.7113970588235294 0.041935483870967745 0.03860294117647059
2 0.10685483870967742 0.33731617647058826 0.08951612903225807 0.10845588235294118
1 0.7407258064516129 0.9420955882352942 0.04758064516129032 0.034926470588235295
1 0.7677419354838709 0.8368566176470589 0.04032258064516129 0.057904411764705885
1 0.7411290322580645 0.8828125 0.05161290322580645 0.057904411764705885
1 0.7520161290322581 0.8874080882352942 0.042741935483870966 0.05422794117647059
1 0.7713709677419355 0.484375 0.020161290322580645 0.027573529411764705
4 0.8084677419354839 0.5110294117647058 0.036290322580645164 0.04963235294117647
3 0.7709677419354839 0.7045036764705882 0.041935483870967745 0.030330882352941176
1 0.7725806451612903 0.78125 0.043548387096774194 0.051470588235294115
