2 0.5290322580645161 0.10983455882352941 0.027649769585253458 0.030330882352941176
3 0.391705069124424 0.8203125 0.04055299539170507 0.057904411764705885
1 0.556221198156682 0.1171875 0.01566820276497696 0.030330882352941176
1 0.17695852534562212 0.27205882352941174 0.022119815668202765 0.02389705882352941
1 0.10368663594470046 0.4710477941176471 0.04331797235023042 0.017463235294117647
1 0.11705069124423963 0.4885110294117647 0.0423963133640553 0.019301470588235295
1 0.052995391705069124 0.49862132352941174 0.02857142857142857 0.015625
1 0.04470046082949309 0.5137867647058824 0.02488479262672811 0.014705882352941176
2 0.3313364055299539 0.3014705882352941 0.1391705069124424 0.08088235294117647
3 0.4308755760368664 0.12270220588235294 0.010138248847926268 0.03216911764705882
1 0.7069124423963133 0.18566176470588236 0.03686635944700461 0.03676470588235294
1 0.8221198156682028 0.2417279411764706 0.03133640552995392 0.02389705882352941
1 0.8400921658986175 0.6456801470588235 0.05806451612903226 0.05238970588235294
2 0.9626728110599079 0.37362132352941174 0.034101382488479264 0.03400735294117647
2 0.8843317972350231 0.3740808823529412 0.054377880184331796 0.05514705882352941
