4 0.5304147465437788 0.10891544117647059 0.02488479262672811 0.02849264705882353
3 0.3921658986175115 0.8212316176470589 0.03963133640552995 0.057904411764705885
1 0.556221198156682 0.11672794117647059 0.01566820276497696 0.029411764705882353
0 0.9682027649769586 0.4912683823529412 0.06359447004608294 0.05974264705882353
2 0.6304147465437788 0.2702205882352941 0.11612903225806452 0.07536764705882353
1 0.16129032258064516 0.48391544117647056 0.055299539170506916 0.02297794117647059
1 0.5400921658986175 0.4241727941176471 0.0792626728110599 0.050551470588235295
2 0.07465437788018434 0.43612132352941174 0.035023041474654376 0.035845588235294115
3 0.4414746543778802 0.1208639705882353 0.012903225806451613 0.02849264705882353
3 0.4308755760368664 0.12408088235294118 0.011981566820276499 0.029411764705882353
1 0.8516129032258064 0.5712316176470589 0.060829493087557605 0.05422794117647059
2 0.7953917050691244 0.3713235294117647 0.09216589861751152 0.07720588235294118
2 0.7566820276497696 0.2104779411764706 0.08110599078341015 0.06066176470588235
1 0.7741935483870968 0.6181066176470589 0.07004608294930875 0.06525735294117647
1 0.8207373271889401 0.6727941176470589 0.06912442396313365 0.04595588235294118
2 0.9631336405529954 0.42141544117647056 0.029493087557603687 0.03400735294117647
