1 0.8247967479674797 0.35110294117647056 0.038211382113821135 0.051470588235294115
3 0.9394308943089431 0.4958639705882353 0.02195121951219512 0.05422794117647059
3 0.8922764227642277 0.5142463235294118 0.036585365853658534 0.06341911764705882
3 0.959349593495935 0.6024816176470589 0.026016260162601626 0.050551470588235295
0 0.8764227642276423 0.29181985294117646 0.056910569105691054 0.08547794117647059
2 0.37926829268292683 0.9623161764705882 0.13089430894308943 0.07352941176470588
1 0.18130081300813009 0.9016544117647058 0.05853658536585366 0.07536764705882353
1 0.21544715447154472 0.9301470588235294 0.06504065040650407 0.08455882352941177
1 0.2556910569105691 0.9609375 0.06422764227642276 0.0744485294117647
1 0.4410569105691057 0.17371323529411764 0.023577235772357725 0.034926470588235295
1 0.4947154471544715 0.16636029411764705 0.023577235772357725 0.034926470588235295
1 0.5467479674796748 0.16038602941176472 0.02195121951219512 0.02849264705882353
2 0.8130081300813008 0.24816176470588236 0.04552845528455285 0.03125
2 0.7483739837398374 0.22288602941176472 0.06747967479674796 0.03952205882352941
2 0.07723577235772358 0.3947610294117647 0.01951219512195122 0.030330882352941176
