2 0.7165322580645161 0.40762867647058826 0.07983870967741935 0.08915441176470588
1 0.17096774193548386 0.6856617647058824 0.07903225806451612 0.0661764705882353
1 0.7205645161290323 0.36902573529411764 0.02338709677419355 0.02665441176470588
1 0.40080645161290324 0.5395220588235294 0.08225806451612903 0.13786764705882354
1 0.6697580645161291 0.25597426470588236 0.016935483870967744 0.02297794117647059
1 0.4596774193548387 0.19117647058823528 0.03064516129032258 0.03676470588235294
1 0.4883064516129032 0.20036764705882354 0.03306451612903226 0.034926470588235295
1 0.4112903225806452 0.1957720588235294 0.025806451612903226 0.03860294117647059
2 0.4241935483870968 0.23621323529411764 0.08548387096774193 0.058823529411764705
2 0.822983870967742 0.5358455882352942 0.07661290322580645 0.10110294117647059
2 0.2794354838709677 0.17601102941176472 0.03306451612903226 0.02849264705882353
2 0.3153225806451613 0.17095588235294118 0.035483870967741936 0.027573529411764705
1 0.6580645161290323 0.3359375 0.03870967741935484 0.046875
1 0.3092741935483871 0.19163602941176472 0.016935483870967744 0.02849264705882353
1 0.2879032258064516 0.19439338235294118 0.017741935483870968 0.02665441176470588
1 0.5713709677419355 0.21507352941176472 0.02338709677419355 0.025735294117647058
2 0.6560483870967742 0.2192095588235294 0.020161290322580645 0.019301470588235295
2 0.6479838709677419 0.2261029411764706 0.025 0.022058823529411766
1 0.6270161290322581 0.22840073529411764 0.013709677419354839 0.021139705882352942
3 0.7834677419354839 0.4696691176470588 0.036290322580645164 0.042279411764705885
