3 0.8186991869918699 0.5206801470588235 0.06016260162601626 0.10018382352941177
1 0.4894308943089431 0.17003676470588236 0.024390243902439025 0.027573529411764705
1 0.46422764227642277 0.17049632352941177 0.024390243902439025 0.03216911764705882
3 0.9495934959349593 0.4756433823529412 0.02113821138211382 0.050551470588235295
3 0.9512195121951219 0.4774816176470588 0.01951219512195122 0.03400735294117647
3 0.7922764227642276 0.8368566176470589 0.06585365853658537 0.046875
3 0.8719512195121951 0.46875 0.03333333333333333 0.07352941176470588
3 0.04959349593495935 0.5877757352941176 0.01951219512195122 0.03400735294117647
3 0.04390243902439024 0.6070772058823529 0.026016260162601626 0.03952205882352941
2 0.8089430894308943 0.24540441176470587 0.04715447154471545 0.03676470588235294
0 0.8504065040650407 0.2417279411764706 0.06504065040650407 0.07169117647058823
2 0.8524390243902439 0.26424632352941174 0.038211382113821135 0.030330882352941176
1 0.6686991869918699 0.17784926470588236 0.025203252032520326 0.035845588235294115
2 0.7203252032520325 0.21599264705882354 0.08455284552845528 0.04595588235294118
3 0.4 0.17555147058823528 0.016260162601626018 0.034926470588235295
2 0.056504065040650406 0.4577205882352941 0.01707317073170732 0.03125
1 0.22276422764227644 0.9319852941176471 0.07642276422764227 0.08272058823529412
1 0.26178861788617885 0.9751838235294118 0.06504065040650407 0.04963235294117647
1 0.16707317073170733 0.8772977941176471 0.05934959349593496 0.07077205882352941
