2 0.47314814814814815 0.07123161764705882 0.07592592592592592 0.057904411764705885
2 0.8111111111111111 0.12959558823529413 0.03518518518518519 0.029411764705882353
1 0.8814814814814815 0.19347426470588236 0.022222222222222223 0.024816176470588234
2 0.4699074074074074 0.11121323529411764 0.10833333333333334 0.07169117647058823
2 0.5606481481481481 0.12729779411764705 0.13240740740740742 0.08363970588235294
2 0.19027777777777777 0.1879595588235294 0.06759259259259259 0.06525735294117647
1 0.1537037037037037 0.3226102941176471 0.05555555555555555 0.042279411764705885
1 0.5337962962962963 0.7977941176470589 0.04537037037037037 0.07352941176470588
1 0.5902777777777778 0.8042279411764706 0.04537037037037037 0.0661764705882353
0 0.06481481481481481 0.6107536764705882 0.10740740740740741 0.14981617647058823
1 0.20092592592592592 0.08455882352941177 0.012962962962962963 0.014705882352941176
1 0.1935185185185185 0.10110294117647059 0.014814814814814815 0.016544117647058824
0 0.09675925925925925 0.18428308823529413 0.03796296296296296 0.046875
2 0.14351851851851852 0.1410845588235294 0.022222222222222223 0.024816176470588234
1 0.11944444444444445 0.1567095588235294 0.011111111111111112 0.011948529411764705
2 0.07083333333333333 0.25505514705882354 0.021296296296296296 0.02849264705882353
1 0.06527777777777778 0.28170955882352944 0.023148148148148147 0.02665441176470588
1 0.05648148148148148 0.29503676470588236 0.022222222222222223 0.016544117647058824
1 0.05324074074074074 0.30193014705882354 0.023148148148148147 0.017463235294117647
1 0.05092592592592592 0.3134191176470588 0.024074074074074074 0.01838235294117647
2 0.06435185185185185 0.6824448529411765 0.030555555555555555 0.024816176470588234
2 0.5398148148148149 0.953125 0.06111111111111111 0.034926470588235295
