1 0.8723502304147466 0.5560661764705882 0.054377880184331796 0.04411764705882353
1 0.8539170506912442 0.5638786764705882 0.06543778801843318 0.03952205882352941
1 0.8341013824884793 0.5928308823529411 0.05714285714285714 0.058823529411764705
1 0.8774193548387097 0.6034007352941176 0.025806451612903226 0.02665441176470588
1 0.8728110599078341 0.6263786764705882 0.06451612903225806 0.04871323529411765
1 0.3921658986175115 0.15119485294117646 0.026728110599078342 0.03216911764705882
3 0.39953917050691246 0.14476102941176472 0.013824884792626729 0.02849264705882353
2 0.5824884792626728 0.11121323529411764 0.023963133640552997 0.027573529411764705
2 0.5350230414746544 0.09926470588235294 0.02119815668202765 0.02389705882352941
1 0.5175115207373272 0.1130514705882353 0.013824884792626729 0.029411764705882353
2 0.17557603686635945 0.3023897058823529 0.05069124423963134 0.05330882352941176
2 0.07235023041474654 0.4724264705882353 0.041474654377880185 0.034926470588235295
2 0.15161290322580645 0.4255514705882353 0.07096774193548387 0.05514705882352941
1 0.7359447004608295 0.1957720588235294 0.034101382488479264 0.027573529411764705
