2 0.2995934959349594 0.17738970588235295 0.03170731707317073 0.034926470588235295
2 0.39796747967479673 0.16636029411764705 0.034959349593495934 0.027573529411764705
1 0.8682926829268293 0.6217830882352942 0.03577235772357724 0.05422794117647059
1 0.8439024390243902 0.7118566176470589 0.03577235772357724 0.046875
3 0.8455284552845529 0.7513786764705882 0.04065040650406504 0.013786764705882353
1 0.8589430894308943 0.6663602941176471 0.043089430894308944 0.03676470588235294
2 0.17886178861788618 0.6920955882352942 0.1983739837398374 0.14338235294117646
2 0.25609756097560976 0.25597426470588236 0.13658536585365855 0.09283088235294118
1 0.6203252032520326 0.43704044117647056 0.06666666666666667 0.06525735294117647
1 0.5024390243902439 0.21507352941176472 0.04552845528455285 0.04044117647058824
1 0.6540650406504065 0.23621323529411764 0.03333333333333333 0.03125
1 0.7963414634146342 0.3157169117647059 0.01707317073170732 0.024816176470588234
1 0.8227642276422764 0.33455882352941174 0.014634146341463415 0.022058823529411766
4 0.14065040650406505 0.2532169117647059 0.06829268292682927 0.09099264705882353
1 0.6995934959349593 0.23023897058823528 0.01707317073170732 0.02297794117647059
