1 0.41606425702811245 0.19025735294117646 0.01606425702811245 0.025735294117647058
1 0.40562248995983935 0.1875 0.01285140562248996 0.02389705882352941
1 0.39397590361445783 0.18336397058823528 0.012048192771084338 0.030330882352941176
1 0.3791164658634538 0.17647058823529413 0.01285140562248996 0.02389705882352941
1 0.3690763052208835 0.17417279411764705 0.013654618473895583 0.021139705882352942
1 0.3614457831325301 0.18336397058823528 0.01285140562248996 0.02297794117647059
1 0.348995983935743 0.18841911764705882 0.012048192771084338 0.02022058823529412
1 0.3333333333333333 0.18520220588235295 0.017670682730923693 0.030330882352941176
1 0.5477911646586345 0.22886029411764705 0.02570281124497992 0.025735294117647058
1 0.39437751004016064 0.21277573529411764 0.035341365461847386 0.035845588235294115
1 0.25542168674698795 0.22242647058823528 0.020883534136546186 0.03860294117647059
1 0.1670682730923695 0.24816176470588236 0.01606425702811245 0.042279411764705885
1 0.15261044176706828 0.25275735294117646 0.017670682730923693 0.03308823529411765
1 0.142570281124498 0.2578125 0.013654618473895583 0.03768382352941176
1 0.12409638554216867 0.2697610294117647 0.018473895582329317 0.035845588235294115
1 0.10803212851405622 0.27849264705882354 0.015261044176706828 0.03308823529411765
1 0.09598393574297188 0.29181985294117646 0.012048192771084338 0.02297794117647059
2 0.8008032128514057 0.38786764705882354 0.02248995983935743 0.034926470588235295
1 0.6919678714859437 0.2734375 0.015261044176706828 0.017463235294117647
1 0.6449799196787148 0.2587316176470588 0.01927710843373494 0.021139705882352942
2 0.4971887550200803 0.2647058823529412 0.10763052208835341 0.04963235294117647
1 0.7987951807228916 0.3483455882352941 0.012048192771084338 0.014705882352941176
1 0.7578313253012048 0.3092830882352941 0.008835341365461847 0.01011029411764706
1 0.7421686746987952 0.3005514705882353 0.00963855421686747 0.014705882352941176
2 0.7718875502008032 0.34237132352941174 0.01927710843373494 0.024816176470588234
2 0.5493975903614458 0.44393382352941174 0.15582329317269075 0.12867647058823528
1 0.3550200803212851 0.35753676470588236 0.07550200803212852 0.07352941176470588
2 0.7309236947791165 0.6217830882352942 0.07068273092369477 0.09466911764705882
1 0.7630522088353414 0.35431985294117646 0.01606425702811245 0.021139705882352942
