1 0.08612244897959184 0.4021139705882353 0.030204081632653063 0.05238970588235294
1 0.11714285714285715 0.3368566176470588 0.017142857142857144 0.03216911764705882
2 0.7808163265306123 0.34191176470588236 0.015510204081632653 0.016544117647058824
2 0.6893877551020409 0.29411764705882354 0.036734693877551024 0.027573529411764705
2 0.5779591836734694 0.23161764705882354 0.017959183673469388 0.012867647058823529
2 0.4412244897959184 0.20542279411764705 0.04 0.017463235294117647
1 0.726530612244898 0.3170955882352941 0.009795918367346938 0.014705882352941176
1 0.7387755102040816 0.3244485294117647 0.009795918367346938 0.016544117647058824
2 0.730204081632653 0.3547794117647059 0.06448979591836734 0.058823529411764705
2 0.48775510204081635 0.23115808823529413 0.06285714285714286 0.03216911764705882
2 0.8008163265306123 0.4131433823529412 0.05061224489795919 0.057904411764705885
