1 0.41646586345381525 0.18979779411764705 0.016867469879518072 0.024816176470588234
1 0.40441767068273093 0.1870404411764706 0.012048192771084338 0.02297794117647059
1 0.39397590361445783 0.18336397058823528 0.012048192771084338 0.030330882352941176
1 0.38032128514056224 0.17601102941176472 0.013654618473895583 0.024816176470588234
1 0.3682730923694779 0.17463235294117646 0.013654618473895583 0.02022058823529412
1 0.3614457831325301 0.18428308823529413 0.01285140562248996 0.02297794117647059
1 0.3485943775100402 0.18841911764705882 0.011244979919678716 0.02022058823529412
1 0.3333333333333333 0.18474264705882354 0.017670682730923693 0.029411764705882353
1 0.5481927710843374 0.22977941176470587 0.02650602409638554 0.025735294117647058
1 0.3497991967871486 0.19944852941176472 0.023293172690763052 0.034926470588235295
1 0.25622489959839356 0.22242647058823528 0.020883534136546186 0.03860294117647059
1 0.1674698795180723 0.24678308823529413 0.016867469879518072 0.04136029411764706
1 0.15220883534136545 0.25275735294117646 0.016867469879518072 0.03308823529411765
1 0.14216867469879518 0.25735294117647056 0.014457831325301205 0.03676470588235294
1 0.12329317269076305 0.2697610294117647 0.018473895582329317 0.035845588235294115
1 0.10682730923694779 0.27941176470588236 0.014457831325301205 0.03308823529411765
1 0.0963855421686747 0.2913602941176471 0.01285140562248996 0.02389705882352941
2 0.8008032128514057 0.3874080882352941 0.02248995983935743 0.03400735294117647
1 0.6927710843373494 0.2734375 0.015261044176706828 0.017463235294117647
1 0.6453815261044177 0.2578125 0.018473895582329317 0.021139705882352942
1 0.5622489959839357 0.2522977941176471 0.024096385542168676 0.02849264705882353
2 0.7835341365461848 0.32215073529411764 0.010441767068273093 0.011948529411764705
2 0.7911646586345381 0.3391544117647059 0.020883534136546186 0.016544117647058824
1 0.7751004016064257 0.32766544117647056 0.008032128514056224 0.01011029411764706
2 0.761847389558233 0.3170955882352941 0.012048192771084338 0.014705882352941176
2 0.7457831325301205 0.31066176470588236 0.018473895582329317 0.02022058823529412
1 0.7546184738955823 0.32766544117647056 0.010441767068273093 0.015625
4 0.7140562248995984 0.29963235294117646 0.02891566265060241 0.027573529411764705
2 0.665863453815261 0.29733455882352944 0.04819277108433735 0.03768382352941176
1 0.20441767068273092 0.28079044117647056 0.05381526104417671 0.06158088235294118
2 0.7626506024096386 0.3460477941176471 0.02650602409638554 0.03400735294117647
1 0.7100401606425703 0.3244485294117647 0.02248995983935743 0.027573529411764705
