1 0.41526104417670684 0.19209558823529413 0.014457831325301205 0.022058823529411766
1 0.40522088353413654 0.19025735294117646 0.010441767068273093 0.02389705882352941
1 0.39397590361445783 0.18520220588235295 0.013654618473895583 0.02849264705882353
1 0.378714859437751 0.17509191176470587 0.013654618473895583 0.02297794117647059
1 0.3670682730923695 0.17509191176470587 0.011244979919678716 0.02297794117647059
1 0.3606425702811245 0.1875 0.01285140562248996 0.022058823529411766
1 0.3481927710843373 0.1879595588235294 0.012048192771084338 0.02297794117647059
1 0.3333333333333333 0.18474264705882354 0.01927710843373494 0.029411764705882353
1 0.25582329317269076 0.22288602941176472 0.021686746987951807 0.043198529411764705
1 0.16546184738955824 0.24586397058823528 0.020883534136546186 0.04136029411764706
1 0.142570281124498 0.2587316176470588 0.013654618473895583 0.03952205882352941
1 0.12248995983935743 0.26838235294117646 0.012048192771084338 0.034926470588235295
1 0.10722891566265061 0.2821691176470588 0.013654618473895583 0.027573529411764705
1 0.09598393574297188 0.2881433823529412 0.010441767068273093 0.02297794117647059
1 0.5502008032128514 0.23069852941176472 0.024096385542168676 0.027573529411764705
2 0.6526104417670683 0.2867647058823529 0.04899598393574297 0.03676470588235294
2 0.7473895582329317 0.3134191176470588 0.020080321285140562 0.022058823529411766
1 0.7819277108433735 0.34880514705882354 0.008835341365461847 0.017463235294117647
3 0.7947791164658634 0.4287683823529412 0.015261044176706828 0.030330882352941176
2 0.4469879518072289 0.19347426470588236 0.04096385542168675 0.043198529411764705
2 0.10361445783132531 0.35018382352941174 0.10441767068273092 0.12867647058823528
1 0.6899598393574298 0.27205882352941174 0.017670682730923693 0.02022058823529412
1 0.7570281124497992 0.37316176470588236 0.020080321285140562 0.029411764705882353
1 0.6907630522088354 0.3212316176470588 0.02248995983935743 0.02849264705882353
1 0.6453815261044177 0.25505514705882354 0.020080321285140562 0.02665441176470588
