1 0.24308943089430896 0.20909926470588236 0.02113821138211382 0.04136029411764706
1 0.20894308943089432 0.21737132352941177 0.016260162601626018 0.03952205882352941
1 0.1975609756097561 0.22472426470588236 0.016260162601626018 0.04136029411764706
2 0.8703252032520326 0.3708639705882353 0.02195121951219512 0.024816176470588234
1 0.16747967479674797 0.25643382352941174 0.030894308943089432 0.03860294117647059
1 0.35772357723577236 0.22472426470588236 0.05365853658536585 0.05606617647058824
1 0.48739837398373986 0.20128676470588236 0.034959349593495934 0.04963235294117647
2 0.11219512195121951 0.30652573529411764 0.06666666666666667 0.0744485294117647
1 0.751219512195122 0.26746323529411764 0.014634146341463415 0.022058823529411766
2 0.8341463414634146 0.2927389705882353 0.01788617886178862 0.02297794117647059
3 0.758130081300813 0.2541360294117647 0.015447154471544716 0.021139705882352942
3 0.8048780487804879 0.48575367647058826 0.03902439024390244 0.05422794117647059
3 0.816260162601626 0.5055147058823529 0.04065040650406504 0.04411764705882353
