2 0.30121951219512194 0.17830882352941177 0.036585365853658534 0.034926470588235295
2 0.3975609756097561 0.16590073529411764 0.03577235772357724 0.03400735294117647
2 0.483739837398374 0.16636029411764705 0.03414634146341464 0.029411764705882353
1 0.3410569105691057 0.1870404411764706 0.023577235772357725 0.04136029411764706
1 0.3073170731707317 0.1953125 0.01788617886178862 0.030330882352941176
1 0.2032520325203252 0.21966911764705882 0.027642276422764227 0.04595588235294118
2 0.8727642276422765 0.36443014705882354 0.013821138211382113 0.021139705882352942
2 0.8239837398373984 0.3005514705882353 0.02195121951219512 0.02389705882352941
1 0.8727642276422765 0.6194852941176471 0.044715447154471545 0.0661764705882353
1 0.23983739837398374 0.20818014705882354 0.01951219512195122 0.035845588235294115
