1 0.75 0.45818014705882354 0.04516129032258064 0.05606617647058824
1 0.2875 0.6985294117647058 0.125 0.17095588235294118
3 0.6701612903225806 0.921875 0.0935483870967742 0.07169117647058823
1 0.5995967741935484 0.2192095588235294 0.020161290322580645 0.02665441176470588
2 0.635483870967742 0.22288602941176472 0.025806451612903226 0.02665441176470588
2 0.6564516129032258 0.22058823529411764 0.024193548387096774 0.029411764705882353
1 0.7294354838709678 0.3828125 0.025 0.03400735294117647
1 0.31209677419354837 0.19944852941176472 0.03387096774193549 0.04044117647058824
1 0.3342741935483871 0.21553308823529413 0.03306451612903226 0.04136029411764706
2 0.24435483870967742 0.16590073529411764 0.03387096774193549 0.02297794117647059
2 0.2721774193548387 0.17463235294117646 0.03467741935483871 0.029411764705882353
1 0.7431451612903226 0.39889705882352944 0.02661290322580645 0.03125
1 0.7520161290322581 0.4103860294117647 0.02661290322580645 0.03400735294117647
