1 0.14779116465863454 0.3515625 0.01927710843373494 0.019301470588235295
1 0.14377510040160643 0.359375 0.02248995983935743 0.02022058823529412
1 0.13333333333333333 0.38005514705882354 0.027309236947791166 0.019301470588235295
1 0.13092369477911647 0.39338235294117646 0.024096385542168676 0.02022058823529412
1 0.12530120481927712 0.4071691176470588 0.02891566265060241 0.022058823529411766
1 0.11887550200803212 0.4255514705882353 0.02570281124497992 0.02389705882352941
1 0.10923694779116466 0.44806985294117646 0.02570281124497992 0.021139705882352942
1 0.10160642570281124 0.4742647058823529 0.02650602409638554 0.027573529411764705
1 0.09558232931726908 0.5055147058823529 0.02891566265060241 0.029411764705882353
1 0.0859437751004016 0.7270220588235294 0.024096385542168676 0.034926470588235295
1 0.0891566265060241 0.7490808823529411 0.02570281124497992 0.025735294117647058
1 0.10361445783132531 0.8157169117647058 0.027309236947791166 0.02665441176470588
2 0.5445783132530121 0.08088235294117647 0.020883534136546186 0.014705882352941176
2 0.3526104417670683 0.11167279411764706 0.02570281124497992 0.017463235294117647
1 0.7626506024096386 0.21415441176470587 0.03293172690763052 0.03308823529411765
1 0.8056224899598393 0.2725183823529412 0.0321285140562249 0.03216911764705882
1 0.8285140562248996 0.30744485294117646 0.03453815261044177 0.03952205882352941
3 0.8955823293172691 0.390625 0.024096385542168676 0.03676470588235294
2 0.6116465863453815 0.1479779411764706 0.06666666666666667 0.04595588235294118
2 0.38353413654618473 0.11029411764705882 0.02971887550200803 0.022058823529411766
0 0.24497991967871485 0.2665441176470588 0.19759036144578312 0.2849264705882353
3 0.7 0.14751838235294118 0.015261044176706828 0.02297794117647059
2 0.351004016064257 0.2789522058823529 0.08674698795180723 0.14613970588235295
2 0.6164658634538153 0.1052389705882353 0.0393574297188755 0.02665441176470588
2 0.5710843373493976 0.08272058823529412 0.024096385542168676 0.016544117647058824
2 0.3706827309236948 0.10064338235294118 0.021686746987951807 0.015625
