2 0.7169354838709677 0.40487132352941174 0.08225806451612903 0.09466911764705882
1 0.17096774193548386 0.6847426470588235 0.07903225806451612 0.0661764705882353
1 0.7209677419354839 0.3694852941176471 0.025806451612903226 0.025735294117647058
1 0.45 0.24356617647058823 0.035483870967741936 0.04779411764705882
1 0.49112903225806454 0.24494485294117646 0.03387096774193549 0.043198529411764705
1 0.3995967741935484 0.8915441176470589 0.07338709677419354 0.09191176470588236
2 0.2806451612903226 0.18060661764705882 0.035483870967741936 0.03216911764705882
2 0.2508064516129032 0.16773897058823528 0.024193548387096774 0.021139705882352942
2 0.894758064516129 0.7205882352941176 0.025 0.07169117647058823
1 0.3225806451612903 0.17417279411764705 0.012903225806451613 0.02297794117647059
1 0.35846774193548386 0.17417279411764705 0.020161290322580645 0.024816176470588234
1 0.30201612903225805 0.1875 0.018548387096774192 0.029411764705882353
1 0.31370967741935485 0.19347426470588236 0.020967741935483872 0.030330882352941176
1 0.3286290322580645 0.20955882352941177 0.021774193548387097 0.034926470588235295
2 0.6358870967741935 0.22150735294117646 0.025 0.025735294117647058
2 0.6580645161290323 0.22104779411764705 0.027419354838709678 0.03216911764705882
1 0.5846774193548387 0.20863970588235295 0.014516129032258065 0.01838235294117647
1 0.6262096774193548 0.23207720588235295 0.013709677419354839 0.019301470588235295
1 0.6403225806451613 0.234375 0.012903225806451613 0.016544117647058824
