2 0.5911290322580646 0.31295955882352944 0.07741935483870968 0.10386029411764706
2 0.7008064516129032 0.4462316176470588 0.07580645161290323 0.10753676470588236
1 0.08911290322580645 0.6240808823529411 0.08306451612903226 0.08088235294117647
1 0.0935483870967742 0.7182904411764706 0.09516129032258064 0.07996323529411764
2 0.11491935483870967 0.33731617647058826 0.07661290322580645 0.0974264705882353
1 0.7338709677419355 0.8648897058823529 0.05 0.07536764705882353
1 0.5899193548387097 0.3359375 0.04112903225806452 0.06341911764705882
2 0.8217741935483871 0.5418198529411765 0.01935483870967742 0.02665441176470588
2 0.8366935483870968 0.609375 0.020161290322580645 0.02389705882352941
2 0.8129032258064516 0.6300551470588235 0.024193548387096774 0.03952205882352941
2 0.7790322580645161 0.5041360294117647 0.037096774193548385 0.03952205882352941
1 0.7504032258064516 0.4540441176470588 0.02661290322580645 0.025735294117647058
4 0.8068548387096774 0.5078125 0.03790322580645161 0.05238970588235294
3 0.36774193548387096 0.14292279411764705 0.017741935483870968 0.02297794117647059
0 0.052016129032258066 0.47610294117647056 0.07338709677419354 0.19301470588235295
