2 0.6887096774193548 0.23667279411764705 0.02258064516129032 0.024816176470588234
2 0.2725806451612903 0.17003676470588236 0.037096774193548385 0.022058823529411766
2 0.2963709677419355 0.18198529411764705 0.050806451612903224 0.03308823529411765
2 0.3951612903225806 0.19715073529411764 0.07580645161290323 0.05422794117647059
1 0.6649193548387097 0.8244485294117647 0.09435483870967742 0.08823529411764706
2 0.8028225806451613 0.8295036764705882 0.09112903225806451 0.13511029411764705
1 0.3717741935483871 0.9131433823529411 0.0967741935483871 0.15165441176470587
1 0.3125 0.19669117647058823 0.02661290322580645 0.03676470588235294
1 0.822983870967742 0.5569852941176471 0.049193548387096775 0.05514705882352941
1 0.7056451612903226 0.4016544117647059 0.05 0.06801470588235294
1 0.7298387096774194 0.38327205882352944 0.020967741935483872 0.025735294117647058
3 0.7245967741935484 0.39981617647058826 0.028225806451612902 0.04411764705882353
1 0.7431451612903226 0.3984375 0.02338709677419355 0.030330882352941176
1 0.7524193548387097 0.4117647058823529 0.027419354838709678 0.029411764705882353
1 0.5733870967741935 0.20818014705882354 0.02258064516129032 0.02665441176470588
