2 0.3975609756097561 0.16498161764705882 0.03577235772357724 0.03400735294117647
2 0.3008130081300813 0.1796875 0.03577235772357724 0.030330882352941176
1 0.34146341463414637 0.18841911764705882 0.01951219512195122 0.042279411764705885
1 0.30609756097560975 0.19301470588235295 0.02032520325203252 0.034926470588235295
4 0.8414634146341463 0.40441176470588236 0.08292682926829269 0.11397058823529412
2 0.47804878048780486 0.16130514705882354 0.04065040650406504 0.03952205882352941
3 0.45365853658536587 0.7045036764705882 0.11544715447154472 0.09466911764705882
2 0.8735772357723577 0.3694852941176471 0.015447154471544716 0.02389705882352941
1 0.6849593495934959 0.2339154411764706 0.02032520325203252 0.02665441176470588
1 0.7089430894308943 0.25827205882352944 0.022764227642276424 0.027573529411764705
2 0.8085365853658537 0.2853860294117647 0.02195121951219512 0.02665441176470588
2 0.8353658536585366 0.3005514705882353 0.015447154471544716 0.022058823529411766
1 0.21951219512195122 0.23207720588235295 0.04227642276422764 0.057904411764705885
2 0.4959349593495935 0.23851102941176472 0.13333333333333333 0.07077205882352941
2 0.5853658536585366 0.21645220588235295 0.08943089430894309 0.046875
1 0.8727642276422765 0.6240808823529411 0.04796747967479675 0.07169117647058823
1 0.20284552845528456 0.2182904411764706 0.03333333333333333 0.046875
1 0.23983739837398374 0.20863970588235295 0.01951219512195122 0.03860294117647059
