2 0.984375 0.4869791666666667 0.016666666666666666 0.021875
2 0.9760416666666667 0.47239583333333335 0.019791666666666666 0.029166666666666667
2 0.8893229166666666 0.22734375 0.024479166666666666 0.019270833333333334
0 0.9723958333333333 0.6393229166666666 0.03229166666666667 0.024479166666666666
0 0.9546875 0.5807291666666666 0.057291666666666664 0.0625
1 0.8669270833333333 0.18255208333333334 0.019270833333333334 0.019270833333333334
3 0.9770833333333333 0.4270833333333333 0.017708333333333333 0.009375
1 0.20260416666666667 0.20286458333333332 0.036458333333333336 0.0296875
1 0.12604166666666666 0.23515625 0.029166666666666667 0.0234375
1 0.1140625 0.22786458333333334 0.020833333333333332 0.018229166666666668
1 0.10416666666666667 0.22942708333333334 0.023958333333333335 0.013020833333333334
1 0.09557291666666666 0.23411458333333332 0.022395833333333334 0.013020833333333334
1 0.10598958333333333 0.24609375 0.033854166666666664 0.019270833333333334
1 0.09427083333333333 0.24947916666666667 0.023958333333333335 0.017708333333333333
1 0.08359375 0.25442708333333336 0.0203125 0.0140625
1 0.09765625 0.2598958333333333 0.0234375 0.01875
1 0.09453125 0.27682291666666664 0.027604166666666666 0.019270833333333334
1 0.023697916666666666 0.315625 0.013020833333333334 0.008333333333333333
2 0.04895833333333333 0.26901041666666664 0.019791666666666666 0.022395833333333334
2 0.0359375 0.27786458333333336 0.013541666666666667 0.016145833333333335
2 0.022395833333333334 0.28567708333333336 0.0125 0.015104166666666667
4 0.06822916666666666 0.25078125 0.025 0.027604166666666666
2 0.04583333333333333 0.3333333333333333 0.025 0.022916666666666665
2 0.6182291666666667 0.01953125 0.03333333333333333 0.022395833333333334
2 0.90078125 0.5122395833333333 0.04739583333333333 0.06927083333333334
2 0.5421875 0.011197916666666667 0.03958333333333333 0.021354166666666667
2 0.015104166666666667 0.32057291666666665 0.013541666666666667 0.013020833333333334
4 0.9888020833333333 0.58203125 0.016145833333333335 0.021354166666666667
