2 0.7169354838709677 0.40487132352941174 0.08225806451612903 0.09466911764705882
1 0.17096774193548386 0.6847426470588235 0.07903225806451612 0.0661764705882353
1 0.7209677419354839 0.3694852941176471 0.025806451612903226 0.025735294117647058
1 0.4846774193548387 0.21875 0.035483870967741936 0.04044117647058824
1 0.5161290322580645 0.24402573529411764 0.041935483870967745 0.04503676470588235
1 0.36935483870967745 0.19715073529411764 0.035483870967741936 0.043198529411764705
1 0.8100806451612903 0.578125 0.04435483870967742 0.05514705882352941
1 0.40080645161290324 0.890625 0.07580645161290323 0.08088235294117647
3 0.2153225806451613 0.39246323529411764 0.035483870967741936 0.08455882352941177
2 0.2899193548387097 0.18290441176470587 0.03790322580645161 0.03308823529411765
2 0.8943548387096775 0.7228860294117647 0.027419354838709678 0.0744485294117647
1 0.25443548387096776 0.1879595588235294 0.018548387096774192 0.03216911764705882
1 0.26653225806451614 0.17784926470588236 0.016935483870967744 0.02849264705882353
2 0.6580645161290323 0.22104779411764705 0.027419354838709678 0.03216911764705882
1 0.5846774193548387 0.20863970588235295 0.014516129032258065 0.01838235294117647
1 0.6133064516129032 0.23069852941176472 0.013709677419354839 0.01838235294117647
1 0.6262096774193548 0.23207720588235295 0.013709677419354839 0.019301470588235295
1 0.6407258064516129 0.2339154411764706 0.012096774193548387 0.015625
1 0.6798387096774193 0.22564338235294118 0.00967741935483871 0.013786764705882353
