2 0.4740740740740741 0.07077205882352941 0.07407407407407407 0.05698529411764706
2 0.019444444444444445 0.5965073529411765 0.027777777777777776 0.03860294117647059
4 0.15787037037037038 0.1135110294117647 0.023148148148148147 0.021139705882352942
4 0.8291666666666667 0.13878676470588236 0.03981481481481482 0.034926470588235295
2 0.7925925925925926 0.13832720588235295 0.046296296296296294 0.03952205882352941
2 0.7425925925925926 0.13189338235294118 0.07407407407407407 0.050551470588235295
2 0.6671296296296296 0.09926470588235294 0.08425925925925926 0.04411764705882353
1 0.33055555555555555 0.17693014705882354 0.05 0.057904411764705885
1 0.5194444444444445 0.08455882352941177 0.040740740740740744 0.04411764705882353
2 0.15092592592592594 0.12821691176470587 0.014814814814814815 0.017463235294117647
2 0.14305555555555555 0.14246323529411764 0.017592592592592594 0.01838235294117647
4 0.12824074074074074 0.16268382352941177 0.026851851851851852 0.029411764705882353
2 0.06111111111111111 0.26516544117647056 0.020370370370370372 0.02849264705882353
2 0.05648148148148148 0.6806066176470589 0.02962962962962963 0.03400735294117647
2 0.08194444444444444 0.734375 0.026851851851851852 0.029411764705882353
1 0.07175925925925926 0.7058823529411765 0.026851851851851852 0.016544117647058824
2 0.5402777777777777 0.953125 0.062037037037037036 0.03676470588235294
2 0.056018518518518516 0.7054227941176471 0.028703703703703703 0.02665441176470588
