1 0.41606425702811245 0.19117647058823528 0.017670682730923693 0.02389705882352941
1 0.40441767068273093 0.1875 0.012048192771084338 0.022058823529411766
1 0.39357429718875503 0.18382352941176472 0.011244979919678716 0.03125
1 0.38032128514056224 0.17693014705882354 0.013654618473895583 0.02665441176470588
1 0.3682730923694779 0.17509191176470587 0.015261044176706828 0.019301470588235295
1 0.3526104417670683 0.17325367647058823 0.011244979919678716 0.019301470588235295
1 0.36224899598393573 0.1870404411764706 0.01285140562248996 0.021139705882352942
1 0.3485943775100402 0.18841911764705882 0.011244979919678716 0.02022058823529412
1 0.3329317269076305 0.18520220588235295 0.016867469879518072 0.02665441176470588
1 0.5481927710843374 0.22977941176470587 0.028112449799196786 0.02389705882352941
1 0.25662650602409637 0.22242647058823528 0.020080321285140562 0.03860294117647059
1 0.1670682730923695 0.24356617647058823 0.01927710843373494 0.03860294117647059
1 0.15180722891566265 0.25275735294117646 0.01606425702811245 0.03125
1 0.14216867469879518 0.25735294117647056 0.014457831325301205 0.03676470588235294
1 0.12248995983935743 0.27068014705882354 0.020080321285140562 0.035845588235294115
1 0.10602409638554217 0.2803308823529412 0.014457831325301205 0.03308823529411765
1 0.09598393574297188 0.29044117647058826 0.013654618473895583 0.02389705882352941
1 0.14056224899598393 0.6268382352941176 0.07710843373493977 0.08823529411764706
1 0.19518072289156627 0.7086397058823529 0.0963855421686747 0.08455882352941177
1 0.1746987951807229 0.8046875 0.07951807228915662 0.06709558823529412
2 0.8012048192771084 0.3869485294117647 0.023293172690763052 0.03308823529411765
3 0.314859437751004 0.2931985294117647 0.02891566265060241 0.07169117647058823
3 0.3634538152610442 0.44347426470588236 0.03453815261044177 0.10753676470588236
3 0.321285140562249 0.4650735294117647 0.035341365461847386 0.0974264705882353
3 0.6333333333333333 0.6364889705882353 0.06987951807228916 0.06709558823529412
3 0.5088353413654618 0.22150735294117646 0.016867469879518072 0.03125
3 0.5939759036144578 0.2421875 0.016867469879518072 0.02665441176470588
1 0.6927710843373494 0.27389705882352944 0.015261044176706828 0.01838235294117647
1 0.6461847389558233 0.2578125 0.018473895582329317 0.021139705882352942
1 0.7590361445783133 0.34420955882352944 0.014457831325301205 0.02665441176470588
1 0.7763052208835342 0.3483455882352941 0.010441767068273093 0.02022058823529412
1 0.7835341365461848 0.359375 0.010441767068273093 0.02022058823529412
1 0.7987951807228916 0.4756433823529412 0.03453815261044177 0.04503676470588235
1 0.7100401606425703 0.47794117647058826 0.046586345381526104 0.07169117647058823
1 0.6100401606425703 0.31525735294117646 0.03453815261044177 0.042279411764705885
1 0.5971887550200803 0.33777573529411764 0.03614457831325301 0.05974264705882353
1 0.5012048192771085 0.3350183823529412 0.06746987951807229 0.06709558823529412
1 0.23293172690763053 0.25965073529411764 0.04979919678714859 0.05974264705882353
1 0.07028112449799197 0.38924632352941174 0.03132530120481928 0.05606617647058824
1 0.516867469879518 0.2849264705882353 0.03614457831325301 0.05330882352941176
2 0.8489959839357429 0.5859375 0.06104417670682731 0.07261029411764706
