2 0.7169354838709677 0.4071691176470588 0.08064516129032258 0.0900735294117647
1 0.17096774193548386 0.6856617647058824 0.07903225806451612 0.0661764705882353
1 0.7205645161290323 0.36902573529411764 0.02338709677419355 0.02665441176470588
1 0.4883064516129032 0.19990808823529413 0.029838709677419355 0.03768382352941176
1 0.4991935483870968 0.20680147058823528 0.037096774193548385 0.034926470588235295
2 0.4584677419354839 0.2509191176470588 0.09596774193548387 0.0661764705882353
2 0.822983870967742 0.5353860294117647 0.07661290322580645 0.10018382352941177
0 0.8798387096774194 0.7757352941176471 0.06129032258064516 0.13602941176470587
2 0.2806451612903226 0.17417279411764705 0.03064516129032258 0.02665441176470588
1 0.31048387096774194 0.19347426470588236 0.016129032258064516 0.024816176470588234
1 0.28669354838709676 0.19301470588235295 0.016935483870967744 0.025735294117647058
1 0.575 0.21277573529411764 0.020967741935483872 0.021139705882352942
2 0.6475806451612903 0.2261029411764706 0.024193548387096774 0.022058823529411766
1 0.5858870967741936 0.23023897058823528 0.021774193548387097 0.02665441176470588
3 0.7810483870967742 0.46829044117647056 0.03790322580645161 0.04503676470588235
