2 0.4726851851851852 0.07123161764705882 0.07685185185185185 0.057904411764705885
2 0.019444444444444445 0.5969669117647058 0.02962962962962963 0.03768382352941176
2 0.8472222222222222 0.15211397058823528 0.027777777777777776 0.02665441176470588
4 0.8240740740740741 0.13924632352941177 0.040740740740740744 0.03768382352941176
2 0.7902777777777777 0.13648897058823528 0.04351851851851852 0.035845588235294115
2 0.7430555555555556 0.10386029411764706 0.05648148148148148 0.029411764705882353
2 0.6703703703703704 0.09880514705882353 0.08148148148148149 0.04503676470588235
2 0.7425925925925926 0.13005514705882354 0.07222222222222222 0.050551470588235295
1 0.5194444444444445 0.08134191176470588 0.040740740740740744 0.04503676470588235
1 0.3365740740740741 0.17371323529411764 0.049074074074074076 0.0661764705882353
0 0.0962962962962963 0.18612132352941177 0.040740740740740744 0.046875
2 0.1111111111111111 0.16773897058823528 0.014814814814814815 0.017463235294117647
2 0.059722222222222225 0.26516544117647056 0.021296296296296296 0.02849264705882353
2 0.0712962962962963 0.25735294117647056 0.024074074074074074 0.027573529411764705
1 0.0625 0.28722426470588236 0.023148148148148147 0.019301470588235295
1 0.05740740740740741 0.29503676470588236 0.020370370370370372 0.01838235294117647
1 0.07361111111111111 0.6994485294117647 0.028703703703703703 0.01838235294117647
1 0.08148148148148149 0.7178308823529411 0.025925925925925925 0.022058823529411766
1 0.09027777777777778 0.7279411764705882 0.028703703703703703 0.01838235294117647
1 0.10416666666666667 0.7481617647058824 0.028703703703703703 0.022058823529411766
2 0.055092592592592596 0.6806066176470589 0.032407407407407406 0.03216911764705882
2 0.05416666666666667 0.7068014705882353 0.025 0.029411764705882353
2 0.08194444444444444 0.7348345588235294 0.026851851851851852 0.02849264705882353
2 0.07037037037037037 0.7394301470588235 0.022222222222222223 0.030330882352941176
2 0.5407407407407407 0.9526654411764706 0.06296296296296296 0.03768382352941176
