1 0.17258064516129032 0.6861213235294118 0.07903225806451612 0.06709558823529412
1 0.8245967741935484 0.5744485294117647 0.04435483870967742 0.04595588235294118
1 0.7298387096774194 0.3818933823529412 0.025806451612903226 0.02849264705882353
1 0.7419354838709677 0.39797794117647056 0.024193548387096774 0.027573529411764705
1 0.75 0.41130514705882354 0.025806451612903226 0.03216911764705882
1 0.49274193548387096 0.6443014705882353 0.11290322580645161 0.13419117647058823
1 0.34153225806451615 0.7444852941176471 0.07822580645161291 0.15257352941176472
1 0.5612903225806452 0.23713235294117646 0.027419354838709678 0.03676470588235294
1 0.49879032258064515 0.19439338235294118 0.031451612903225803 0.03216911764705882
1 0.48870967741935484 0.21185661764705882 0.035483870967741936 0.03400735294117647
1 0.4661290322580645 0.23713235294117646 0.043548387096774194 0.04595588235294118
1 0.4181451612903226 0.20588235294117646 0.03467741935483871 0.04044117647058824
1 0.3629032258064516 0.20128676470588236 0.037096774193548385 0.04044117647058824
2 0.8641129032258065 0.7803308823529411 0.04758064516129032 0.10294117647058823
2 0.3125 0.18887867647058823 0.06048387096774194 0.04136029411764706
2 0.2645161290322581 0.17463235294117646 0.03387096774193549 0.027573529411764705
2 0.25 0.1645220588235294 0.027419354838709678 0.02389705882352941
1 0.7350806451612903 0.9411764705882353 0.07016129032258064 0.04044117647058824
3 0.20362903225806453 0.4342830882352941 0.03790322580645161 0.10753676470588236
2 0.6544354838709677 0.22886029411764705 0.02338709677419355 0.02389705882352941
2 0.635483870967742 0.23023897058823528 0.027419354838709678 0.024816176470588234
1 0.5782258064516129 0.20588235294117646 0.017741935483870968 0.022058823529411766
