1 0.6338709677419355 0.4131433823529412 0.08064516129032258 0.0818014705882353
1 0.7116935483870968 0.41268382352941174 0.042741935483870966 0.06066176470588235
1 0.7048387096774194 0.6962316176470589 0.07580645161290323 0.10386029411764706
1 0.7463709677419355 0.4650735294117647 0.06532258064516129 0.05514705882352941
1 0.7415322580645162 0.5133272058823529 0.06048387096774194 0.057904411764705885
1 0.8225806451612904 0.5533088235294118 0.04516129032258064 0.06433823529411764
1 0.8536290322580645 0.5960477941176471 0.04758064516129032 0.057904411764705885
1 0.7637096774193548 0.5574448529411765 0.05806451612903226 0.078125
1 0.42620967741935484 0.19347426470588236 0.03951612903225806 0.035845588235294115
2 0.41008064516129034 0.15992647058823528 0.05403225806451613 0.03860294117647059
1 0.6270161290322581 0.28308823529411764 0.028225806451612902 0.03125
2 0.2629032258064516 0.16911764705882354 0.037096774193548385 0.03676470588235294
2 0.23024193548387098 0.1875 0.03467741935483871 0.027573529411764705
1 0.2911290322580645 0.18566176470588236 0.024193548387096774 0.029411764705882353
1 0.3092741935483871 0.1957720588235294 0.02338709677419355 0.03308823529411765
1 0.24637096774193548 0.2109375 0.02661290322580645 0.04136029411764706
2 0.8858870967741935 0.7339154411764706 0.04112903225806452 0.09834558823529412
2 0.869758064516129 0.8083639705882353 0.029838709677419355 0.0818014705882353
1 0.7520161290322581 0.4085477941176471 0.025 0.03400735294117647
3 0.7286290322580645 0.37362132352941174 0.02661290322580645 0.03400735294117647
3 0.7366935483870968 0.3864889705882353 0.02338709677419355 0.03952205882352941
1 0.7322580645161291 0.38327205882352944 0.03064516129032258 0.03308823529411765
1 0.744758064516129 0.3952205882352941 0.029838709677419355 0.034926470588235295
1 0.7850806451612903 0.5326286764705882 0.031451612903225803 0.04871323529411765
