1 0.605241935483871 0.38465073529411764 0.04112903225806452 0.07077205882352941
1 0.5673387096774194 0.3304227941176471 0.036290322580645164 0.06158088235294118
1 0.8008064516129032 0.5128676470588235 0.041935483870967745 0.051470588235294115
1 0.5766129032258065 0.23667279411764705 0.03064516129032258 0.03768382352941176
1 0.30443548387096775 0.1948529411764706 0.021774193548387097 0.03860294117647059
2 0.26411290322580644 0.17095588235294118 0.04112903225806452 0.034926470588235295
2 0.22782258064516128 0.18887867647058823 0.03467741935483871 0.02849264705882353
1 0.8375 0.5670955882352942 0.04596774193548387 0.04779411764705882
1 0.8040322580645162 0.5818014705882353 0.06129032258064516 0.04411764705882353
1 0.7923387096774194 0.6167279411764706 0.05887096774193548 0.07352941176470588
2 0.8830645161290323 0.7380514705882353 0.041935483870967745 0.08272058823529412
2 0.867741935483871 0.8092830882352942 0.03387096774193549 0.07996323529411764
1 0.7520161290322581 0.4085477941176471 0.025 0.03400735294117647
3 0.7286290322580645 0.37362132352941174 0.02661290322580645 0.03400735294117647
3 0.7366935483870968 0.3864889705882353 0.02338709677419355 0.03952205882352941
1 0.7322580645161291 0.38327205882352944 0.03064516129032258 0.03308823529411765
1 0.744758064516129 0.3952205882352941 0.029838709677419355 0.034926470588235295
