2 0.9110204081632653 0.6139705882352942 0.03918367346938775 0.07536764705882353
2 0.7244897959183674 0.32215073529411764 0.0236734693877551 0.021139705882352942
0 0.7506122448979592 0.3203125 0.05142857142857143 0.04871323529411765
1 0.6987755102040817 0.2945772058823529 0.009795918367346938 0.013786764705882353
1 0.05877551020408163 0.48713235294117646 0.022857142857142857 0.06801470588235294
2 0.10163265306122449 0.42693014705882354 0.05795918367346939 0.13694852941176472
2 0.2453061224489796 0.22288602941176472 0.02040816326530612 0.017463235294117647
2 0.22653061224489796 0.22196691176470587 0.013877551020408163 0.013786764705882353
1 0.24 0.23023897058823528 0.009795918367346938 0.017463235294117647
4 0.5946938775510204 0.23897058823529413 0.053061224489795916 0.034926470588235295
2 0.22081632653061226 0.26056985294117646 0.06775510204081632 0.04136029411764706
