1 0.41646586345381525 0.18841911764705882 0.016867469879518072 0.02389705882352941
1 0.4 0.18428308823529413 0.01927710843373494 0.030330882352941176
1 0.3791164658634538 0.17784926470588236 0.011244979919678716 0.024816176470588234
1 0.3682730923694779 0.17647058823529413 0.013654618473895583 0.02389705882352941
1 0.3606425702811245 0.18474264705882354 0.014457831325301205 0.025735294117647058
1 0.3477911646586345 0.18474264705882354 0.01285140562248996 0.027573529411764705
1 0.3333333333333333 0.18474264705882354 0.017670682730923693 0.03125
1 0.39477911646586344 0.21231617647058823 0.03293172690763052 0.03860294117647059
1 0.3598393574297189 0.21553308823529413 0.03855421686746988 0.04136029411764706
1 0.25622489959839356 0.22242647058823528 0.020883534136546186 0.042279411764705885
1 0.1670682730923695 0.24770220588235295 0.014457831325301205 0.03768382352941176
1 0.1534136546184739 0.2545955882352941 0.011244979919678716 0.034926470588235295
1 0.142570281124498 0.25919117647058826 0.012048192771084338 0.034926470588235295
1 0.12289156626506025 0.2702205882352941 0.01285140562248996 0.029411764705882353
1 0.10843373493975904 0.2835477941176471 0.01285140562248996 0.02665441176470588
1 0.09598393574297188 0.28860294117647056 0.012048192771084338 0.027573529411764705
1 0.5481927710843374 0.23023897058823528 0.02971887550200803 0.02665441176470588
2 0.7995983935742972 0.3864889705882353 0.023293172690763052 0.02849264705882353
0 0.7827309236947791 0.3166360294117647 0.020080321285140562 0.024816176470588234
2 0.7983935742971887 0.3396139705882353 0.01285140562248996 0.013786764705882353
1 0.7951807228915663 0.3478860294117647 0.00963855421686747 0.011948529411764705
4 0.7140562248995984 0.31295955882352944 0.03855421686746988 0.04136029411764706
3 0.3931726907630522 0.22150735294117646 0.020080321285140562 0.03676470588235294
1 0.21927710843373494 0.6585477941176471 0.09959839357429719 0.08547794117647059
1 0.6907630522088354 0.27297794117647056 0.017670682730923693 0.01838235294117647
1 0.6449799196787148 0.25643382352941174 0.020883534136546186 0.025735294117647058
1 0.6811244979919678 0.28125 0.01606425702811245 0.02022058823529412
1 0.6975903614457831 0.31893382352941174 0.020080321285140562 0.03125
