3 0.04112903225806452 0.671875 0.017741935483870968 0.034926470588235295
2 0.4830645161290323 0.09329044117647059 0.03064516129032258 0.02297794117647059
2 0.7673387096774194 0.5606617647058824 0.16048387096774194 0.31433823529411764
2 0.8625 0.7522977941176471 0.0814516129032258 0.22334558823529413
1 0.680241935483871 0.16865808823529413 0.025 0.030330882352941176
1 0.6891129032258064 0.1870404411764706 0.03306451612903226 0.04871323529411765
1 0.7205645161290323 0.18290441176470587 0.02338709677419355 0.022058823529411766
1 0.742741935483871 0.2568933823529412 0.02903225806451613 0.05606617647058824
1 0.771774193548387 0.2693014705882353 0.04032258064516129 0.05330882352941176
1 0.8120967741935484 0.27849264705882354 0.037096774193548385 0.04779411764705882
1 0.8282258064516129 0.31433823529411764 0.037096774193548385 0.034926470588235295
1 0.8282258064516129 0.3828125 0.041935483870967745 0.057904411764705885
1 0.8637096774193549 0.41590073529411764 0.037096774193548385 0.050551470588235295
1 0.8685483870967742 0.43566176470588236 0.03870967741935484 0.04779411764705882
1 0.8963709677419355 0.5317095588235294 0.03951612903225806 0.06341911764705882
1 0.9080645161290323 0.5946691176470589 0.05 0.07536764705882353
