1 0.17258064516129032 0.6870404411764706 0.07903225806451612 0.06709558823529412
1 0.7298387096774194 0.38327205882352944 0.025806451612903226 0.029411764705882353
1 0.7431451612903226 0.39797794117647056 0.025 0.029411764705882353
1 0.7495967741935484 0.4117647058823529 0.025 0.03125
1 0.294758064516129 0.3272058823529412 0.04435483870967742 0.07720588235294118
1 0.6923387096774194 0.42371323529411764 0.050806451612903224 0.05514705882352941
1 0.8012096774193549 0.5418198529411765 0.04758064516129032 0.05238970588235294
1 0.7899193548387097 0.5537683823529411 0.042741935483870966 0.05238970588235294
1 0.3056451612903226 0.19806985294117646 0.027419354838709678 0.030330882352941176
1 0.21451612903225806 0.22012867647058823 0.01935483870967742 0.03768382352941176
3 0.17056451612903226 0.3037683823529412 0.02338709677419355 0.05422794117647059
0 0.43024193548387096 0.2026654411764706 0.1782258064516129 0.1332720588235294
2 0.2955645161290323 0.18290441176470587 0.03790322580645161 0.03125
1 0.5935483870967742 0.21369485294117646 0.014516129032258065 0.02297794117647059
2 0.6544354838709677 0.22886029411764705 0.025 0.022058823529411766
2 0.635483870967742 0.23069852941176472 0.025806451612903226 0.025735294117647058
2 0.8931451612903226 0.7265625 0.028225806451612902 0.06893382352941177
1 0.8838709677419355 0.7743566176470589 0.03064516129032258 0.03952205882352941
