2 0.9846354166666667 0.48671875 0.016145833333333335 0.0203125
2 0.9768229166666667 0.47317708333333336 0.0203125 0.030729166666666665
2 0.8885416666666667 0.22708333333333333 0.023958333333333335 0.017708333333333333
3 0.8622395833333333 0.159375 0.0140625 0.010416666666666666
1 0.12552083333333333 0.1921875 0.01875 0.017708333333333333
1 0.1546875 0.29348958333333336 0.04375 0.027604166666666666
1 0.07369791666666667 0.2328125 0.015104166666666667 0.017708333333333333
1 0.03828125 0.28567708333333336 0.0140625 0.009895833333333333
1 0.9270833333333334 0.628125 0.023958333333333335 0.014583333333333334
4 0.5052083333333334 0.009375 0.036458333333333336 0.017708333333333333
1 0.7182291666666667 0.10963541666666667 0.022916666666666665 0.034895833333333334
1 0.4859375 0.03463541666666667 0.01875 0.03177083333333333
2 0.9674479166666666 0.478125 0.022395833333333334 0.034375
2 0.9533854166666667 0.59765625 0.022395833333333334 0.0296875
3 0.084375 0.21302083333333333 0.011458333333333333 0.014583333333333334
2 0.03046875 0.28229166666666666 0.0171875 0.01875
2 0.9833333333333333 0.5924479166666666 0.011458333333333333 0.019270833333333334
2 0.9682291666666667 0.62890625 0.013541666666666667 0.0203125
2 0.37578125 0.0484375 0.0515625 0.04375
2 0.6463541666666667 0.013020833333333334 0.028125 0.025
2 0.09895833333333333 0.19609375 0.027083333333333334 0.0296875
2 0.05234375 0.23359375 0.0140625 0.016145833333333335
1 0.9515625 0.62421875 0.01875 0.016145833333333335
1 0.8049479166666667 0.07994791666666666 0.0109375 0.015104166666666667
1 0.8161458333333333 0.1 0.0125 0.016666666666666666
1 0.7908854166666667 0.11015625 0.015104166666666667 0.019270833333333334
4 0.60625 0.008854166666666666 0.035416666666666666 0.016666666666666666
