2 0.6407258064516129 0.22794117647058823 0.031451612903225803 0.03125
2 0.4842741935483871 0.27389705882352944 0.11693548387096774 0.07904411764705882
1 0.4705645161290323 0.9117647058823529 0.15080645161290324 0.10110294117647059
1 0.3004032258064516 0.19117647058823528 0.03790322580645161 0.04779411764705882
2 0.27338709677419354 0.18106617647058823 0.04516129032258064 0.034926470588235295
2 0.2245967741935484 0.17509191176470587 0.03467741935483871 0.02849264705882353
2 0.2653225806451613 0.21645220588235295 0.05967741935483871 0.05422794117647059
2 0.8770161290322581 0.8520220588235294 0.028225806451612902 0.05698529411764706
1 0.8536290322580645 0.6429227941176471 0.050806451612903224 0.046875
2 0.7362903225806452 0.7219669117647058 0.14516129032258066 0.2104779411764706
2 0.864516129032258 0.7490808823529411 0.056451612903225805 0.11948529411764706
1 0.7524193548387097 0.40808823529411764 0.025806451612903226 0.03308823529411765
3 0.7294354838709678 0.3727022058823529 0.02661290322580645 0.03400735294117647
3 0.7370967741935484 0.38556985294117646 0.024193548387096774 0.03952205882352941
1 0.6697580645161291 0.3446691176470588 0.03951612903225806 0.04595588235294118
1 0.7322580645161291 0.3828125 0.03064516129032258 0.03400735294117647
1 0.7451612903225806 0.3961397058823529 0.02903225806451613 0.034926470588235295
