2 0.9885416666666667 0.45859375 0.019791666666666666 0.03177083333333333
2 0.9838541666666667 0.48541666666666666 0.017708333333333333 0.023958333333333335
2 0.98125 0.5447916666666667 0.016666666666666666 0.023958333333333335
2 0.8877604166666667 0.22890625 0.021354166666666667 0.019270833333333334
3 0.9682291666666667 0.43333333333333335 0.017708333333333333 0.008333333333333333
2 0.8481770833333333 0.15598958333333332 0.021354166666666667 0.028645833333333332
2 0.9713541666666666 0.62109375 0.015625 0.019270833333333334
2 0.9546875 0.6018229166666667 0.01875 0.0234375
1 0.515625 0.059375 0.017708333333333333 0.0375
1 0.5778645833333333 0.020833333333333332 0.0140625 0.027083333333333334
