2 0.30121951219512194 0.1792279411764706 0.036585365853658534 0.03308823529411765
2 0.3975609756097561 0.16544117647058823 0.03414634146341464 0.03308823529411765
2 0.483739837398374 0.16636029411764705 0.03414634146341464 0.029411764705882353
1 0.3410569105691057 0.18612132352941177 0.02195121951219512 0.03952205882352941
1 0.3065040650406504 0.1957720588235294 0.01788617886178862 0.029411764705882353
1 0.2032520325203252 0.21966911764705882 0.02926829268292683 0.04779411764705882
2 0.608130081300813 0.22840073529411764 0.08292682926829269 0.05974264705882353
2 0.3146341463414634 0.34237132352941174 0.1967479674796748 0.1130514705882353
2 0.17276422764227642 0.30514705882352944 0.12276422764227642 0.09926470588235294
1 0.45203252032520325 0.19898897058823528 0.04552845528455285 0.046875
1 0.408130081300813 0.20542279411764705 0.04227642276422764 0.04503676470588235
2 0.17804878048780487 0.5197610294117647 0.17886178861788618 0.14430147058823528
1 0.8735772357723577 0.6199448529411765 0.046341463414634146 0.06709558823529412
2 0.7890243902439025 0.32858455882352944 0.04796747967479675 0.04136029411764706
1 0.2703252032520325 0.21461397058823528 0.043089430894308944 0.04503676470588235
