1 0.24308943089430896 0.20818014705882354 0.02113821138211382 0.04136029411764706
1 0.20894308943089432 0.21737132352941177 0.016260162601626018 0.03952205882352941
1 0.1975609756097561 0.22472426470588236 0.016260162601626018 0.04136029411764706
2 0.8410569105691057 0.4397977941176471 0.044715447154471545 0.0744485294117647
2 0.8130081300813008 0.3400735294117647 0.03577235772357724 0.042279411764705885
2 0.5479674796747968 0.3161764705882353 0.16422764227642275 0.0900735294117647
1 0.12073170731707317 0.2931985294117647 0.03008130081300813 0.04779411764705882
1 0.6894308943089431 0.2610294117647059 0.026016260162601626 0.03308823529411765
2 0.8556910569105691 0.3161764705882353 0.013821138211382113 0.016544117647058824
2 0.859349593495935 0.3322610294117647 0.011382113821138212 0.019301470588235295
2 0.8406504065040651 0.3368566176470588 0.01951219512195122 0.02665441176470588
