1 0.16666666666666666 0.36121323529411764 0.058634538152610445 0.0900735294117647
1 0.24819277108433735 0.7941176470588235 0.09477911646586346 0.11029411764705882
3 0.3144578313253012 0.7518382352941176 0.05542168674698795 0.07904411764705882
2 0.3682730923694779 0.14384191176470587 0.04578313253012048 0.024816176470588234
2 0.41967871485943775 0.16176470588235295 0.05060240963855422 0.029411764705882353
1 0.5393574297188755 0.20220588235294118 0.021686746987951807 0.029411764705882353
1 0.559437751004016 0.21415441176470587 0.023293172690763052 0.025735294117647058
2 0.793574297188755 0.453125 0.05140562248995984 0.07536764705882353
2 0.6670682730923695 0.2270220588235294 0.021686746987951807 0.02389705882352941
2 0.6449799196787148 0.2265625 0.024096385542168676 0.02297794117647059
3 0.7485943775100402 0.40119485294117646 0.02570281124497992 0.03768382352941176
1 0.5971887550200803 0.20863970588235295 0.013654618473895583 0.014705882352941176
1 0.6152610441767068 0.21277573529411764 0.014457831325301205 0.019301470588235295
1 0.6220883534136546 0.2270220588235294 0.016867469879518072 0.02389705882352941
1 0.636144578313253 0.23575367647058823 0.01285140562248996 0.019301470588235295
1 0.6522088353413654 0.23667279411764705 0.01285140562248996 0.015625
1 0.6634538152610442 0.23805147058823528 0.014457831325301205 0.014705882352941176
1 0.6883534136546184 0.23851102941176472 0.011244979919678716 0.017463235294117647
1 0.5811244979919679 0.25137867647058826 0.028112449799196786 0.03400735294117647
1 0.3682730923694779 0.4696691176470588 0.07791164658634538 0.1213235294117647
1 0.3751004016064257 0.16727941176470587 0.01927710843373494 0.022058823529411766
2 0.44738955823293175 0.9269301470588235 0.21526104417670683 0.14430147058823528
2 0.2710843373493976 0.16590073529411764 0.021686746987951807 0.024816176470588234
2 0.2923694779116466 0.17555147058823528 0.035341365461847386 0.03308823529411765
1 0.3172690763052209 0.1948529411764706 0.020883534136546186 0.027573529411764705
1 0.3357429718875502 0.2026654411764706 0.027309236947791166 0.03952205882352941
1 0.363855421686747 0.23069852941176472 0.033734939759036145 0.04779411764705882
1 0.2919678714859438 0.18933823529411764 0.020080321285140562 0.027573529411764705
1 0.3313253012048193 0.19301470588235295 0.021686746987951807 0.027573529411764705
2 0.27068273092369477 0.15073529411764705 0.017670682730923693 0.016544117647058824
2 0.3 0.15487132352941177 0.024899598393574297 0.021139705882352942
2 0.3 0.14613970588235295 0.024899598393574297 0.016544117647058824
1 0.8746987951807229 0.6135110294117647 0.030522088353413655 0.04136029411764706
1 0.8887550200803213 0.7408088235294118 0.02971887550200803 0.034926470588235295
2 0.8144578313253013 0.9379595588235294 0.04497991967871486 0.04871323529411765
2 0.25622489959839356 0.15854779411764705 0.030522088353413655 0.02297794117647059
