1 0.5181451612903226 0.19944852941176472 0.021774193548387097 0.029411764705882353
1 0.5774193548387097 0.24448529411764705 0.020967741935483872 0.029411764705882353
1 0.5689516129032258 0.27297794117647056 0.02338709677419355 0.03308823529411765
1 0.6911290322580645 0.9324448529411765 0.06129032258064516 0.0818014705882353
1 0.7625 0.7982536764705882 0.042741935483870966 0.057904411764705885
1 0.7693548387096775 0.8285845588235294 0.0467741935483871 0.05606617647058824
1 0.7556451612903226 0.9250919117647058 0.054838709677419356 0.06158088235294118
2 0.7923387096774194 0.4885110294117647 0.021774193548387097 0.030330882352941176
2 0.8096774193548387 0.6631433823529411 0.027419354838709678 0.04503676470588235
1 0.7431451612903226 0.4416360294117647 0.020161290322580645 0.02849264705882353
2 0.8193548387096774 0.5477941176470589 0.016129032258064516 0.02389705882352941
2 0.7737903225806452 0.5091911764705882 0.029838709677419355 0.042279411764705885
