3 0.9321138211382114 0.6107536764705882 0.043089430894308944 0.057904411764705885
1 0.15447154471544716 0.7311580882352942 0.06666666666666667 0.10386029411764706
2 0.7069105691056911 0.21415441176470587 0.07723577235772358 0.04595588235294118
2 0.8004065040650407 0.24310661764705882 0.052845528455284556 0.035845588235294115
2 0.8483739837398374 0.2610294117647059 0.03983739837398374 0.03860294117647059
1 0.5560975609756098 0.16498161764705882 0.02926829268292683 0.02665441176470588
1 0.532520325203252 0.16222426470588236 0.026016260162601626 0.02849264705882353
1 0.501219512195122 0.16636029411764705 0.025203252032520326 0.03125
1 0.474390243902439 0.16865808823529413 0.02032520325203252 0.03216911764705882
2 0.44552845528455287 0.2192095588235294 0.1024390243902439 0.05238970588235294
1 0.823170731707317 0.31433823529411764 0.034959349593495934 0.04779411764705882
1 0.6056910569105691 0.16636029411764705 0.027642276422764227 0.029411764705882353
1 0.21016260162601627 0.3874080882352941 0.046341463414634146 0.057904411764705885
0 0.27439024390243905 0.2734375 0.26260162601626014 0.19761029411764705
1 0.06341463414634146 0.46920955882352944 0.016260162601626018 0.02297794117647059
