2 0.8872395833333333 0.228125 0.0203125 0.01875
2 0.9778645833333334 0.47291666666666665 0.0203125 0.029166666666666667
3 0.8609375 0.15911458333333334 0.013541666666666667 0.011979166666666667
3 0.8484375 0.6 0.040625 0.021875
3 0.20572916666666666 0.12630208333333334 0.017708333333333333 0.025520833333333333
3 0.43020833333333336 0.009114583333333334 0.009375 0.0171875
3 0.96953125 0.6244791666666667 0.011979166666666667 0.009375
1 0.9533854166666667 0.60859375 0.021354166666666667 0.0109375
1 0.9528645833333333 0.6229166666666667 0.021354166666666667 0.013541666666666667
1 0.74765625 0.15807291666666667 0.0265625 0.03802083333333333
1 0.06302083333333333 0.26536458333333335 0.01875 0.013020833333333334
1 0.8041666666666667 0.08411458333333334 0.011458333333333333 0.013020833333333334
1 0.8302083333333333 0.12526041666666668 0.010416666666666666 0.018229166666666668
1 0.01953125 0.30104166666666665 0.011979166666666667 0.008333333333333333
2 0.16979166666666667 0.35963541666666665 0.09270833333333334 0.06822916666666666
2 0.024739583333333332 0.321875 0.018229166666666668 0.019791666666666666
2 0.09895833333333333 0.19583333333333333 0.027083333333333334 0.029166666666666667
2 0.09166666666666666 0.32395833333333335 0.05416666666666667 0.084375
2 0.7958333333333333 0.07369791666666667 0.014583333333333334 0.021354166666666667
2 0.7885416666666667 0.084375 0.019791666666666666 0.025
2 0.9427083333333334 0.5247395833333334 0.030208333333333334 0.04010416666666667
2 0.5958333333333333 0.01015625 0.03229166666666667 0.019270833333333334
2 0.12578125 0.23046875 0.043229166666666666 0.03697916666666667
2 0.81015625 0.13046875 0.033854166666666664 0.034895833333333334
