1 0.6457142857142857 0.2568933823529412 0.014693877551020407 0.015625
1 0.7485714285714286 0.31755514705882354 0.009795918367346938 0.01011029411764706
1 0.7277551020408163 0.3170955882352941 0.012244897959183673 0.016544117647058824
2 0.7661224489795918 0.3327205882352941 0.013877551020408163 0.01838235294117647
2 0.7502040816326531 0.32858455882352944 0.022857142857142857 0.021139705882352942
3 0.7914285714285715 0.5992647058823529 0.05795918367346939 0.06801470588235294
0 0.27224489795918366 0.19990808823529413 0.05795918367346939 0.035845588235294115
1 0.2506122448979592 0.22334558823529413 0.013061224489795919 0.016544117647058824
1 0.060408163265306125 0.4852941176470588 0.019591836734693877 0.07536764705882353
2 0.10204081632653061 0.4250919117647059 0.062040816326530614 0.13878676470588236
4 0.5955102040816327 0.23805147058823528 0.04979591836734694 0.03308823529411765
1 0.46122448979591835 0.20863970588235295 0.019591836734693877 0.02022058823529412
