3 0.8947154471544716 0.5997242647058824 0.06910569105691057 0.05974264705882353
3 0.9150406504065041 0.7026654411764706 0.05934959349593496 0.06341911764705882
3 0.8951219512195122 0.7389705882352942 0.056910569105691054 0.058823529411764705
2 0.25203252032520324 0.24816176470588236 0.05040650406504065 0.03676470588235294
1 0.582520325203252 0.32950367647058826 0.08048780487804878 0.078125
4 0.1796747967479675 0.33409926470588236 0.183739837398374 0.16636029411764705
0 0.054878048780487805 0.42830882352941174 0.01869918699186992 0.03860294117647059
1 0.7439024390243902 0.19715073529411764 0.022764227642276424 0.024816176470588234
1 0.5032520325203252 0.171875 0.032520325203252036 0.03308823529411765
1 0.33658536585365856 0.20818014705882354 0.026016260162601626 0.030330882352941176
1 0.4585365853658537 0.17325367647058823 0.01951219512195122 0.02849264705882353
3 0.5898373983739837 0.15854779411764705 0.01869918699186992 0.030330882352941176
3 0.48252032520325205 0.16268382352941177 0.013821138211382113 0.03308823529411765
3 0.42317073170731706 0.17325367647058823 0.02195121951219512 0.030330882352941176
2 0.8345528455284553 0.24448529411764705 0.036585365853658534 0.03125
2 0.8817073170731707 0.2821691176470588 0.026829268292682926 0.025735294117647058
2 0.37642276422764226 0.9650735294117647 0.13658536585365855 0.06801470588235294
2 0.04959349593495935 0.48713235294117646 0.02113821138211382 0.03125
