2 0.3 0.17693014705882354 0.032520325203252036 0.035845588235294115
2 0.3983739837398374 0.16681985294117646 0.03414634146341464 0.02665441176470588
1 0.8686991869918699 0.6217830882352942 0.036585365853658534 0.05606617647058824
1 0.843089430894309 0.7132352941176471 0.03577235772357724 0.04779411764705882
1 0.8402439024390244 0.3984375 0.015447154471544716 0.02665441176470588
1 0.7808943089430894 0.2844669117647059 0.01056910569105691 0.015625
1 0.7609756097560976 0.26746323529411764 0.014634146341463415 0.016544117647058824
1 0.748780487804878 0.2702205882352941 0.00975609756097561 0.016544117647058824
1 0.6991869918699187 0.2495404411764706 0.016260162601626018 0.02665441176470588
2 0.8186991869918699 0.30514705882352944 0.02113821138211382 0.025735294117647058
1 0.8634146341463415 0.6663602941176471 0.04552845528455285 0.034926470588235295
1 0.4410569105691057 0.20588235294117646 0.046341463414634146 0.042279411764705885
1 0.3 0.21323529411764705 0.04227642276422764 0.042279411764705885
1 0.12682926829268293 0.31204044117647056 0.030894308943089432 0.046875
4 0.1402439024390244 0.2532169117647059 0.06747967479674796 0.09099264705882353
1 0.7983739837398374 0.28400735294117646 0.00975609756097561 0.016544117647058824
