2 0.8049479166666667 0.12867647058823528 0.043229166666666666 0.07904411764705882
2 0.7809895833333333 0.11443014705882353 0.050520833333333334 0.07628676470588236
2 0.878125 0.2348345588235294 0.023958333333333335 0.04503676470588235
1 0.8596354166666667 0.5298713235294118 0.04010416666666667 0.0744485294117647
1 0.1109375 0.8929227941176471 0.03958333333333333 0.109375
1 0.02578125 0.8419117647058824 0.027604166666666666 0.07720588235294118
1 0.04869791666666667 0.8460477941176471 0.034895833333333334 0.10018382352941177
2 0.07630208333333334 0.2679227941176471 0.03177083333333333 0.06709558823529412
3 0.8192708333333333 0.5514705882352942 0.058333333333333334 0.09375
1 0.8268229166666666 0.16819852941176472 0.015104166666666667 0.027573529411764705
1 0.7919270833333333 0.15441176470588236 0.021354166666666667 0.042279411764705885
1 0.048177083333333336 0.5592830882352942 0.0328125 0.03952205882352941
2 0.8877604166666667 0.3147977941176471 0.0296875 0.06341911764705882
3 0.5369791666666667 0.6300551470588235 0.06875 0.08915441176470588
3 0.5666666666666667 0.7242647058823529 0.06145833333333333 0.0974264705882353
3 0.603125 0.05974264705882353 0.021875 0.07169117647058823
3 0.008072916666666667 0.7306985294117647 0.015104166666666667 0.022058823529411766
1 0.846875 0.19117647058823528 0.016666666666666666 0.025735294117647058
1 0.8526041666666667 0.19898897058823528 0.0125 0.02849264705882353
3 0.8651041666666667 0.21507352941176472 0.010416666666666666 0.02389705882352941
