2 0.3008130081300813 0.17830882352941177 0.03577235772357724 0.029411764705882353
2 0.3983739837398374 0.16590073529411764 0.04065040650406504 0.03400735294117647
1 0.8695121951219512 0.6158088235294118 0.034959349593495934 0.027573529411764705
1 0.8613821138211382 0.6681985294117647 0.03983739837398374 0.04044117647058824
1 0.8455284552845529 0.6994485294117647 0.04227642276422764 0.05514705882352941
4 0.13739837398373983 0.2541360294117647 0.061788617886178863 0.08363970588235294
3 0.3516260162601626 0.17049632352941177 0.01707317073170732 0.03216911764705882
1 0.748780487804878 0.2545955882352941 0.01788617886178862 0.016544117647058824
1 0.7085365853658536 0.25 0.01707317073170732 0.02022058823529412
2 0.8211382113821138 0.28722426470588236 0.016260162601626018 0.015625
2 0.8215447154471545 0.30330882352941174 0.01869918699186992 0.02389705882352941
2 0.7626016260162601 0.28308823529411764 0.03902439024390244 0.03308823529411765
1 0.6886178861788618 0.2495404411764706 0.022764227642276424 0.02665441176470588
1 0.6280487804878049 0.21875 0.025203252032520326 0.029411764705882353
1 0.6516260162601626 0.234375 0.01869918699186992 0.025735294117647058
1 0.5552845528455285 0.20220588235294118 0.02926829268292683 0.03308823529411765
1 0.5849593495934959 0.22012867647058823 0.03333333333333333 0.030330882352941176
2 0.6463414634146342 0.27297794117647056 0.09268292682926829 0.05514705882352941
1 0.4951219512195122 0.18428308823529413 0.02926829268292683 0.02849264705882353
1 0.3886178861788618 0.19301470588235295 0.03414634146341464 0.042279411764705885
1 0.19308943089430894 0.24908088235294118 0.03333333333333333 0.04411764705882353
2 0.12601626016260162 0.29641544117647056 0.07804878048780488 0.07077205882352941
2 0.4378048780487805 0.22012867647058823 0.12276422764227642 0.05974264705882353
4 0.1048780487804878 0.35202205882352944 0.07479674796747968 0.09926470588235294
