1 0.16626506024096385 0.36121323529411764 0.06104417670682731 0.0900735294117647
1 0.24859437751004015 0.7936580882352942 0.09397590361445783 0.11121323529411764
3 0.3144578313253012 0.7504595588235294 0.05381526104417671 0.07996323529411764
0 0.3385542168674699 0.16498161764705882 0.060240963855421686 0.04503676470588235
1 0.3859437751004016 0.17371323529411764 0.020080321285140562 0.025735294117647058
1 0.4562248995983936 0.21231617647058823 0.027309236947791166 0.03860294117647059
1 0.536144578313253 0.2601102941176471 0.03614457831325301 0.04411764705882353
1 0.5542168674698795 0.28768382352941174 0.04176706827309237 0.05698529411764706
2 0.4907630522088353 0.27481617647058826 0.10923694779116466 0.08088235294117647
2 0.3682730923694779 0.14384191176470587 0.04578313253012048 0.024816176470588234
2 0.41967871485943775 0.16176470588235295 0.05060240963855422 0.029411764705882353
1 0.5397590361445783 0.20082720588235295 0.02570281124497992 0.03400735294117647
1 0.5622489959839357 0.21645220588235295 0.027309236947791166 0.030330882352941176
2 0.7939759036144578 0.45450367647058826 0.05220883534136546 0.07261029411764706
2 0.6666666666666666 0.22564338235294118 0.02248995983935743 0.024816176470588234
2 0.6449799196787148 0.2265625 0.024096385542168676 0.02297794117647059
3 0.6959839357429719 0.29963235294117646 0.020080321285140562 0.03125
3 0.6935742971887551 0.2789522058823529 0.015261044176706828 0.021139705882352942
1 0.5971887550200803 0.20863970588235295 0.013654618473895583 0.02022058823529412
1 0.6152610441767068 0.21323529411764705 0.01606425702811245 0.02022058823529412
1 0.6208835341365462 0.22886029411764705 0.01606425702811245 0.02389705882352941
1 0.642570281124498 0.23667279411764705 0.011244979919678716 0.019301470588235295
1 0.6341365461847389 0.23713235294117646 0.013654618473895583 0.02022058823529412
1 0.6943775100401607 0.39889705882352944 0.04578313253012048 0.042279411764705885
1 0.7056224899598393 0.4407169117647059 0.05542168674698795 0.05974264705882353
2 0.44779116465863456 0.9273897058823529 0.21285140562248997 0.14338235294117646
2 0.26987951807228916 0.16636029411764705 0.020883534136546186 0.02389705882352941
2 0.29397590361445786 0.17647058823529413 0.035341365461847386 0.03308823529411765
1 0.3152610441767068 0.19439338235294118 0.020080321285140562 0.02665441176470588
1 0.3293172690763052 0.19806985294117646 0.027309236947791166 0.03952205882352941
1 0.3514056224899598 0.20909926470588236 0.021686746987951807 0.03216911764705882
1 0.3550200803212851 0.22886029411764705 0.033734939759036145 0.04779411764705882
1 0.2927710843373494 0.18933823529411764 0.020080321285140562 0.027573529411764705
2 0.29397590361445786 0.2495404411764706 0.07068273092369477 0.0818014705882353
1 0.23012048192771084 0.17647058823529413 0.015261044176706828 0.025735294117647058
1 0.20883534136546184 0.19393382352941177 0.01285140562248996 0.027573529411764705
1 0.21927710843373494 0.203125 0.01927710843373494 0.03308823529411765
1 0.20722891566265061 0.23759191176470587 0.01927710843373494 0.043198529411764705
1 0.8714859437751004 0.6185661764705882 0.027309236947791166 0.04044117647058824
1 0.8863453815261044 0.6897977941176471 0.02650602409638554 0.03216911764705882
1 0.885140562248996 0.7196691176470589 0.030522088353413655 0.034926470588235295
2 0.7863453815261044 0.7771139705882353 0.10763052208835341 0.17371323529411764
2 0.25140562248995985 0.15992647058823528 0.02570281124497992 0.02389705882352941
