1 0.2685483870967742 0.6709558823529411 0.14193548387096774 0.14522058823529413
2 0.6358870967741935 0.22380514705882354 0.029838709677419355 0.02665441176470588
2 0.6560483870967742 0.22426470588235295 0.021774193548387097 0.029411764705882353
2 0.6838709677419355 0.25183823529411764 0.027419354838709678 0.029411764705882353
2 0.3032258064516129 0.1870404411764706 0.05806451612903226 0.043198529411764705
1 0.7294354838709678 0.3837316176470588 0.025 0.03400735294117647
1 0.7431451612903226 0.39889705882352944 0.02661290322580645 0.03125
3 0.7411290322580645 0.3883272058823529 0.025806451612903226 0.04136029411764706
1 0.7528225806451613 0.4103860294117647 0.02661290322580645 0.03216911764705882
1 0.8165322580645161 0.6153492647058824 0.049193548387096775 0.06709558823529412
