1 0.5926267281105991 0.1208639705882353 0.012903225806451613 0.02665441176470588
2 0.5331797235023041 0.10753676470588236 0.02488479262672811 0.027573529411764705
3 0.45622119815668205 0.13373161764705882 0.018433179723502304 0.035845588235294115
1 0.5981566820276498 0.45450367647058826 0.08663594470046083 0.043198529411764705
1 0.676036866359447 0.18887867647058823 0.03778801843317972 0.035845588235294115
0 0.8253456221198157 0.33777573529411764 0.27557603686635945 0.20680147058823528
2 0.4539170506912442 0.2693014705882353 0.1576036866359447 0.07169117647058823
1 0.8576036866359447 0.5721507352941176 0.06359447004608294 0.05422794117647059
3 0.4253456221198157 0.12454044117647059 0.011981566820276499 0.03400735294117647
3 0.3921658986175115 0.11948529411764706 0.010138248847926268 0.022058823529411766
1 0.1152073732718894 0.5004595588235294 0.04423963133640553 0.021139705882352942
2 0.09585253456221199 0.4181985294117647 0.04423963133640553 0.04044117647058824
2 0.047926267281105994 0.45909926470588236 0.029493087557603687 0.03216911764705882
2 0.052534562211981564 0.4912683823529412 0.03133640552995392 0.03216911764705882
2 0.020276497695852536 0.5082720588235294 0.018433179723502304 0.02389705882352941
