2 0.2983739837398374 0.17463235294117646 0.03739837398373984 0.04044117647058824
1 0.2821138211382114 0.21737132352941177 0.05040650406504065 0.06158088235294118
2 0.4008130081300813 0.21691176470588236 0.14634146341463414 0.07904411764705882
1 0.8686991869918699 0.6153492647058824 0.036585365853658534 0.04871323529411765
1 0.8617886178861789 0.6608455882352942 0.04878048780487805 0.051470588235294115
1 0.8443089430894309 0.7012867647058824 0.044715447154471545 0.05330882352941176
2 0.3955284552845528 0.16590073529411764 0.044715447154471545 0.043198529411764705
1 0.48292682926829267 0.18152573529411764 0.030894308943089432 0.035845588235294115
1 0.540650406504065 0.20542279411764705 0.03739837398373984 0.04136029411764706
2 0.09878048780487805 0.3161764705882353 0.044715447154471545 0.0625
1 0.16504065040650406 0.2693014705882353 0.032520325203252036 0.03676470588235294
1 0.7459349593495935 0.25597426470588236 0.015447154471544716 0.019301470588235295
2 0.7178861788617886 0.2532169117647059 0.055284552845528454 0.03400735294117647
2 0.7365853658536585 0.2858455882352941 0.06341463414634146 0.04044117647058824
2 0.8569105691056911 0.32536764705882354 0.013008130081300813 0.02022058823529412
2 0.808130081300813 0.2821691176470588 0.01951219512195122 0.02389705882352941
2 0.7682926829268293 0.2693014705882353 0.030894308943089432 0.03308823529411765
2 0.8239837398373984 0.33777573529411764 0.028455284552845527 0.043198529411764705
1 0.808130081300813 0.34558823529411764 0.01951219512195122 0.034926470588235295
4 0.1402439024390244 0.2545955882352941 0.09024390243902439 0.09375
1 0.6959349593495935 0.2261029411764706 0.014634146341463415 0.03125
