2 0.9770833333333333 0.47317708333333336 0.020833333333333332 0.030729166666666665
2 0.99140625 0.4546875 0.0140625 0.026041666666666668
2 0.8885416666666667 0.22734375 0.023958333333333335 0.0171875
3 0.7854166666666667 0.596875 0.046875 0.025
3 0.12421875 0.33359375 0.027604166666666666 0.0140625
1 0.05026041666666667 0.28046875 0.0171875 0.0109375
1 0.07682291666666667 0.32473958333333336 0.030729166666666665 0.021354166666666667
1 0.10598958333333333 0.23072916666666668 0.022395833333333334 0.014583333333333334
1 0.11614583333333334 0.23515625 0.027083333333333334 0.0203125
1 0.10677083333333333 0.25 0.03229166666666667 0.017708333333333333
1 0.10494791666666667 0.2609375 0.0296875 0.026041666666666668
4 0.9549479166666667 0.63125 0.0265625 0.023958333333333335
2 0.6776041666666667 0.16901041666666666 0.109375 0.1171875
2 0.8239583333333333 0.12838541666666667 0.023958333333333335 0.028645833333333332
2 0.8213541666666667 0.16588541666666667 0.0375 0.04739583333333333
2 0.16875 0.35859375 0.09270833333333334 0.0609375
2 0.971875 0.56171875 0.01875 0.0234375
2 0.9635416666666666 0.48333333333333334 0.029166666666666667 0.03854166666666667
2 0.07473958333333333 0.24739583333333334 0.025520833333333333 0.030208333333333334
2 0.09947916666666666 0.23463541666666668 0.034375 0.030729166666666665
2 0.05963541666666667 0.25833333333333336 0.022395833333333334 0.026041666666666668
2 0.98125 0.6104166666666667 0.011458333333333333 0.01875
2 0.9700520833333334 0.62265625 0.0140625 0.0203125
2 0.09895833333333333 0.19609375 0.027083333333333334 0.0296875
2 0.052083333333333336 0.23333333333333334 0.014583333333333334 0.016666666666666666
