2 0.7165322580645161 0.40579044117647056 0.0814516129032258 0.09283088235294118
1 0.17096774193548386 0.6847426470588235 0.07903225806451612 0.0661764705882353
1 0.7205645161290323 0.36994485294117646 0.02338709677419355 0.024816176470588234
1 0.43306451612903224 0.20955882352941177 0.03064516129032258 0.04595588235294118
1 0.6733870967741935 0.3883272058823529 0.04516129032258064 0.05606617647058824
1 0.7088709677419355 0.44347426470588236 0.05 0.05606617647058824
1 0.7818548387096774 0.5551470588235294 0.049193548387096775 0.06066176470588235
1 0.8483870967741935 0.625 0.041935483870967745 0.04779411764705882
1 0.25483870967741934 0.7261029411764706 0.06290322580645161 0.14338235294117646
2 0.6270161290322581 0.26056985294117646 0.04435483870967742 0.04136029411764706
2 0.5189516129032258 0.3102022058823529 0.1153225806451613 0.09650735294117647
2 0.33548387096774196 0.1801470588235294 0.05 0.034926470588235295
2 0.2786290322580645 0.17784926470588236 0.04112903225806452 0.030330882352941176
1 0.30685483870967745 0.1870404411764706 0.018548387096774192 0.02665441176470588
1 0.29758064516129035 0.19347426470588236 0.02258064516129032 0.02665441176470588
1 0.2778225806451613 0.1957720588235294 0.021774193548387097 0.02389705882352941
1 0.25483870967741934 0.17417279411764705 0.017741935483870968 0.02297794117647059
2 0.6330645161290323 0.22012867647058823 0.02903225806451613 0.02665441176470588
2 0.6580645161290323 0.22058823529411764 0.027419354838709678 0.03308823529411765
1 0.5645161290322581 0.20955882352941177 0.01935483870967742 0.022058823529411766
1 0.5862903225806452 0.20680147058823528 0.016129032258064516 0.02022058823529412
1 0.6254032258064516 0.23253676470588236 0.01532258064516129 0.02022058823529412
