1 0.08790322580645162 0.6259191176470589 0.08709677419354839 0.08455882352941177
1 0.0935483870967742 0.7201286764705882 0.09516129032258064 0.07996323529411764
2 0.11693548387096774 0.33731617647058826 0.07096774193548387 0.09191176470588236
1 0.13588709677419356 0.38097426470588236 0.062096774193548386 0.09283088235294118
1 0.08346774193548387 0.3851102941176471 0.03790322580645161 0.07904411764705882
1 0.7471774193548387 0.45496323529411764 0.025 0.022058823529411766
1 0.7814516129032258 0.5813419117647058 0.03064516129032258 0.03400735294117647
2 0.7790322580645161 0.5045955882352942 0.03225806451612903 0.04595588235294118
2 0.8209677419354838 0.5427389705882353 0.017741935483870968 0.02665441176470588
2 0.8419354838709677 0.6112132352941176 0.01935483870967742 0.025735294117647058
2 0.8274193548387097 0.6052389705882353 0.02258064516129032 0.035845588235294115
2 0.8120967741935484 0.6576286764705882 0.035483870967741936 0.043198529411764705
4 0.7987903225806452 0.49954044117647056 0.03951612903225806 0.05422794117647059
3 0.39798387096774196 0.14568014705882354 0.016935483870967744 0.02849264705882353
3 0.7790322580645161 0.8630514705882353 0.04516129032258064 0.029411764705882353
0 0.05241935483870968 0.484375 0.06451612903225806 0.18566176470588236
