2 0.3008130081300813 0.17509191176470587 0.03739837398373984 0.03216911764705882
2 0.39715447154471545 0.1636029411764706 0.041463414634146344 0.03308823529411765
2 0.8390243902439024 0.296875 0.011382113821138212 0.012867647058823529
1 0.8121951219512196 0.2881433823529412 0.00975609756097561 0.011948529411764705
1 0.8008130081300813 0.2835477941176471 0.00975609756097561 0.015625
1 0.7808943089430894 0.28125 0.013821138211382113 0.02022058823529412
1 0.7630081300813009 0.27297794117647056 0.012195121951219513 0.01838235294117647
2 0.8260162601626017 0.30422794117647056 0.01788617886178862 0.02389705882352941
2 0.791869918699187 0.29871323529411764 0.024390243902439025 0.029411764705882353
1 0.7117886178861789 0.2522977941176471 0.02032520325203252 0.019301470588235295
1 0.7426829268292683 0.2711397058823529 0.015447154471544716 0.014705882352941176
1 0.7203252032520325 0.2702205882352941 0.022764227642276424 0.02389705882352941
1 0.8333333333333334 0.35294117647058826 0.01788617886178862 0.02022058823529412
1 0.8056910569105691 0.34420955882352944 0.014634146341463415 0.024816176470588234
1 0.7617886178861789 0.3180147058823529 0.01951219512195122 0.03308823529411765
1 0.7191056910569106 0.28952205882352944 0.023577235772357725 0.025735294117647058
1 0.816260162601626 0.3805147058823529 0.02113821138211382 0.03308823529411765
1 0.8211382113821138 0.4186580882352941 0.01951219512195122 0.03400735294117647
1 0.6524390243902439 0.22104779411764705 0.01869918699186992 0.019301470588235295
1 0.6451219512195122 0.24126838235294118 0.026829268292682926 0.024816176470588234
1 0.6703252032520325 0.26056985294117646 0.028455284552845527 0.02849264705882353
1 0.6109756097560975 0.22748161764705882 0.03008130081300813 0.030330882352941176
1 0.566260162601626 0.21553308823529413 0.036585365853658534 0.03216911764705882
1 0.5040650406504065 0.19990808823529413 0.026016260162601626 0.030330882352941176
1 0.47560975609756095 0.19898897058823528 0.02926829268292683 0.02665441176470588
1 0.4686991869918699 0.21553308823529413 0.046341463414634146 0.035845588235294115
1 0.4524390243902439 0.23069852941176472 0.04959349593495935 0.04779411764705882
1 0.6394308943089431 0.3010110294117647 0.041463414634146344 0.050551470588235295
1 0.7048780487804878 0.3984375 0.04390243902439024 0.057904411764705885
1 0.7386178861788618 0.49080882352941174 0.052845528455284556 0.058823529411764705
1 0.5902439024390244 0.3681066176470588 0.056910569105691054 0.057904411764705885
1 0.5467479674796748 0.44025735294117646 0.07723577235772358 0.07904411764705882
1 0.37154471544715445 0.20680147058823528 0.04390243902439024 0.04779411764705882
1 0.3121951219512195 0.21966911764705882 0.04227642276422764 0.04779411764705882
1 0.29227642276422766 0.2610294117647059 0.05772357723577236 0.06433823529411764
1 0.21260162601626018 0.24080882352941177 0.038211382113821135 0.042279411764705885
1 0.11422764227642276 0.30284926470588236 0.028455284552845527 0.03768382352941176
1 0.09268292682926829 0.34099264705882354 0.027642276422764227 0.03676470588235294
1 0.15813008130081302 0.2991727941176471 0.038211382113821135 0.05606617647058824
1 0.20934959349593496 0.34512867647058826 0.06097560975609756 0.06158088235294118
1 0.07357723577235772 0.4508272058823529 0.028455284552845527 0.04871323529411765
1 0.10853658536585366 0.47702205882352944 0.05447154471544716 0.058823529411764705
1 0.11951219512195121 0.6006433823529411 0.06504065040650407 0.06341911764705882
2 0.6711382113821138 0.9646139705882353 0.08536585365853659 0.07077205882352941
1 0.8682926829268293 0.6162683823529411 0.03739837398373984 0.03216911764705882
1 0.8605691056910569 0.6686580882352942 0.036585365853658534 0.043198529411764705
1 0.841869918699187 0.7008272058823529 0.038211382113821135 0.050551470588235295
4 0.13902439024390245 0.2532169117647059 0.061788617886178863 0.078125
3 0.34796747967479674 0.17371323529411764 0.016260162601626018 0.034926470588235295
1 0.0443089430894309 0.5689338235294118 0.03170731707317073 0.05514705882352941
