2 0.8044270833333333 0.12729779411764705 0.0453125 0.07996323529411764
1 0.1109375 0.8920036764705882 0.03854166666666667 0.10753676470588236
1 0.025520833333333333 0.8409926470588235 0.026041666666666668 0.07536764705882353
1 0.05 0.8460477941176471 0.03125 0.09650735294117647
2 0.0765625 0.2679227941176471 0.03125 0.06709558823529412
1 0.8265625 0.16819852941176472 0.014583333333333334 0.027573529411764705
1 0.74296875 0.4375 0.07447916666666667 0.09375
1 0.5861979166666667 0.13097426470588236 0.050520833333333334 0.09283088235294118
1 0.17526041666666667 0.17876838235294118 0.027604166666666666 0.07077205882352941
1 0.44869791666666664 0.08915441176470588 0.05677083333333333 0.08639705882352941
4 0.0125 0.578125 0.023958333333333335 0.06801470588235294
2 0.7833333333333333 0.2693014705882353 0.10520833333333333 0.15441176470588236
3 0.3125 0.058823529411764705 0.019791666666666666 0.05698529411764706
1 0.8705729166666667 0.2265625 0.0109375 0.02297794117647059
2 0.038802083333333334 0.3170955882352941 0.015104166666666667 0.027573529411764705
