1 0.9158536585365854 0.49172794117647056 0.038211382113821135 0.05330882352941176
0 0.4605691056910569 0.17463235294117646 0.23008130081300812 0.10294117647058823
2 0.37845528455284555 0.9641544117647058 0.14715447154471545 0.06985294117647059
1 0.1861788617886179 0.9080882352941176 0.04878048780487805 0.06433823529411764
1 0.21991869918699186 0.9402573529411765 0.05447154471544716 0.06066176470588235
2 0.8638211382113821 0.27205882352941174 0.03170731707317073 0.029411764705882353
2 0.07601626016260163 0.39705882352941174 0.023577235772357725 0.029411764705882353
2 0.7491869918699187 0.22288602941176472 0.06097560975609756 0.03768382352941176
2 0.8138211382113821 0.24632352941176472 0.04552845528455285 0.034926470588235295
1 0.32642276422764227 0.21277573529411764 0.025203252032520326 0.02849264705882353
