1 0.41606425702811245 0.19025735294117646 0.017670682730923693 0.02389705882352941
1 0.40441767068273093 0.1875 0.012048192771084338 0.022058823529411766
1 0.39357429718875503 0.18382352941176472 0.011244979919678716 0.03125
1 0.38032128514056224 0.17647058823529413 0.013654618473895583 0.025735294117647058
1 0.3678714859437751 0.17509191176470587 0.014457831325301205 0.019301470588235295
3 0.3706827309236948 0.19117647058823528 0.015261044176706828 0.03308823529411765
1 0.36224899598393573 0.18658088235294118 0.01285140562248996 0.022058823529411766
1 0.3485943775100402 0.18841911764705882 0.011244979919678716 0.02022058823529412
1 0.3329317269076305 0.18474264705882354 0.016867469879518072 0.027573529411764705
1 0.5465863453815261 0.23023897058823528 0.02971887550200803 0.024816176470588234
1 0.25662650602409637 0.22242647058823528 0.020080321285140562 0.03860294117647059
1 0.1674698795180723 0.24494485294117646 0.018473895582329317 0.03952205882352941
1 0.15180722891566265 0.2532169117647059 0.01606425702811245 0.03216911764705882
1 0.14216867469879518 0.25735294117647056 0.014457831325301205 0.03676470588235294
1 0.12289156626506025 0.27068014705882354 0.01927710843373494 0.035845588235294115
1 0.10602409638554217 0.2803308823529412 0.014457831325301205 0.03308823529411765
1 0.09598393574297188 0.29044117647058826 0.013654618473895583 0.02389705882352941
1 0.14096385542168674 0.6263786764705882 0.07630522088353414 0.08915441176470588
1 0.19558232931726907 0.7095588235294118 0.09558232931726908 0.08455882352941177
1 0.17590361445783131 0.8060661764705882 0.0819277108433735 0.06433823529411764
2 0.8012048192771084 0.3869485294117647 0.023293172690763052 0.03308823529411765
1 0.6927710843373494 0.27389705882352944 0.015261044176706828 0.01838235294117647
1 0.6461847389558233 0.2578125 0.018473895582329317 0.021139705882352942
2 0.8040160642570281 0.3414522058823529 0.011244979919678716 0.015625
3 0.8373493975903614 0.5234375 0.023293172690763052 0.030330882352941176
1 0.7943775100401607 0.48161764705882354 0.030522088353413655 0.04595588235294118
