1 0.14979591836734693 0.3635110294117647 0.061224489795918366 0.109375
2 0.3579591836734694 0.14384191176470587 0.044897959183673466 0.024816176470588234
2 0.7906122448979592 0.45358455882352944 0.053061224489795916 0.07077205882352941
3 0.746938775510204 0.3952205882352941 0.024489795918367346 0.03860294117647059
3 0.7359183673469388 0.3883272058823529 0.030204081632653063 0.03952205882352941
3 0.7261224489795919 0.3671875 0.022040816326530613 0.03400735294117647
3 0.3106122448979592 0.7637867647058824 0.06775510204081632 0.07904411764705882
1 0.23877551020408164 0.7931985294117647 0.09714285714285714 0.125
2 0.41020408163265304 0.16314338235294118 0.053061224489795916 0.02665441176470588
2 0.2163265306122449 0.15165441176470587 0.013061224489795919 0.016544117647058824
2 0.23469387755102042 0.14338235294117646 0.015510204081632653 0.014705882352941176
2 0.2289795918367347 0.14981617647058823 0.02040816326530612 0.022058823529411766
2 0.24040816326530612 0.15625 0.022040816326530613 0.022058823529411766
0 0.27918367346938777 0.17049632352941177 0.03918367346938775 0.03400735294117647
1 0.2493877551020408 0.16865808823529413 0.018775510204081632 0.02297794117647059
1 0.30653061224489797 0.18290441176470587 0.026938775510204082 0.029411764705882353
1 0.2889795918367347 0.18887867647058823 0.02122448979591837 0.02665441176470588
1 0.3306122448979592 0.18520220588235295 0.026122448979591838 0.02849264705882353
1 0.33918367346938777 0.19761029411764705 0.026938775510204082 0.029411764705882353
1 0.34775510204081633 0.21599264705882354 0.03428571428571429 0.034926470588235295
2 0.8322448979591837 0.8800551470588235 0.05795918367346939 0.07261029411764706
0 0.9061224489795918 0.7077205882352942 0.035918367346938776 0.06801470588235294
1 0.8351020408163266 0.5243566176470589 0.022857142857142857 0.04503676470588235
1 0.8440816326530612 0.5409007352941176 0.024489795918367346 0.04136029411764706
1 0.8644897959183674 0.5799632352941176 0.022857142857142857 0.03860294117647059
1 0.873061224489796 0.6121323529411765 0.02857142857142857 0.04595588235294118
1 0.883265306122449 0.7362132352941176 0.0326530612244898 0.042279411764705885
1 0.8955102040816326 0.7959558823529411 0.029387755102040815 0.03125
1 0.813469387755102 0.5863970588235294 0.04979591836734694 0.04963235294117647
1 0.8497959183673469 0.5735294117647058 0.03428571428571429 0.051470588235294115
1 0.8428571428571429 0.6617647058823529 0.04653061224489796 0.04779411764705882
1 0.686530612244898 0.9829963235294118 0.08816326530612245 0.03400735294117647
1 0.6946938775510204 0.3327205882352941 0.02122448979591837 0.03308823529411765
1 0.23142857142857143 0.16314338235294118 0.017142857142857144 0.02297794117647059
1 0.576734693877551 0.20680147058823528 0.018775510204081632 0.02389705882352941
1 0.5910204081632653 0.2109375 0.0163265306122449 0.02665441176470588
1 0.6040816326530613 0.21369485294117646 0.014693877551020407 0.024816176470588234
2 0.6204081632653061 0.22564338235294118 0.029387755102040815 0.019301470588235295
1 0.6171428571428571 0.23529411764705882 0.017959183673469388 0.022058823529411766
1 0.6318367346938776 0.2421875 0.017959183673469388 0.024816176470588234
1 0.6485714285714286 0.2610294117647059 0.02040816326530612 0.027573529411764705
1 0.6787755102040817 0.23988970588235295 0.012244897959183673 0.01838235294117647
1 0.6473469387755102 0.2339154411764706 0.013061224489795919 0.021139705882352942
2 0.6632653061224489 0.23023897058823528 0.0236734693877551 0.02297794117647059
