1 0.7036734693877551 0.29549632352941174 0.00816326530612245 0.013786764705882353
2 0.7661224489795918 0.3336397058823529 0.013877551020408163 0.01838235294117647
2 0.7510204081632653 0.32858455882352944 0.022857142857142857 0.021139705882352942
2 0.5779591836734694 0.22794117647058823 0.019591836734693877 0.014705882352941176
2 0.7322448979591837 0.3115808823529412 0.029387755102040815 0.022058823529411766
2 0.10204081632653061 0.42371323529411764 0.05877551020408163 0.13786764705882354
3 0.19551020408163267 0.2578125 0.008979591836734694 0.02665441176470588
2 0.7314285714285714 0.35753676470588236 0.062040816326530614 0.05514705882352941
1 0.3628571428571429 0.23253676470588236 0.022040816326530613 0.025735294117647058
4 0.5714285714285714 0.25183823529411764 0.07673469387755102 0.04963235294117647
