3 0.932520325203252 0.6401654411764706 0.03577235772357724 0.057904411764705885
3 0.05203252032520325 0.5482536764705882 0.016260162601626018 0.02849264705882353
3 0.18902439024390244 0.5459558823529411 0.05447154471544716 0.058823529411764705
3 0.08455284552845528 0.5965073529411765 0.02926829268292683 0.03860294117647059
3 0.08170731707317073 0.6176470588235294 0.03008130081300813 0.03676470588235294
3 0.5991869918699188 0.15808823529411764 0.008130081300813009 0.01838235294117647
1 0.7422764227642277 0.1953125 0.016260162601626018 0.019301470588235295
2 0.8483739837398374 0.2578125 0.036585365853658534 0.03216911764705882
4 0.22642276422764226 0.26424632352941174 0.05121951219512195 0.057904411764705885
1 0.31138211382113823 0.21691176470588236 0.022764227642276424 0.02389705882352941
1 0.4695121951219512 0.1796875 0.028455284552845527 0.030330882352941176
1 0.4467479674796748 0.18290441176470587 0.026829268292682926 0.03125
1 0.40447154471544716 0.18979779411764705 0.02195121951219512 0.02665441176470588
2 0.3642276422764228 0.21553308823529413 0.08292682926829269 0.043198529411764705
2 0.608130081300813 0.18152573529411764 0.07967479674796749 0.02849264705882353
1 0.5439024390243903 0.17095588235294118 0.022764227642276424 0.022058823529411766
2 0.7691056910569106 0.21966911764705882 0.05365853658536585 0.03860294117647059
1 0.5329268292682927 0.1640625 0.02195121951219512 0.021139705882352942
1 0.7963414634146342 0.2959558823529412 0.034959349593495934 0.04595588235294118
2 0.5382113821138211 0.23667279411764705 0.13333333333333333 0.05606617647058824
1 0.6784552845528455 0.29641544117647056 0.05121951219512195 0.05606617647058824
1 0.5378048780487805 0.2743566176470588 0.06260162601626017 0.05606617647058824
1 0.45 0.2619485294117647 0.05772357723577236 0.05698529411764706
1 0.4467479674796748 0.3203125 0.07073170731707316 0.06709558823529412
1 0.4959349593495935 0.34650735294117646 0.07967479674796749 0.07536764705882353
1 0.20691056910569106 0.375 0.044715447154471545 0.04963235294117647
1 0.3280487804878049 0.31755514705882354 0.05772357723577236 0.057904411764705885
1 0.1008130081300813 0.43887867647058826 0.02113821138211382 0.03216911764705882
2 0.14796747967479676 0.3561580882352941 0.05040650406504065 0.04136029411764706
2 0.1369918699186992 0.3938419117647059 0.05772357723577236 0.05606617647058824
0 0.06504065040650407 0.42922794117647056 0.04715447154471545 0.08088235294117647
