2 0.1689516129032258 0.32996323529411764 0.14919354838709678 0.10294117647058823
1 0.11129032258064517 0.4797794117647059 0.08225806451612903 0.11029411764705882
1 0.13306451612903225 0.5652573529411765 0.1032258064516129 0.10661764705882353
1 0.11814516129032258 0.7201286764705882 0.10403225806451613 0.09466911764705882
1 0.15725806451612903 0.3975183823529412 0.07419354838709677 0.09834558823529412
1 0.7842741935483871 0.6714154411764706 0.03951612903225806 0.03768382352941176
2 0.8181451612903226 0.5514705882352942 0.016935483870967744 0.027573529411764705
2 0.7850806451612903 0.5160845588235294 0.025 0.03768382352941176
1 0.730241935483871 0.42371323529411764 0.021774193548387097 0.022058823529411766
1 0.75 0.45909926470588236 0.024193548387096774 0.02297794117647059
1 0.7556451612903226 0.4806985294117647 0.02258064516129032 0.02389705882352941
1 0.771774193548387 0.5068933823529411 0.020967741935483872 0.02665441176470588
2 0.8056451612903226 0.5372242647058824 0.02258064516129032 0.02849264705882353
2 0.8262096774193548 0.5625 0.013709677419354839 0.02022058823529412
2 0.8520161290322581 0.6355698529411765 0.010483870967741936 0.015625
4 0.8080645161290323 0.5105698529411765 0.037096774193548385 0.05238970588235294
2 0.8407258064516129 0.6098345588235294 0.01532258064516129 0.02297794117647059
