2 0.8872395833333333 0.22838541666666667 0.0203125 0.018229166666666668
2 0.5716145833333334 0.019010416666666665 0.0359375 0.030729166666666665
3 0.096875 0.35520833333333335 0.03125 0.014583333333333334
3 0.07473958333333333 0.3450520833333333 0.018229166666666668 0.009895833333333333
3 0.08098958333333334 0.35572916666666665 0.018229166666666668 0.009375
1 0.8216145833333334 0.18307291666666667 0.019270833333333334 0.025520833333333333
1 0.7473958333333334 0.20416666666666666 0.036458333333333336 0.046875
1 0.5765625 0.32916666666666666 0.06979166666666667 0.05416666666666667
1 0.5611979166666666 0.3854166666666667 0.07135416666666666 0.053125
1 0.96796875 0.47552083333333334 0.0234375 0.013541666666666667
1 0.9536458333333333 0.6255208333333333 0.017708333333333333 0.011458333333333333
1 0.7971354166666667 0.11145833333333334 0.016145833333333335 0.026041666666666668
1 0.8036458333333333 0.13515625 0.020833333333333332 0.0234375
1 0.8442708333333333 0.15260416666666668 0.016666666666666666 0.027083333333333334
1 0.3645833333333333 0.3 0.071875 0.05416666666666667
1 0.09947916666666666 0.24973958333333332 0.025 0.015104166666666667
1 0.08203125 0.26197916666666665 0.022395833333333334 0.017708333333333333
1 0.06536458333333334 0.27057291666666666 0.024479166666666666 0.0171875
1 0.0703125 0.29375 0.027083333333333334 0.021875
1 0.05755208333333333 0.2869791666666667 0.018229166666666668 0.013541666666666667
1 0.052083333333333336 0.27682291666666664 0.016666666666666666 0.0109375
1 0.04739583333333333 0.2875 0.017708333333333333 0.014583333333333334
1 0.048177083333333336 0.3026041666666667 0.021354166666666667 0.013541666666666667
1 0.0609375 0.3260416666666667 0.027083333333333334 0.01875
1 0.08697916666666666 0.215625 0.016666666666666666 0.014583333333333334
1 0.8078125 0.19791666666666666 0.027083333333333334 0.027083333333333334
1 0.7955729166666666 0.16484375 0.022395833333333334 0.028645833333333332
1 0.03125 0.2864583333333333 0.015625 0.009375
1 0.03046875 0.29322916666666665 0.015104166666666667 0.011458333333333333
1 0.026041666666666668 0.3059895833333333 0.014583333333333334 0.009895833333333333
1 0.5567708333333333 0.011197916666666667 0.013541666666666667 0.021354166666666667
2 0.484375 0.44140625 0.21041666666666667 0.14010416666666667
0 0.95078125 0.5872395833333334 0.0609375 0.06614583333333333
2 0.059375 0.25677083333333334 0.03229166666666667 0.029166666666666667
0 0.7841145833333333 0.06901041666666667 0.04010416666666667 0.0515625
0 0.16588541666666667 0.17604166666666668 0.16822916666666668 0.12708333333333333
0 0.4544270833333333 0.10546875 0.3651041666666667 0.1421875
0 0.6197916666666666 0.018489583333333334 0.057291666666666664 0.0359375
2 0.7942708333333334 0.41328125 0.090625 0.1078125
2 0.8916666666666667 0.5255208333333333 0.046875 0.06145833333333333
2 0.9309895833333334 0.6229166666666667 0.024479166666666666 0.023958333333333335
2 0.8223958333333333 0.1421875 0.026041666666666668 0.03229166666666667
2 0.03854166666666667 0.271875 0.014583333333333334 0.016666666666666666
2 0.9208333333333333 0.5614583333333333 0.040625 0.040625
2 0.7591145833333334 0.11484375 0.0390625 0.04114583333333333
3 0.8609375 0.15833333333333333 0.014583333333333334 0.017708333333333333
2 0.04244791666666667 0.3341145833333333 0.027604166666666666 0.022395833333333334
