1 0.2725806451612903 0.6727941176470589 0.12419354838709677 0.13602941176470587
2 0.635483870967742 0.22380514705882354 0.027419354838709678 0.02665441176470588
2 0.6556451612903226 0.22426470588235295 0.024193548387096774 0.027573529411764705
1 0.7294354838709678 0.3828125 0.025 0.03400735294117647
1 0.43588709677419357 0.2109375 0.028225806451612902 0.04136029411764706
2 0.2528225806451613 0.16957720588235295 0.028225806451612902 0.024816176470588234
2 0.27661290322580645 0.17784926470588236 0.0467741935483871 0.03768382352941176
1 0.7431451612903226 0.39889705882352944 0.02661290322580645 0.03125
1 0.7528225806451613 0.4108455882352941 0.02661290322580645 0.03308823529411765
2 0.6709677419354839 0.24632352941176472 0.024193548387096774 0.027573529411764705
