2 0.717741935483871 0.40762867647058826 0.07903225806451612 0.09283088235294118
1 0.17096774193548386 0.6856617647058824 0.07903225806451612 0.0661764705882353
1 0.7209677419354839 0.3694852941176471 0.02258064516129032 0.025735294117647058
1 0.8092741935483871 0.5409007352941176 0.04758064516129032 0.03768382352941176
1 0.8088709677419355 0.5625 0.05 0.042279411764705885
1 0.4991935483870968 0.20726102941176472 0.037096774193548385 0.035845588235294115
1 0.8036290322580645 0.5923713235294118 0.062096774193548386 0.05238970588235294
1 0.7919354838709678 0.6364889705882353 0.06290322580645161 0.06709558823529412
1 0.4068548387096774 0.2417279411764706 0.031451612903225803 0.051470588235294115
1 0.44475806451612904 0.33639705882352944 0.04758064516129032 0.06985294117647059
1 0.2528225806451613 0.7178308823529411 0.07661290322580645 0.13602941176470587
2 0.8701612903225806 0.6989889705882353 0.0467741935483871 0.08547794117647059
2 0.8544354838709678 0.7573529411764706 0.050806451612903224 0.11213235294117647
2 0.8233870967741935 0.5344669117647058 0.07580645161290323 0.09650735294117647
2 0.23266129032258065 0.17738970588235295 0.031451612903225803 0.03125
1 0.19233870967741937 0.18244485294117646 0.013709677419354839 0.02297794117647059
1 0.31370967741935485 0.18520220588235295 0.01935483870967742 0.03400735294117647
2 0.6560483870967742 0.21966911764705882 0.018548387096774192 0.02022058823529412
2 0.6463709677419355 0.2265625 0.02338709677419355 0.02297794117647059
2 0.6737903225806452 0.2545955882352941 0.025 0.02389705882352941
1 0.5713709677419355 0.21323529411764705 0.01532258064516129 0.01838235294117647
1 0.5580645161290323 0.22150735294117646 0.01935483870967742 0.025735294117647058
1 0.5879032258064516 0.22794117647058823 0.02258064516129032 0.025735294117647058
3 0.7512096774193548 0.5735294117647058 0.05887096774193548 0.06066176470588235
3 0.7625 0.7132352941176471 0.07661290322580645 0.058823529411764705
3 0.7133064516129032 0.5785845588235294 0.05725806451612903 0.0744485294117647
