3 0.9365853658536586 0.6374080882352942 0.04552845528455285 0.06158088235294118
3 0.441869918699187 0.7109375 0.09024390243902439 0.08363970588235294
3 0.0508130081300813 0.5376838235294118 0.028455284552845527 0.04779411764705882
2 0.6829268292682927 0.20955882352941177 0.08943089430894309 0.042279411764705885
3 0.3752032520325203 0.18198529411764705 0.01707317073170732 0.022058823529411766
1 0.6060975609756097 0.17003676470588236 0.026829268292682926 0.03125
1 0.3943089430894309 0.1953125 0.02926829268292683 0.03400735294117647
2 0.7260162601626017 0.20542279411764705 0.04552845528455285 0.035845588235294115
2 0.5028455284552845 0.1796875 0.08373983739837398 0.04871323529411765
2 0.8569105691056911 0.25965073529411764 0.03902439024390244 0.035845588235294115
2 0.30772357723577237 0.30744485294117646 0.13252032520325202 0.09466911764705882
1 0.18821138211382113 0.27941176470588236 0.02195121951219512 0.029411764705882353
