2 0.8041666666666667 0.12683823529411764 0.04583333333333333 0.08088235294117647
1 0.11119791666666666 0.8924632352941176 0.03802083333333333 0.10661764705882353
1 0.02578125 0.8405330882352942 0.025520833333333333 0.0744485294117647
1 0.05026041666666667 0.8465073529411765 0.0296875 0.09558823529411764
2 0.0765625 0.26838235294117646 0.03125 0.06801470588235294
1 0.8265625 0.16773897058823528 0.014583333333333334 0.02665441176470588
1 0.665625 0.05514705882352941 0.034375 0.04963235294117647
1 0.014583333333333334 0.5919117647058824 0.01875 0.03308823529411765
1 0.031510416666666666 0.5905330882352942 0.0296875 0.04136029411764706
1 0.021614583333333333 0.6401654411764706 0.024479166666666666 0.03768382352941176
1 0.032552083333333336 0.6989889705882353 0.0328125 0.046875
1 0.020052083333333335 0.7591911764705882 0.025520833333333333 0.034926470588235295
2 0.010416666666666666 0.5726102941176471 0.019791666666666666 0.06433823529411764
3 0.32734375 0.051011029411764705 0.0171875 0.050551470588235295
