1 0.9138211382113821 0.49862132352941174 0.04065040650406504 0.06158088235294118
0 0.2727642276422764 0.22931985294117646 0.16829268292682928 0.12591911764705882
2 0.37845528455284555 0.9590992647058824 0.14715447154471545 0.07996323529411764
1 0.1861788617886179 0.9080882352941176 0.04878048780487805 0.06433823529411764
1 0.21951219512195122 0.9375 0.05853658536585366 0.0661764705882353
1 0.4410569105691057 0.17647058823529413 0.02032520325203252 0.03308823529411765
1 0.49390243902439024 0.16544117647058823 0.025203252032520326 0.03125
2 0.8646341463414634 0.27389705882352944 0.036585365853658534 0.02389705882352941
2 0.8605691056910569 0.2601102941176471 0.028455284552845527 0.029411764705882353
2 0.8142276422764227 0.24862132352941177 0.05121951219512195 0.035845588235294115
2 0.748780487804878 0.22334558823529413 0.06829268292682927 0.03676470588235294
1 0.8138211382113821 0.22472426470588236 0.02113821138211382 0.021139705882352942
1 0.7365853658536585 0.19623161764705882 0.02113821138211382 0.024816176470588234
3 0.9117886178861788 0.47058823529411764 0.028455284552845527 0.04595588235294118
