1 0.17258064516129032 0.6870404411764706 0.07903225806451612 0.06709558823529412
1 0.7298387096774194 0.38327205882352944 0.025806451612903226 0.029411764705882353
1 0.7431451612903226 0.39797794117647056 0.025 0.029411764705882353
1 0.7495967741935484 0.4117647058823529 0.025 0.03125
1 0.5108870967741935 0.1948529411764706 0.029838709677419355 0.027573529411764705
1 0.3435483870967742 0.16222426470588236 0.016129032258064516 0.02297794117647059
1 0.3088709677419355 0.20174632352941177 0.024193548387096774 0.03216911764705882
1 0.3362903225806452 0.21599264705882354 0.025806451612903226 0.03676470588235294
1 0.2931451612903226 0.7325367647058824 0.10725806451612903 0.11029411764705882
1 0.7733870967741936 0.5229779411764706 0.05 0.051470588235294115
2 0.8826612903225807 0.7444852941176471 0.036290322580645164 0.0900735294117647
2 0.4459677419354839 0.4806985294117647 0.22580645161290322 0.26838235294117646
2 0.842741935483871 0.8869485294117647 0.04838709677419355 0.0661764705882353
2 0.6112903225806452 0.38235294117647056 0.16129032258064516 0.15625
2 0.294758064516129 0.18336397058823528 0.03790322580645161 0.03216911764705882
2 0.24879032258064515 0.16681985294117646 0.02661290322580645 0.02297794117647059
2 0.21854838709677418 0.21185661764705882 0.03870967741935484 0.04503676470588235
2 0.3056451612903226 0.16176470588235295 0.027419354838709678 0.022058823529411766
1 0.23225806451612904 0.17279411764705882 0.014516129032258065 0.022058823529411766
1 0.26814516129032256 0.16819852941176472 0.012096774193548387 0.02022058823529412
1 0.275 0.18474264705882354 0.016129032258064516 0.025735294117647058
2 0.6544354838709677 0.22886029411764705 0.025 0.022058823529411766
2 0.635483870967742 0.23069852941176472 0.025806451612903226 0.025735294117647058
1 0.5709677419354838 0.20634191176470587 0.017741935483870968 0.02297794117647059
