3 0.7020325203252032 0.6346507352941176 0.06097560975609756 0.09283088235294118
3 0.38130081300813007 0.18060661764705882 0.016260162601626018 0.030330882352941176
3 0.42317073170731706 0.17003676470588236 0.012195121951219513 0.022058823529411766
3 0.4300813008130081 0.16727941176470587 0.013008130081300813 0.029411764705882353
3 0.20121951219512196 0.26286764705882354 0.013821138211382113 0.02389705882352941
3 0.22439024390243903 0.25 0.022764227642276424 0.027573529411764705
1 0.6292682926829268 0.1723345588235294 0.02926829268292683 0.02849264705882353
1 0.6361788617886179 0.17784926470588236 0.025203252032520326 0.02849264705882353
1 0.641869918699187 0.18244485294117646 0.025203252032520326 0.030330882352941176
1 0.1910569105691057 0.9195772058823529 0.05853658536585366 0.06709558823529412
2 0.09308943089430895 0.39797794117647056 0.03008130081300813 0.034926470588235295
2 0.07479674796747968 0.41681985294117646 0.01788617886178862 0.030330882352941176
2 0.06829268292682927 0.4453125 0.022764227642276424 0.03952205882352941
2 0.056504065040650406 0.453125 0.026829268292682926 0.034926470588235295
1 0.08983739837398375 0.41911764705882354 0.01869918699186992 0.027573529411764705
1 0.07682926829268293 0.44025735294117646 0.015447154471544716 0.025735294117647058
