2 0.2995934959349594 0.17647058823529413 0.03170731707317073 0.034926470588235295
2 0.3983739837398374 0.16590073529411764 0.03414634146341464 0.02665441176470588
1 0.8682926829268293 0.6227022058823529 0.03577235772357724 0.05606617647058824
1 0.8439024390243902 0.7127757352941176 0.03577235772357724 0.046875
1 0.7609756097560976 0.26838235294117646 0.013008130081300813 0.01838235294117647
1 0.75 0.27389705882352944 0.013821138211382113 0.022058823529411766
1 0.6959349593495935 0.24494485294117646 0.016260162601626018 0.024816176470588234
1 0.6971544715447154 0.2679227941176471 0.02032520325203252 0.024816176470588234
1 0.5390243902439025 0.21966911764705882 0.03902439024390244 0.03860294117647059
1 0.5947154471544716 0.23897058823529413 0.036585365853658534 0.04044117647058824
2 0.8130081300813008 0.31066176470588236 0.02113821138211382 0.03125
1 0.8626016260162601 0.6654411764705882 0.04878048780487805 0.04044117647058824
1 0.10203252032520325 0.3079044117647059 0.02032520325203252 0.034926470588235295
1 0.1638211382113821 0.2725183823529412 0.03333333333333333 0.03952205882352941
4 0.1402439024390244 0.2532169117647059 0.06747967479674796 0.09099264705882353
1 0.7898373983739837 0.2853860294117647 0.013821138211382113 0.017463235294117647
