2 0.7165322580645161 0.40625 0.0814516129032258 0.09191176470588236
1 0.17096774193548386 0.6847426470588235 0.07903225806451612 0.0661764705882353
1 0.7217741935483871 0.36994485294117646 0.02258064516129032 0.024816176470588234
1 0.43790322580645163 0.8069852941176471 0.08387096774193549 0.11397058823529412
1 0.24758064516129033 0.3083639705882353 0.035483870967741936 0.08363970588235294
1 0.20766129032258066 0.3313419117647059 0.03790322580645161 0.0818014705882353
1 0.2528225806451613 0.7265625 0.06370967741935483 0.1332720588235294
1 0.27741935483870966 0.4742647058823529 0.08225806451612903 0.14338235294117646
1 0.36129032258064514 0.4600183823529412 0.08387096774193549 0.1130514705882353
1 0.5237903225806452 0.7389705882352942 0.09596774193548387 0.10661764705882353
1 0.6794354838709677 0.8295036764705882 0.11854838709677419 0.10202205882352941
1 0.8149193548387097 0.8924632352941176 0.04758064516129032 0.042279411764705885
1 0.7592741935483871 0.9163602941176471 0.05725806451612903 0.042279411764705885
1 0.6431451612903226 0.36075367647058826 0.050806451612903224 0.05606617647058824
1 0.7141129032258065 0.45818014705882354 0.062096774193548386 0.06341911764705882
1 0.6487903225806452 0.27389705882352944 0.02338709677419355 0.029411764705882353
1 0.3895161290322581 0.1796875 0.02258064516129032 0.03400735294117647
1 0.3548387096774194 0.17371323529411764 0.02258064516129032 0.027573529411764705
1 0.37016129032258066 0.19439338235294118 0.025806451612903226 0.03768382352941176
2 0.5177419354838709 0.2821691176470588 0.11451612903225807 0.07720588235294118
2 0.6370967741935484 0.43887867647058826 0.15483870967741936 0.15533088235294118
2 0.8120967741935484 0.5257352941176471 0.07741935483870968 0.10294117647058823
2 0.8504032258064517 0.6401654411764706 0.06370967741935483 0.09466911764705882
2 0.2806451612903226 0.1796875 0.03870967741935484 0.02849264705882353
2 0.22862903225806452 0.17784926470588236 0.029838709677419355 0.024816176470588234
2 0.25483870967741934 0.20496323529411764 0.0467741935483871 0.04595588235294118
2 0.6580645161290323 0.21875 0.02903225806451613 0.029411764705882353
2 0.6318548387096774 0.22150735294117646 0.031451612903225803 0.025735294117647058
0 0.8778225806451613 0.7674632352941176 0.08790322580645162 0.1948529411764706
