3 0.3306122448979592 0.8143382352941176 0.06693877551020408 0.08088235294117647
1 0.1510204081632653 0.35983455882352944 0.05714285714285714 0.09466911764705882
1 0.23795918367346938 0.7909007352941176 0.09714285714285714 0.1130514705882353
1 0.6959183673469388 0.3322610294117647 0.022040816326530613 0.03216911764705882
2 0.35877551020408166 0.14384191176470587 0.04653061224489796 0.02849264705882353
2 0.41020408163265304 0.16130514705882354 0.053061224489795916 0.030330882352941176
2 0.7910204081632654 0.453125 0.053877551020408164 0.07536764705882353
3 0.5212244897959184 0.20680147058823528 0.02040816326530612 0.03125
1 0.5473469387755102 0.20863970588235295 0.022040816326530613 0.03125
1 0.5648979591836735 0.2261029411764706 0.014693877551020407 0.025735294117647058
1 0.5857142857142857 0.20726102941176472 0.018775510204081632 0.02297794117647059
1 0.5861224489795919 0.22518382352941177 0.022857142857142857 0.029411764705882353
2 0.6477551020408163 0.22426470588235295 0.025306122448979593 0.025735294117647058
2 0.6653061224489796 0.22334558823529413 0.019591836734693877 0.022058823529411766
2 0.6722448979591836 0.22058823529411764 0.02040816326530612 0.02389705882352941
1 0.6636734693877551 0.23529411764705882 0.014693877551020407 0.022058823529411766
1 0.4236734693877551 0.19255514705882354 0.026122448979591838 0.03216911764705882
1 0.3616326530612245 0.2339154411764706 0.0326530612244898 0.05422794117647059
2 0.2506122448979592 0.1488970588235294 0.013061224489795919 0.014705882352941176
2 0.30612244897959184 0.16314338235294118 0.0326530612244898 0.02849264705882353
2 0.22693877551020408 0.15625 0.017959183673469388 0.01838235294117647
2 0.23959183673469386 0.15946691176470587 0.022040816326530613 0.024816176470588234
2 0.2542857142857143 0.16819852941176472 0.03346938775510204 0.027573529411764705
1 0.2689795918367347 0.17555147058823528 0.012244897959183673 0.01838235294117647
1 0.2530612244897959 0.20634191176470587 0.0163265306122449 0.035845588235294115
2 0.28816326530612246 0.18244485294117646 0.044081632653061226 0.035845588235294115
1 0.3416326530612245 0.2182904411764706 0.02857142857142857 0.050551470588235295
2 0.2069387755102041 0.16222426470588236 0.018775510204081632 0.019301470588235295
2 0.8342857142857143 0.6773897058823529 0.08489795918367347 0.15441176470588236
1 0.8824489795918368 0.6649816176470589 0.031020408163265307 0.035845588235294115
1 0.8820408163265306 0.7127757352941176 0.03510204081632653 0.03768382352941176
1 0.8926530612244898 0.7977941176470589 0.026938775510204082 0.029411764705882353
2 0.47591836734693876 0.6061580882352942 0.2612244897959184 0.328125
1 0.6183673469387755 0.23575367647058823 0.018775510204081632 0.024816176470588234
1 0.6448979591836734 0.23713235294117646 0.0163265306122449 0.02389705882352941
1 0.6171428571428571 0.22518382352941177 0.0163265306122449 0.022058823529411766
