1 0.2717741935483871 0.6760110294117647 0.12096774193548387 0.13511029411764705
1 0.3060483870967742 0.4724264705882353 0.055645161290322584 0.10110294117647059
1 0.6 0.21875 0.020967741935483872 0.025735294117647058
2 0.6350806451612904 0.22288602941176472 0.025 0.02665441176470588
2 0.6556451612903226 0.22380514705882354 0.025806451612903226 0.02665441176470588
1 0.7298387096774194 0.3818933823529412 0.024193548387096774 0.03400735294117647
2 0.24516129032258063 0.16314338235294118 0.02903225806451613 0.02849264705882353
2 0.2701612903225806 0.17463235294117646 0.04032258064516129 0.03676470588235294
1 0.3 0.19623161764705882 0.02903225806451613 0.043198529411764705
1 0.3258064516129032 0.20772058823529413 0.037096774193548385 0.03860294117647059
2 0.4217741935483871 0.21231617647058823 0.08870967741935484 0.05514705882352941
1 0.742741935483871 0.3984375 0.027419354838709678 0.03216911764705882
1 0.7516129032258064 0.4103860294117647 0.025806451612903226 0.03400735294117647
