1 0.17258064516129032 0.6861213235294118 0.07903225806451612 0.06709558823529412
1 0.7298387096774194 0.3818933823529412 0.025806451612903226 0.02849264705882353
1 0.7419354838709677 0.3984375 0.024193548387096774 0.02849264705882353
1 0.75 0.41130514705882354 0.025806451612903226 0.03216911764705882
1 0.34475806451612906 0.16268382352941177 0.016935483870967744 0.02389705882352941
1 0.40483870967741936 0.18841911764705882 0.020967741935483872 0.03125
1 0.42016129032258065 0.2035845588235294 0.024193548387096774 0.03768382352941176
1 0.3616935483870968 0.24126838235294118 0.03951612903225806 0.046875
1 0.330241935483871 0.203125 0.020161290322580645 0.03308823529411765
1 0.3133064516129032 0.20082720588235295 0.021774193548387097 0.03400735294117647
1 0.3463709677419355 0.7389705882352942 0.06854838709677419 0.13051470588235295
1 0.7564516129032258 0.4931066176470588 0.043548387096774194 0.05238970588235294
1 0.8161290322580645 0.5951286764705882 0.04032258064516129 0.05238970588235294
1 0.8528225806451613 0.6397058823529411 0.03951612903225806 0.03860294117647059
2 0.3495967741935484 0.18933823529411764 0.06532258064516129 0.042279411764705885
0 0.5725806451612904 0.3235294117647059 0.21129032258064517 0.19117647058823528
2 0.2600806451612903 0.17325367647058823 0.03306451612903226 0.02849264705882353
1 0.5713709677419355 0.20726102941176472 0.016935483870967744 0.02297794117647059
2 0.635483870967742 0.23023897058823528 0.027419354838709678 0.024816176470588234
2 0.6649193548387097 0.25827205882352944 0.02661290322580645 0.02389705882352941
