2 0.9848958333333333 0.4869791666666667 0.016666666666666666 0.020833333333333332
2 0.9770833333333333 0.47317708333333336 0.019791666666666666 0.0296875
2 0.8888020833333333 0.22734375 0.024479166666666666 0.018229166666666668
3 0.20130208333333333 0.13463541666666667 0.0171875 0.022395833333333334
3 0.196875 0.13880208333333333 0.016666666666666666 0.0203125
3 0.15859375 0.14401041666666667 0.016145833333333335 0.018229166666666668
3 0.3380208333333333 0.04765625 0.011458333333333333 0.021354166666666667
2 0.7919270833333333 0.07239583333333334 0.0171875 0.020833333333333332
2 0.7765625 0.07994791666666666 0.01875 0.0203125
4 0.69765625 0.103125 0.1765625 0.11041666666666666
1 0.0578125 0.3190104166666667 0.023958333333333335 0.0140625
1 0.15338541666666666 0.32109375 0.0421875 0.024479166666666666
1 0.08619791666666667 0.26197916666666665 0.024479166666666666 0.016666666666666666
1 0.07265625 0.28489583333333335 0.0234375 0.017708333333333333
2 0.14010416666666667 0.2765625 0.057291666666666664 0.04791666666666667
2 0.07942708333333333 0.24479166666666666 0.033854166666666664 0.03125
2 0.13229166666666667 0.22005208333333334 0.04375 0.0328125
2 0.03619791666666667 0.27630208333333334 0.0171875 0.018229166666666668
2 0.026041666666666668 0.2828125 0.011458333333333333 0.010416666666666666
2 0.05286458333333333 0.23333333333333334 0.0140625 0.014583333333333334
2 0.09947916666666666 0.196875 0.026041666666666668 0.026041666666666668
1 0.9375 0.46588541666666666 0.03229166666666667 0.0171875
4 0.9481770833333333 0.521875 0.0453125 0.04791666666666667
2 0.9833333333333333 0.5934895833333333 0.011458333333333333 0.018229166666666668
2 0.98359375 0.6044270833333333 0.0109375 0.0140625
2 0.9442708333333333 0.6239583333333333 0.028125 0.027083333333333334
2 0.5963541666666666 0.019791666666666666 0.03958333333333333 0.03333333333333333
2 0.81953125 0.146875 0.0296875 0.03958333333333333
1 0.83125 0.13619791666666667 0.014583333333333334 0.018229166666666668
1 0.5317708333333333 0.18619791666666666 0.05625 0.06197916666666667
1 0.35234375 0.15625 0.04635416666666667 0.04791666666666667
1 0.24973958333333332 0.1671875 0.043229166666666666 0.04375
1 0.5205729166666667 0.009375 0.013020833333333334 0.017708333333333333
2 0.5752604166666667 0.012239583333333333 0.025520833333333333 0.022395833333333334
1 0.02734375 0.2953125 0.0109375 0.009375
1 0.019010416666666665 0.2989583333333333 0.011979166666666667 0.011458333333333333
1 0.81171875 0.08229166666666667 0.0109375 0.016666666666666666
2 0.54765625 0.008072916666666667 0.028645833333333332 0.015104166666666667
