2 0.47314814814814815 0.07123161764705882 0.07777777777777778 0.057904411764705885
2 0.019444444444444445 0.5969669117647058 0.02962962962962963 0.03768382352941176
2 0.8722222222222222 0.15900735294117646 0.025925925925925925 0.025735294117647058
4 0.825462962962963 0.13832720588235295 0.04351851851851852 0.04136029411764706
2 0.7925925925925926 0.13786764705882354 0.044444444444444446 0.034926470588235295
2 0.6680555555555555 0.09834558823529412 0.0787037037037037 0.04411764705882353
2 0.7435185185185185 0.13005514705882354 0.07222222222222222 0.050551470588235295
1 0.5199074074074074 0.08272058823529412 0.03796296296296296 0.04411764705882353
1 0.3365740740740741 0.17555147058823528 0.049074074074074076 0.0661764705882353
0 0.09722222222222222 0.18474264705882354 0.040740740740740744 0.042279411764705885
4 0.1527777777777778 0.11810661764705882 0.022222222222222223 0.021139705882352942
2 0.14583333333333334 0.13832720588235295 0.021296296296296296 0.024816176470588234
2 0.1259259259259259 0.17509191176470587 0.022222222222222223 0.030330882352941176
2 0.059722222222222225 0.26516544117647056 0.021296296296296296 0.02849264705882353
1 0.0625 0.2881433823529412 0.021296296296296296 0.021139705882352942
1 0.05740740740740741 0.29641544117647056 0.022222222222222223 0.017463235294117647
1 0.07453703703703704 0.6976102941176471 0.028703703703703703 0.016544117647058824
1 0.0912037037037037 0.7274816176470589 0.028703703703703703 0.019301470588235295
1 0.10462962962962963 0.7454044117647058 0.024074074074074074 0.02022058823529412
1 0.08888888888888889 0.7619485294117647 0.018518518518518517 0.01838235294117647
2 0.05555555555555555 0.6824448529411765 0.02962962962962963 0.03216911764705882
2 0.053703703703703705 0.7054227941176471 0.025925925925925925 0.02849264705882353
2 0.08194444444444444 0.7334558823529411 0.028703703703703703 0.027573529411764705
2 0.06851851851851852 0.7408088235294118 0.022222222222222223 0.03125
2 0.5398148148148149 0.953125 0.06296296296296296 0.034926470588235295
