3 0.33991935483870966 0.9453125 0.06693548387096775 0.06709558823529412
1 0.5536290322580645 0.2913602941176471 0.04596774193548387 0.03860294117647059
1 0.5846774193548387 0.3304227941176471 0.0467741935483871 0.043198529411764705
1 0.1939516129032258 0.22886029411764705 0.04758064516129032 0.05514705882352941
1 0.09274193548387097 0.4333639705882353 0.05161290322580645 0.0818014705882353
2 0.6931451612903226 0.9103860294117647 0.09758064516129032 0.1479779411764706
3 0.7762096774193549 0.8805147058823529 0.03467741935483871 0.02389705882352941
2 0.7919354838709678 0.4898897058823529 0.020967741935483872 0.029411764705882353
2 0.8112903225806452 0.6631433823529411 0.027419354838709678 0.043198529411764705
2 0.8318548387096775 0.5753676470588235 0.01532258064516129 0.029411764705882353
2 0.8149193548387097 0.5528492647058824 0.018548387096774192 0.030330882352941176
2 0.7951612903225806 0.5482536764705882 0.024193548387096774 0.03952205882352941
1 0.7516129032258064 0.453125 0.025806451612903226 0.02389705882352941
1 0.7661290322580645 0.9113051470588235 0.037096774193548385 0.035845588235294115
1 0.7548387096774194 0.9241727941176471 0.03387096774193549 0.035845588235294115
