2 0.5008064516129033 0.17830882352941177 0.03064516129032258 0.034926470588235295
2 0.6463709677419355 0.41222426470588236 0.09274193548387097 0.09099264705882353
1 0.7407258064516129 0.43933823529411764 0.025 0.027573529411764705
1 0.6596774193548387 0.5932904411764706 0.06774193548387097 0.04871323529411765
2 0.8116935483870967 0.5560661764705882 0.02338709677419355 0.03308823529411765
1 0.3487903225806452 0.42463235294117646 0.11854838709677419 0.11580882352941177
1 0.31290322580645163 0.20036764705882354 0.06290322580645161 0.06066176470588235
1 0.7455645161290323 0.9462316176470589 0.04435483870967742 0.03768382352941176
4 0.8076612903225806 0.5110294117647058 0.036290322580645164 0.051470588235294115
1 0.044758064516129036 0.5133272058823529 0.04435483870967742 0.078125
