2 0.4736111111111111 0.07077205882352941 0.075 0.05698529411764706
2 0.01990740740740741 0.5965073529411765 0.028703703703703703 0.03860294117647059
4 0.1574074074074074 0.1130514705882353 0.024074074074074074 0.022058823529411766
2 0.7430555555555556 0.1332720588235294 0.0712962962962963 0.051470588235294115
2 0.19722222222222222 0.08731617647058823 0.020370370370370372 0.022058823529411766
1 0.26805555555555555 0.34420955882352944 0.058333333333333334 0.07628676470588236
1 0.32685185185185184 0.1796875 0.05740740740740741 0.06709558823529412
1 0.22083333333333333 0.08685661764705882 0.01574074074074074 0.019301470588235295
1 0.21203703703703702 0.11580882352941177 0.018518518518518517 0.02389705882352941
2 0.19537037037037036 0.11397058823529412 0.024074074074074074 0.027573529411764705
2 0.15092592592592594 0.12683823529411764 0.016666666666666666 0.016544117647058824
2 0.14212962962962963 0.14154411764705882 0.019444444444444445 0.02022058823529412
4 0.12731481481481483 0.1636029411764706 0.026851851851851852 0.029411764705882353
2 0.060648148148148145 0.2647058823529412 0.021296296296296296 0.027573529411764705
2 0.05555555555555555 0.6810661764705882 0.03148148148148148 0.03308823529411765
2 0.05324074074074074 0.39568014705882354 0.03796296296296296 0.06709558823529412
2 0.5412037037037037 0.953125 0.058333333333333334 0.034926470588235295
