1 0.8702040816326531 0.47702205882352944 0.017959183673469388 0.01838235294117647
1 0.8738775510204082 0.4977022058823529 0.02040816326530612 0.024816176470588234
4 0.13877551020408163 0.2931985294117647 0.12081632653061225 0.13419117647058823
2 0.5759183673469388 0.45174632352941174 0.14285714285714285 0.12408088235294118
1 0.41877551020408166 0.203125 0.019591836734693877 0.014705882352941176
1 0.29551020408163264 0.20909926470588236 0.011428571428571429 0.019301470588235295
2 0.2640816326530612 0.21231617647058823 0.0236734693877551 0.01838235294117647
1 0.2473469387755102 0.22380514705882354 0.009795918367346938 0.017463235294117647
1 0.25551020408163266 0.22150735294117646 0.009795918367346938 0.01838235294117647
1 0.26448979591836735 0.22150735294117646 0.011428571428571429 0.01838235294117647
