1 0.1510204081632653 0.3547794117647059 0.060408163265306125 0.08823529411764706
2 0.35836734693877553 0.14476102941176472 0.044081632653061226 0.02297794117647059
2 0.7914285714285715 0.45128676470588236 0.054693877551020405 0.07536764705882353
3 0.7297959183673469 0.3952205882352941 0.029387755102040815 0.03308823529411765
3 0.3379591836734694 0.8175551470588235 0.07020408163265306 0.0744485294117647
1 0.23673469387755103 0.7931985294117647 0.09795918367346938 0.12316176470588236
2 0.40938775510204084 0.16130514705882354 0.053061224489795916 0.02665441176470588
2 0.27877551020408164 0.17784926470588236 0.036734693877551024 0.030330882352941176
3 0.7595918367346939 0.8336397058823529 0.07265306122448979 0.04963235294117647
3 0.7375510204081632 0.859375 0.07755102040816327 0.04595588235294118
3 0.669795918367347 0.9875919117647058 0.07755102040816327 0.024816176470588234
1 0.5506122448979592 0.3791360294117647 0.04326530612244898 0.08547794117647059
1 0.39714285714285713 0.28952205882352944 0.03183673469387755 0.0661764705882353
1 0.44 0.4811580882352941 0.0473469387755102 0.1130514705882353
1 0.5024489795918368 0.6493566176470589 0.06285714285714286 0.12040441176470588
1 0.6661224489795918 0.5404411764705882 0.053877551020408164 0.0900735294117647
1 0.5971428571428572 0.39108455882352944 0.04653061224489796 0.07628676470588236
1 0.4395918367346939 0.9494485294117647 0.07918367346938776 0.10110294117647059
1 0.46 0.19025735294117646 0.03346938775510204 0.027573529411764705
1 0.3420408163265306 0.16130514705882354 0.0163265306122449 0.02297794117647059
1 0.3122448979591837 0.15625 0.013877551020408163 0.022058823529411766
1 0.5363265306122449 0.20404411764705882 0.026122448979591838 0.025735294117647058
1 0.5457142857142857 0.28170955882352944 0.026938775510204082 0.046875
1 0.566530612244898 0.2522977941176471 0.027755102040816326 0.043198529411764705
1 0.5877551020408164 0.31387867647058826 0.0326530612244898 0.046875
1 0.6061224489795919 0.20588235294117646 0.017142857142857144 0.02389705882352941
1 0.576734693877551 0.20863970588235295 0.025306122448979593 0.029411764705882353
2 0.593469387755102 0.2261029411764706 0.03428571428571429 0.03676470588235294
2 0.6546938775510204 0.2270220588235294 0.022857142857142857 0.02022058823529412
2 0.6763265306122449 0.22518382352941177 0.017142857142857144 0.02022058823529412
2 0.6481632653061224 0.2803308823529412 0.04081632653061224 0.04411764705882353
2 0.6971428571428572 0.24724264705882354 0.019591836734693877 0.02022058823529412
1 0.6081632653061224 0.24632352941176472 0.022857142857142857 0.02389705882352941
1 0.5967346938775511 0.2647058823529412 0.026122448979591838 0.027573529411764705
1 0.5893877551020408 0.2849264705882353 0.029387755102040815 0.042279411764705885
0 0.9077551020408163 0.7035845588235294 0.0326530612244898 0.0744485294117647
1 0.8420408163265306 0.546875 0.022040816326530613 0.027573529411764705
2 0.8824489795918368 0.7058823529411765 0.03918367346938775 0.09375
1 0.6963265306122449 0.33318014705882354 0.02122448979591837 0.030330882352941176
1 0.8118367346938775 0.5119485294117647 0.04163265306122449 0.02389705882352941
2 0.8804081632653061 0.8000919117647058 0.03346938775510204 0.0744485294117647
2 0.8877551020408163 0.8359375 0.025306122448979593 0.046875
1 0.8681632653061224 0.8340992647058824 0.030204081632653063 0.030330882352941176
1 0.8093877551020409 0.5349264705882353 0.044897959183673466 0.025735294117647058
1 0.8036734693877551 0.5661764705882353 0.04816326530612245 0.04595588235294118
1 0.8371428571428572 0.5785845588235294 0.03836734693877551 0.035845588235294115
1 0.809795918367347 0.5974264705882353 0.053877551020408164 0.027573529411764705
1 0.7987755102040817 0.6227022058823529 0.06285714285714286 0.043198529411764705
1 0.7959183673469388 0.6613051470588235 0.062040816326530614 0.06158088235294118
1 0.8453061224489796 0.6617647058823529 0.04326530612244898 0.04411764705882353
1 0.8306122448979592 0.7173713235294118 0.0563265306122449 0.04503676470588235
1 0.823265306122449 0.7578125 0.053061224489795916 0.05422794117647059
1 0.8559183673469388 0.7876838235294118 0.044897959183673466 0.04411764705882353
1 0.8648979591836735 0.7403492647058824 0.03836734693877551 0.03768382352941176
1 0.20204081632653062 0.18152573529411764 0.008979591836734694 0.019301470588235295
1 0.2453061224489796 0.18336397058823528 0.017142857142857144 0.02665441176470588
1 0.2330612244897959 0.19255514705882354 0.013877551020408163 0.02849264705882353
1 0.21061224489795918 0.20128676470588236 0.011428571428571429 0.027573529411764705
1 0.1926530612244898 0.20863970588235295 0.013061224489795919 0.034926470588235295
1 0.28408163265306124 0.15716911764705882 0.013061224489795919 0.01838235294117647
1 0.3963265306122449 0.17876838235294118 0.030204081632653063 0.02665441176470588
1 0.6522448979591837 0.23621323529411764 0.013061224489795919 0.01838235294117647
1 0.6746938775510204 0.23713235294117646 0.010612244897959184 0.014705882352941176
1 0.6216326530612245 0.23023897058823528 0.017142857142857144 0.02297794117647059
1 0.8587755102040816 0.5978860294117647 0.027755102040816326 0.02665441176470588
1 0.8416326530612245 0.6098345588235294 0.031020408163265307 0.030330882352941176
1 0.873061224489796 0.6397058823529411 0.03346938775510204 0.03676470588235294
