3 0.039919354838709675 0.6208639705882353 0.020161290322580645 0.02849264705882353
2 0.4814516129032258 0.0859375 0.02258064516129032 0.019301470588235295
1 0.805241935483871 0.39705882352941174 0.050806451612903224 0.04963235294117647
1 0.7935483870967742 0.44393382352941174 0.06129032258064516 0.08088235294117647
1 0.8181451612903226 0.6479779411764706 0.08306451612903226 0.14522058823529413
1 0.9076612903225807 0.6502757352941176 0.029838709677419355 0.057904411764705885
1 0.9229838709677419 0.6962316176470589 0.03790322580645161 0.07628676470588236
1 0.8786290322580645 0.5988051470588235 0.04758064516129032 0.078125
1 0.839516129032258 0.5064338235294118 0.0467741935483871 0.08272058823529412
1 0.8516129032258064 0.46047794117647056 0.056451612903225805 0.06801470588235294
1 0.882258064516129 0.4306066176470588 0.04516129032258064 0.050551470588235295
1 0.894758064516129 0.46875 0.04758064516129032 0.05330882352941176
1 0.880241935483871 0.4875919117647059 0.04596774193548387 0.04503676470588235
1 0.9008064516129032 0.5229779411764706 0.043548387096774194 0.04779411764705882
1 0.8866935483870968 0.5422794117647058 0.055645161290322584 0.0661764705882353
2 0.7383064516129032 0.9632352941176471 0.09758064516129032 0.07169117647058823
