2 0.923265306122449 0.6268382352941176 0.026122448979591838 0.04963235294117647
0 0.7048979591836735 0.2890625 0.07918367346938776 0.06525735294117647
1 0.746938775510204 0.3180147058823529 0.011428571428571429 0.014705882352941176
2 0.2640816326530612 0.21415441176470587 0.0236734693877551 0.014705882352941176
1 0.24693877551020407 0.22380514705882354 0.008979591836734694 0.017463235294117647
1 0.25510204081632654 0.22104779411764705 0.008979591836734694 0.017463235294117647
1 0.2640816326530612 0.22058823529411764 0.010612244897959184 0.01838235294117647
1 0.2946938775510204 0.2109375 0.013061224489795919 0.017463235294117647
1 0.8746938775510205 0.4967830882352941 0.02040816326530612 0.02297794117647059
1 0.8702040816326531 0.4806985294117647 0.017959183673469388 0.01838235294117647
1 0.8665306122448979 0.47380514705882354 0.022040816326530613 0.013786764705882353
