1 0.14979591836734693 0.3639705882352941 0.061224489795918366 0.09558823529411764
2 0.3579591836734694 0.14476102941176472 0.044897959183673466 0.02297794117647059
2 0.789795918367347 0.453125 0.053061224489795916 0.07169117647058823
3 0.726530612244898 0.3639705882352941 0.019591836734693877 0.03125
3 0.7387755102040816 0.38327205882352944 0.03428571428571429 0.04044117647058824
3 0.7453061224489796 0.39705882352941174 0.027755102040816326 0.04044117647058824
3 0.30979591836734693 0.7642463235294118 0.06775510204081632 0.078125
1 0.23877551020408164 0.7931985294117647 0.09714285714285714 0.125
2 0.41020408163265304 0.16222426470588236 0.05142857142857143 0.02665441176470588
2 0.2146938775510204 0.15119485294117646 0.013061224489795919 0.015625
2 0.23020408163265307 0.1557904411764706 0.022857142857142857 0.021139705882352942
2 0.24489795918367346 0.15854779411764705 0.022857142857142857 0.024816176470588234
1 0.2522448979591837 0.17003676470588236 0.013061224489795919 0.02389705882352941
1 0.26612244897959186 0.17830882352941177 0.013061224489795919 0.027573529411764705
1 0.2808163265306122 0.16498161764705882 0.013061224489795919 0.024816176470588234
1 0.2885714285714286 0.17463235294117646 0.017142857142857144 0.02389705882352941
1 0.30244897959183675 0.18152573529411764 0.025306122448979593 0.03768382352941176
1 0.3302040816326531 0.17509191176470587 0.0236734693877551 0.035845588235294115
1 0.34775510204081633 0.17876838235294118 0.02122448979591837 0.03952205882352941
1 0.4069387755102041 0.19347426470588236 0.025306122448979593 0.035845588235294115
1 0.42489795918367346 0.20680147058823528 0.03510204081632653 0.04595588235294118
2 0.20244897959183675 0.15946691176470587 0.0163265306122449 0.013786764705882353
2 0.6195918367346939 0.22288602941176472 0.026122448979591838 0.024816176470588234
0 0.9069387755102041 0.7063419117647058 0.0326530612244898 0.07077205882352941
1 0.8359183673469388 0.5243566176470589 0.022857142857142857 0.04503676470588235
1 0.8436734693877551 0.5409007352941176 0.0236734693877551 0.04136029411764706
1 0.8644897959183674 0.5799632352941176 0.022857142857142857 0.03860294117647059
1 0.873061224489796 0.6121323529411765 0.02857142857142857 0.04595588235294118
1 0.8146938775510204 0.5170036764705882 0.045714285714285714 0.03952205882352941
1 0.809795918367347 0.5399816176470589 0.05061224489795919 0.03768382352941176
1 0.803265306122449 0.5689338235294118 0.052244897959183675 0.04595588235294118
1 0.810204081632653 0.6029411764705882 0.0563265306122449 0.042279411764705885
1 0.7991836734693878 0.6291360294117647 0.0636734693877551 0.046875
1 0.8575510204081632 0.609375 0.04 0.05514705882352941
1 0.850204081632653 0.6461397058823529 0.036734693877551024 0.04411764705882353
1 0.8910204081632653 0.7182904411764706 0.02857142857142857 0.035845588235294115
1 0.5412244897959184 0.9719669117647058 0.09795918367346938 0.05606617647058824
0 0.536734693877551 0.2261029411764706 0.08734693877551021 0.06066176470588235
1 0.7008163265306122 0.24816176470588236 0.010612244897959184 0.016544117647058824
1 0.6918367346938775 0.25137867647058826 0.010612244897959184 0.019301470588235295
1 0.6844897959183673 0.24862132352941177 0.010612244897959184 0.021139705882352942
1 0.6706122448979592 0.2545955882352941 0.015510204081632653 0.01838235294117647
1 0.6636734693877551 0.2693014705882353 0.0163265306122449 0.025735294117647058
1 0.6946938775510204 0.3322610294117647 0.02122448979591837 0.030330882352941176
1 0.5751020408163265 0.20909926470588236 0.015510204081632653 0.021139705882352942
1 0.5897959183673469 0.21323529411764705 0.012244897959183673 0.022058823529411766
1 0.6020408163265306 0.21415441176470587 0.013877551020408163 0.022058823529411766
1 0.616734693877551 0.23529411764705882 0.017142857142857144 0.025735294117647058
1 0.6318367346938776 0.24034926470588236 0.017959183673469388 0.024816176470588234
1 0.6473469387755102 0.23713235294117646 0.0163265306122449 0.027573529411764705
2 0.6640816326530612 0.23023897058823528 0.02040816326530612 0.021139705882352942
1 0.66 0.23253676470588236 0.010612244897959184 0.016544117647058824
