2 0.98828125 0.46041666666666664 0.018229166666666668 0.03125
2 0.984375 0.4861979166666667 0.017708333333333333 0.0203125
2 0.9770833333333333 0.47291666666666665 0.01875 0.029166666666666667
2 0.8877604166666667 0.22838541666666667 0.0203125 0.018229166666666668
2 0.6989583333333333 0.14635416666666667 0.084375 0.05
4 0.7942708333333334 0.0546875 0.026041666666666668 0.028125
2 0.78359375 0.07890625 0.0203125 0.024479166666666666
1 0.14765625 0.20703125 0.028645833333333332 0.0234375
1 0.14192708333333334 0.22682291666666668 0.033854166666666664 0.024479166666666666
4 0.815625 0.07421875 0.021875 0.024479166666666666
1 0.9638020833333333 0.6059895833333333 0.016145833333333335 0.0171875
2 0.9161458333333333 0.54609375 0.04479166666666667 0.049479166666666664
2 0.9822916666666667 0.5919270833333333 0.0125 0.019270833333333334
1 0.021614583333333333 0.2942708333333333 0.011979166666666667 0.009375
2 0.06588541666666667 0.2609375 0.025520833333333333 0.025
2 0.21380208333333334 0.19296875 0.0734375 0.04739583333333333
1 0.40989583333333335 0.11510416666666666 0.041666666666666664 0.04791666666666667
2 0.61328125 0.01796875 0.0328125 0.027604166666666666
4 0.5934895833333333 0.009375 0.027604166666666666 0.017708333333333333
