3 0.38911290322580644 0.1957720588235294 0.028225806451612902 0.042279411764705885
3 0.42096774193548386 0.19715073529411764 0.02258064516129032 0.024816176470588234
3 0.4217741935483871 0.22426470588235295 0.03064516129032258 0.042279411764705885
3 0.3717741935483871 0.22931985294117646 0.03387096774193549 0.05238970588235294
1 0.7592741935483871 0.7775735294117647 0.050806451612903224 0.0625
1 0.1588709677419355 0.4264705882352941 0.08064516129032258 0.10110294117647059
1 0.09032258064516129 0.5238970588235294 0.06129032258064516 0.09375
1 0.1338709677419355 0.703125 0.10161290322580645 0.08639705882352941
1 0.6237903225806452 0.3313419117647059 0.03951612903225806 0.046875
1 0.5282258064516129 0.28860294117647056 0.035483870967741936 0.05330882352941176
1 0.6794354838709677 0.4646139705882353 0.04112903225806452 0.050551470588235295
1 0.7096774193548387 0.49402573529411764 0.037096774193548385 0.04503676470588235
1 0.7209677419354839 0.5606617647058824 0.04516129032258064 0.04963235294117647
1 0.7084677419354839 0.5836397058823529 0.050806451612903224 0.06066176470588235
1 0.5201612903225806 0.20082720588235295 0.016129032258064516 0.02849264705882353
1 0.5596774193548387 0.24586397058823528 0.03064516129032258 0.03952205882352941
1 0.8225806451612904 0.6305147058823529 0.017741935483870968 0.02389705882352941
1 0.7520161290322581 0.8818933823529411 0.04435483870967742 0.04503676470588235
1 0.717741935483871 0.9140625 0.05 0.05606617647058824
1 0.760483870967742 0.9397977941176471 0.03225806451612903 0.03952205882352941
1 0.7564516129032258 0.7003676470588235 0.04516129032258064 0.06066176470588235
1 0.7330645161290322 0.7169117647058824 0.0532258064516129 0.06433823529411764
2 0.7903225806451613 0.48713235294117646 0.02258064516129032 0.029411764705882353
2 0.7516129032258064 0.4264705882352941 0.037096774193548385 0.04963235294117647
0 0.8088709677419355 0.5271139705882353 0.05 0.07261029411764706
1 0.14516129032258066 0.37454044117647056 0.07580645161290323 0.09283088235294118
2 0.5108870967741935 0.17876838235294118 0.029838709677419355 0.02665441176470588
1 0.7774193548387097 0.8313419117647058 0.03870967741935484 0.05238970588235294
