2 0.2975609756097561 0.17784926470588236 0.03739837398373984 0.03952205882352941
2 0.39796747967479673 0.1636029411764706 0.03983739837398374 0.042279411764705885
2 0.48495934959349596 0.16773897058823528 0.038211382113821135 0.035845588235294115
2 0.1264227642276423 0.2991727941176471 0.07235772357723577 0.07996323529411764
4 0.8406504065040651 0.40762867647058826 0.08455284552845528 0.1130514705882353
1 0.34227642276422765 0.18933823529411764 0.01951219512195122 0.04411764705882353
1 0.30609756097560975 0.19209558823529413 0.01707317073170732 0.034926470588235295
1 0.20691056910569106 0.2182904411764706 0.01707317073170732 0.03400735294117647
1 0.774390243902439 0.37683823529411764 0.03008130081300813 0.04779411764705882
2 0.8227642276422764 0.30422794117647056 0.016260162601626018 0.022058823529411766
2 0.8065040650406504 0.30193014705882354 0.022764227642276424 0.02297794117647059
1 0.8703252032520326 0.6231617647058824 0.046341463414634146 0.06801470588235294
1 0.2410569105691057 0.20680147058823528 0.01707317073170732 0.03676470588235294
1 0.7890243902439025 0.2803308823529412 0.012195121951219513 0.014705882352941176
1 0.775609756097561 0.26838235294117646 0.011382113821138212 0.014705882352941176
1 0.7666666666666667 0.2601102941176471 0.011382113821138212 0.012867647058823529
1 0.7991869918699187 0.28125 0.011382113821138212 0.016544117647058824
