2 0.2995934959349594 0.17463235294117646 0.041463414634146344 0.042279411764705885
2 0.3943089430894309 0.16681985294117646 0.04715447154471545 0.04136029411764706
1 0.3434959349593496 0.18658088235294118 0.025203252032520326 0.04779411764705882
1 0.8711382113821138 0.6213235294117647 0.04796747967479675 0.06066176470588235
1 0.8036585365853659 0.4655330882352941 0.046341463414634146 0.07628676470588236
1 0.8630081300813008 0.6783088235294118 0.05772357723577236 0.06066176470588235
1 0.8504065040650407 0.7090992647058824 0.05203252032520325 0.05606617647058824
2 0.8247967479674797 0.3005514705882353 0.02032520325203252 0.027573529411764705
1 0.6752032520325203 0.23115808823529413 0.028455284552845527 0.030330882352941176
2 0.17886178861788618 0.2688419117647059 0.11869918699186992 0.109375
