3 0.5967741935483871 0.8442095588235294 0.08709677419354839 0.03768382352941176
1 0.14596774193548387 0.37224264705882354 0.08225806451612903 0.09558823529411764
1 0.1681451612903226 0.4296875 0.08629032258064516 0.078125
1 0.13548387096774195 0.6948529411764706 0.10483870967741936 0.0900735294117647
1 0.2903225806451613 0.7913602941176471 0.1338709677419355 0.11029411764705882
1 0.07862903225806452 0.4618566176470588 0.05725806451612903 0.07628676470588236
1 0.08870967741935484 0.5266544117647058 0.08225806451612903 0.10477941176470588
1 0.22016129032258064 0.3327205882352941 0.07096774193548387 0.09191176470588236
1 0.038306451612903226 0.6415441176470589 0.04758064516129032 0.08272058823529412
2 0.7471774193548387 0.4568014705882353 0.03306451612903226 0.04595588235294118
2 0.5528225806451613 0.2532169117647059 0.055645161290322584 0.06525735294117647
1 0.7524193548387097 0.5422794117647058 0.03064516129032258 0.04411764705882353
0 0.8056451612903226 0.5220588235294118 0.056451612903225805 0.07352941176470588
2 0.7850806451612903 0.5721507352941176 0.03467741935483871 0.05606617647058824
1 0.7641129032258065 0.49080882352941174 0.02661290322580645 0.02389705882352941
