1 0.41566265060240964 0.18979779411764705 0.013654618473895583 0.024816176470588234
1 0.40441767068273093 0.19025735294117646 0.010441767068273093 0.02022058823529412
1 0.39477911646586344 0.18382352941176472 0.010441767068273093 0.03125
1 0.3795180722891566 0.17693014705882354 0.013654618473895583 0.024816176470588234
1 0.3670682730923695 0.17509191176470587 0.011244979919678716 0.024816176470588234
1 0.3586345381526104 0.1870404411764706 0.013654618473895583 0.024816176470588234
1 0.3485943775100402 0.18841911764705882 0.01285140562248996 0.022058823529411766
1 0.3333333333333333 0.18428308823529413 0.020883534136546186 0.030330882352941176
1 0.25582329317269076 0.22288602941176472 0.020080321285140562 0.04136029411764706
1 0.16666666666666666 0.24862132352941177 0.015261044176706828 0.03768382352941176
1 0.15261044176706828 0.2532169117647059 0.01285140562248996 0.03768382352941176
1 0.14056224899598393 0.25919117647058826 0.011244979919678716 0.03308823529411765
1 0.12369477911646587 0.26838235294117646 0.011244979919678716 0.034926470588235295
1 0.10763052208835341 0.28125 0.01285140562248996 0.03125
1 0.09598393574297188 0.2890625 0.010441767068273093 0.02297794117647059
1 0.5465863453815261 0.22886029411764705 0.028112449799196786 0.02389705882352941
2 0.8004016064257028 0.38556985294117646 0.018473895582329317 0.02849264705882353
1 0.5815261044176707 0.24816176470588236 0.024096385542168676 0.029411764705882353
1 0.6188755020080321 0.2665441176470588 0.021686746987951807 0.027573529411764705
2 0.7791164658634538 0.31755514705882354 0.01285140562248996 0.015625
1 0.163855421686747 0.7555147058823529 0.07550200803212852 0.08455882352941177
1 0.691566265060241 0.27297794117647056 0.01927710843373494 0.02022058823529412
1 0.6445783132530121 0.2578125 0.020080321285140562 0.024816176470588234
