1 0.4121951219512195 0.19025735294117646 0.014634146341463415 0.02389705882352941
1 0.39959349593495935 0.18841911764705882 0.00894308943089431 0.02389705882352941
1 0.3886178861788618 0.18474264705882354 0.013008130081300813 0.025735294117647058
1 0.37601626016260165 0.17784926470588236 0.012195121951219513 0.02297794117647059
1 0.3646341463414634 0.17738970588235295 0.01056910569105691 0.02022058823529412
1 0.3569105691056911 0.18612132352941177 0.013008130081300813 0.019301470588235295
1 0.3443089430894309 0.18887867647058823 0.012195121951219513 0.017463235294117647
1 0.3308943089430894 0.1870404411764706 0.016260162601626018 0.02665441176470588
1 0.25040650406504067 0.22242647058823528 0.01951219512195122 0.04044117647058824
1 0.5459349593495935 0.23069852941176472 0.026829268292682926 0.02389705882352941
1 0.1597560975609756 0.24540441176470587 0.01869918699186992 0.04044117647058824
1 0.13414634146341464 0.26056985294117646 0.013008130081300813 0.03952205882352941
1 0.11707317073170732 0.2697610294117647 0.013008130081300813 0.03400735294117647
1 0.0991869918699187 0.28262867647058826 0.013008130081300813 0.02665441176470588
1 0.08902439024390243 0.28860294117647056 0.01056910569105691 0.027573529411764705
2 0.441869918699187 0.19301470588235295 0.044715447154471545 0.04779411764705882
2 0.7065040650406504 0.29411764705882354 0.02926829268292683 0.02389705882352941
2 0.7280487804878049 0.31893382352941174 0.028455284552845527 0.03125
2 0.7386178861788618 0.34972426470588236 0.03170731707317073 0.035845588235294115
2 0.6947154471544715 0.3170955882352941 0.041463414634146344 0.034926470588235295
1 0.8 0.359375 0.008130081300813009 0.014705882352941176
1 0.78130081300813 0.3226102941176471 0.008130081300813009 0.012867647058823529
2 0.7808943089430894 0.33869485294117646 0.012195121951219513 0.019301470588235295
1 0.7808943089430894 0.4108455882352941 0.025203252032520326 0.034926470588235295
1 0.6910569105691057 0.27297794117647056 0.01788617886178862 0.02022058823529412
1 0.776829268292683 0.3694852941176471 0.01869918699186992 0.03125
1 0.6447154471544716 0.25643382352941174 0.01951219512195122 0.02389705882352941
2 0.7934959349593496 0.3414522058823529 0.013008130081300813 0.015625
