1 0.41606425702811245 0.18979779411764705 0.01606425702811245 0.024816176470588234
1 0.4004016064257028 0.18474264705882354 0.021686746987951807 0.03125
1 0.3791164658634538 0.17738970588235295 0.011244979919678716 0.02389705882352941
1 0.3678714859437751 0.17601102941176472 0.014457831325301205 0.024816176470588234
1 0.3602409638554217 0.18382352941176472 0.015261044176706828 0.025735294117647058
1 0.3473895582329317 0.18336397058823528 0.013654618473895583 0.02849264705882353
1 0.334136546184739 0.18474264705882354 0.017670682730923693 0.03125
1 0.39558232931726905 0.20955882352941177 0.03293172690763052 0.04044117647058824
1 0.36224899598393573 0.21599264705882354 0.036947791164658635 0.04044117647058824
1 0.25622489959839356 0.22196691176470587 0.01927710843373494 0.043198529411764705
1 0.1674698795180723 0.24862132352941177 0.013654618473895583 0.03768382352941176
1 0.1530120481927711 0.2541360294117647 0.012048192771084338 0.035845588235294115
1 0.14176706827309238 0.25827205882352944 0.012048192771084338 0.034926470588235295
1 0.12409638554216867 0.2711397058823529 0.013654618473895583 0.029411764705882353
1 0.10763052208835341 0.2835477941176471 0.01285140562248996 0.02849264705882353
1 0.0963855421686747 0.2890625 0.011244979919678716 0.02665441176470588
1 0.5485943775100401 0.23069852941176472 0.02891566265060241 0.027573529411764705
2 0.8 0.38786764705882354 0.024096385542168676 0.029411764705882353
1 0.1606425702811245 0.7513786764705882 0.078714859437751 0.06158088235294118
1 0.29437751004016066 0.24448529411764705 0.05060240963855422 0.04411764705882353
1 0.6734939759036145 0.2771139705882353 0.018473895582329317 0.024816176470588234
1 0.691566265060241 0.2743566176470588 0.01927710843373494 0.02297794117647059
1 0.6429718875502008 0.25643382352941174 0.021686746987951807 0.02389705882352941
3 0.7903614457831325 0.38097426470588236 0.01285140562248996 0.02297794117647059
3 0.8 0.40349264705882354 0.014457831325301205 0.02389705882352941
