1 0.09153225806451613 0.6199448529411765 0.0846774193548387 0.10018382352941177
1 0.09193548387096774 0.7127757352941176 0.09032258064516129 0.08915441176470588
3 0.3995967741935484 0.29549632352941174 0.042741935483870966 0.07996323529411764
1 0.542741935483871 0.20863970588235295 0.017741935483870968 0.029411764705882353
1 0.5665322580645161 0.23805147058823528 0.025 0.027573529411764705
1 0.48346774193548386 0.1953125 0.020161290322580645 0.02665441176470588
2 0.5665322580645161 0.28079044117647056 0.062096774193548386 0.0744485294117647
2 0.5056451612903226 0.17876838235294118 0.03225806451612903 0.03768382352941176
2 0.5161290322580645 0.20955882352941177 0.035483870967741936 0.042279411764705885
1 0.4266129032258065 0.7068014705882353 0.07419354838709677 0.15257352941176472
1 0.6201612903225806 0.40900735294117646 0.04838709677419355 0.06433823529411764
1 0.6141129032258065 0.49356617647058826 0.06048387096774194 0.09191176470588236
1 0.6205645161290323 0.6148897058823529 0.075 0.11029411764705882
2 0.7004032258064516 0.5170036764705882 0.0846774193548387 0.14981617647058823
2 0.11209677419354838 0.33731617647058826 0.07741935483870968 0.10294117647058823
0 0.05725806451612903 0.4650735294117647 0.08870967741935484 0.23161764705882354
1 0.7842741935483871 0.6392463235294118 0.029838709677419355 0.030330882352941176
1 0.8100806451612903 0.5818014705882353 0.020161290322580645 0.025735294117647058
2 0.7463709677419355 0.9122242647058824 0.055645161290322584 0.10202205882352941
2 0.8161290322580645 0.5459558823529411 0.020967741935483872 0.027573529411764705
3 0.7608870967741935 0.5078125 0.025 0.024816176470588234
3 0.7330645161290322 0.47058823529411764 0.024193548387096774 0.02022058823529412
3 0.7217741935483871 0.4476102941176471 0.024193548387096774 0.022058823529411766
3 0.7407258064516129 0.49862132352941174 0.025 0.02665441176470588
4 0.8084677419354839 0.5105698529411765 0.03467741935483871 0.04871323529411765
1 0.7987903225806452 0.6557904411764706 0.02661290322580645 0.024816176470588234
1 0.8120967741935484 0.6608455882352942 0.020967741935483872 0.022058823529411766
