2 0.29878048780487804 0.17738970588235295 0.034959349593495934 0.03860294117647059
1 0.8699186991869918 0.6162683823529411 0.03739837398373984 0.043198529411764705
1 0.740650406504065 0.7049632352941176 0.08455284552845528 0.10845588235294118
1 0.8471544715447155 0.7022058823529411 0.05040650406504065 0.05698529411764706
1 0.8752032520325204 0.6305147058823529 0.038211382113821135 0.042279411764705885
2 0.3967479674796748 0.1640625 0.04227642276422764 0.03768382352941176
1 0.49552845528455286 0.18566176470588236 0.028455284552845527 0.03308823529411765
2 0.35365853658536583 0.2587316176470588 0.15447154471544716 0.08547794117647059
2 0.2804878048780488 0.22380514705882354 0.11544715447154472 0.078125
2 0.18414634146341463 0.2922794117647059 0.11300813008130081 0.10845588235294118
2 0.08170731707317073 0.35891544117647056 0.034959349593495934 0.06893382352941177
1 0.37845528455284555 0.4678308823529412 0.11463414634146342 0.0974264705882353
1 0.7447154471544716 0.2495404411764706 0.01788617886178862 0.024816176470588234
1 0.7613821138211382 0.26378676470588236 0.01707317073170732 0.016544117647058824
2 0.625609756097561 0.22334558823529413 0.08048780487804878 0.04779411764705882
2 0.6060975609756097 0.2541360294117647 0.10650406504065041 0.06341911764705882
2 0.7532520325203252 0.2853860294117647 0.04796747967479675 0.043198529411764705
2 0.8101626016260163 0.2977941176470588 0.02195121951219512 0.025735294117647058
4 0.13414634146341464 0.25643382352941174 0.06666666666666667 0.09191176470588236
1 0.693089430894309 0.2261029411764706 0.01869918699186992 0.034926470588235295
