1 0.08634538152610442 0.7274816176470589 0.024899598393574297 0.02849264705882353
1 0.08995983935742972 0.7545955882352942 0.02891566265060241 0.027573529411764705
1 0.10441767068273092 0.8143382352941176 0.024096385542168676 0.02022058823529412
1 0.7253012048192771 0.17830882352941177 0.030522088353413655 0.029411764705882353
1 0.7461847389558233 0.1957720588235294 0.027309236947791166 0.027573529411764705
1 0.7602409638554217 0.21461397058823528 0.03293172690763052 0.030330882352941176
1 0.9140562248995984 0.46691176470588236 0.030522088353413655 0.0625
1 0.7767068273092369 0.23253676470588236 0.027309236947791166 0.029411764705882353
1 0.7923694779116466 0.25 0.03132530120481928 0.029411764705882353
1 0.8036144578313253 0.2697610294117647 0.03293172690763052 0.03216911764705882
1 0.8281124497991967 0.30514705882352944 0.033734939759036145 0.03308823529411765
1 0.844578313253012 0.33409926470588236 0.03293172690763052 0.03952205882352941
1 0.8855421686746988 0.3446691176470588 0.020080321285140562 0.025735294117647058
2 0.5714859437751004 0.08363970588235294 0.023293172690763052 0.014705882352941176
2 0.9020080321285141 0.35340073529411764 0.03855421686746988 0.05238970588235294
2 0.39196787148594375 0.12637867647058823 0.043373493975903614 0.03768382352941176
0 0.18473895582329317 0.4508272058823529 0.25060240963855424 0.5670955882352942
2 0.42610441767068274 0.07720588235294118 0.015261044176706828 0.012867647058823529
2 0.457429718875502 0.0978860294117647 0.03132530120481928 0.02665441176470588
2 0.351004016064257 0.11121323529411764 0.024096385542168676 0.01838235294117647
3 0.6987951807228916 0.14751838235294118 0.011244979919678716 0.024816176470588234
3 0.6847389558232931 0.13878676470588236 0.012048192771084338 0.02389705882352941
3 0.8514056224899599 0.29733455882352944 0.01285140562248996 0.02849264705882353
2 0.4686746987951807 0.20082720588235295 0.10522088353413654 0.07996323529411764
2 0.372289156626506 0.10064338235294118 0.018473895582329317 0.015625
2 0.9618473895582329 0.5611213235294118 0.018473895582329317 0.03952205882352941
