1 0.17258064516129032 0.6861213235294118 0.07903225806451612 0.06709558823529412
1 0.719758064516129 0.36856617647058826 0.02338709677419355 0.027573529411764705
1 0.7298387096774194 0.38097426470588236 0.025806451612903226 0.02665441176470588
1 0.7411290322580645 0.39889705882352944 0.02258064516129032 0.025735294117647058
1 0.7491935483870967 0.41130514705882354 0.025806451612903226 0.03216911764705882
1 0.5951612903225807 0.32950367647058826 0.04838709677419355 0.043198529411764705
1 0.5887096774193549 0.3635110294117647 0.0532258064516129 0.06341911764705882
1 0.25120967741935485 0.45128676470588236 0.06693548387096775 0.11397058823529412
1 0.7842741935483871 0.5275735294117647 0.042741935483870966 0.058823529411764705
1 0.8358870967741936 0.6571691176470589 0.042741935483870966 0.051470588235294115
1 0.49798387096774194 0.1957720588235294 0.02661290322580645 0.03125
2 0.4439516129032258 0.24724264705882354 0.10241935483870968 0.06985294117647059
2 0.7471774193548387 0.4609375 0.07661290322580645 0.09834558823529412
2 0.822983870967742 0.5376838235294118 0.07661290322580645 0.10477941176470588
2 0.27983870967741936 0.17647058823529413 0.035483870967741936 0.03125
2 0.2616935483870968 0.16590073529411764 0.025 0.02665441176470588
2 0.882258064516129 0.7463235294117647 0.035483870967741936 0.07720588235294118
1 0.2879032258064516 0.19439338235294118 0.017741935483870968 0.02849264705882353
1 0.5778225806451613 0.21277573529411764 0.016935483870967744 0.021139705882352942
1 0.5995967741935484 0.2192095588235294 0.01532258064516129 0.019301470588235295
1 0.6241935483870967 0.23115808823529413 0.017741935483870968 0.017463235294117647
2 0.6483870967741936 0.2270220588235294 0.024193548387096774 0.02389705882352941
3 0.555241935483871 0.9742647058823529 0.09758064516129032 0.051470588235294115
