1 0.5516129032258065 0.21369485294117646 0.020967741935483872 0.024816176470588234
2 0.4883064516129032 0.3115808823529412 0.1588709677419355 0.10477941176470588
1 0.7741935483870968 0.7913602941176471 0.04838709677419355 0.05514705882352941
1 0.7560483870967742 0.9250919117647058 0.04596774193548387 0.05606617647058824
2 0.7919354838709678 0.4898897058823529 0.020967741935483872 0.029411764705882353
2 0.8096774193548387 0.6640625 0.027419354838709678 0.04503676470588235
2 0.7564516129032258 0.5464154411764706 0.04838709677419355 0.057904411764705885
1 0.8262096774193548 0.6236213235294118 0.018548387096774192 0.015625
2 0.8415322580645161 0.5896139705882353 0.01532258064516129 0.02665441176470588
2 0.8233870967741935 0.546875 0.016129032258064516 0.02389705882352941
