2 0.5738955823293173 0.08409926470588236 0.023293172690763052 0.015625
2 0.3497991967871486 0.11259191176470588 0.018473895582329317 0.017463235294117647
2 0.9044176706827309 0.35983455882352944 0.04176706827309237 0.05974264705882353
2 0.45823293172690766 0.0978860294117647 0.03614457831325301 0.02849264705882353
2 0.43132530120481927 0.08318014705882353 0.017670682730923693 0.017463235294117647
2 0.42128514056224897 0.0978860294117647 0.024899598393574297 0.017463235294117647
2 0.378714859437751 0.16544117647058823 0.0570281124497992 0.05698529411764706
2 0.39357429718875503 0.09926470588235294 0.02570281124497992 0.01838235294117647
2 0.5152610441767068 0.09329044117647059 0.02971887550200803 0.02297794117647059
2 0.8775100401606426 0.8258272058823529 0.07630522088353414 0.1645220588235294
3 0.7136546184738956 0.14981617647058823 0.012048192771084338 0.02389705882352941
2 0.5634538152610442 0.09237132352941177 0.023293172690763052 0.02297794117647059
1 0.14779116465863454 0.3506433823529412 0.027309236947791166 0.019301470588235295
1 0.14417670682730924 0.36075367647058826 0.024899598393574297 0.02297794117647059
1 0.13172690763052208 0.39246323529411764 0.027309236947791166 0.022058823529411766
1 0.12409638554216867 0.4085477941176471 0.024899598393574297 0.02665441176470588
1 0.11967871485943775 0.42922794117647056 0.02570281124497992 0.022058823529411766
1 0.11124497991967872 0.45174632352941174 0.028112449799196786 0.02297794117647059
1 0.10321285140562249 0.46829044117647056 0.03132530120481928 0.030330882352941176
1 0.09678714859437751 0.5045955882352942 0.02650602409638554 0.029411764705882353
1 0.08634538152610442 0.7261029411764706 0.024899598393574297 0.03308823529411765
1 0.09116465863453815 0.7522977941176471 0.02650602409638554 0.030330882352941176
1 0.10401606425702811 0.8129595588235294 0.03132530120481928 0.02665441176470588
1 0.7614457831325301 0.21553308823529413 0.0321285140562249 0.035845588235294115
1 0.8104417670682731 0.2725183823529412 0.03855421686746988 0.043198529411764705
1 0.8345381526104417 0.3056066176470588 0.030522088353413655 0.03952205882352941
1 0.7903614457831325 0.2495404411764706 0.0321285140562249 0.03952205882352941
1 0.9080321285140562 0.4990808823529412 0.03132530120481928 0.07169117647058823
1 0.9228915662650602 0.7385110294117647 0.02891566265060241 0.057904411764705885
1 0.8393574297188755 0.7564338235294118 0.05461847389558233 0.10477941176470588
1 0.20401606425702812 0.2610294117647059 0.024096385542168676 0.029411764705882353
3 0.7907630522088354 0.21737132352941177 0.020080321285140562 0.024816176470588234
2 0.36947791164658633 0.10064338235294118 0.020883534136546186 0.017463235294117647
