2 0.5142276422764228 0.20680147058823528 0.11463414634146342 0.051470588235294115
3 0.9365853658536586 0.6263786764705882 0.04065040650406504 0.06158088235294118
2 0.7178861788617886 0.21737132352941177 0.07479674796747968 0.043198529411764705
2 0.8361788617886179 0.2578125 0.041463414634146344 0.030330882352941176
2 0.875609756097561 0.27941176470588236 0.032520325203252036 0.03125
1 0.5544715447154471 0.16268382352941177 0.02926829268292683 0.025735294117647058
1 0.5284552845528455 0.16222426470588236 0.026016260162601626 0.02849264705882353
1 0.49959349593495933 0.16498161764705882 0.026829268292682926 0.02665441176470588
1 0.4735772357723577 0.16681985294117646 0.02195121951219512 0.03216911764705882
3 0.0540650406504065 0.5358455882352942 0.01707317073170732 0.03308823529411765
3 0.053252032520325204 0.5928308823529411 0.023577235772357725 0.03676470588235294
0 0.10569105691056911 0.34880514705882354 0.05203252032520325 0.07077205882352941
1 0.2 0.27987132352941174 0.01788617886178862 0.03216911764705882
1 0.16260162601626016 0.30284926470588236 0.01788617886178862 0.03216911764705882
2 0.06056910569105691 0.47058823529411764 0.025203252032520326 0.03676470588235294
