2 0.9885416666666667 0.46119791666666665 0.017708333333333333 0.030729166666666665
2 0.9848958333333333 0.4864583333333333 0.01875 0.019791666666666666
2 0.97578125 0.47317708333333336 0.0171875 0.030729166666666665
2 0.8875 0.22864583333333333 0.021875 0.01875
3 0.33046875 0.08020833333333334 0.0171875 0.030208333333333334
2 0.7721354166666666 0.06015625 0.0171875 0.0203125
2 0.023177083333333334 0.30703125 0.021354166666666667 0.0203125
1 0.1265625 0.26640625 0.034375 0.0234375
1 0.04296875 0.3177083333333333 0.019270833333333334 0.011458333333333333
1 0.52265625 0.012760416666666666 0.015104166666666667 0.024479166666666666
3 0.058333333333333334 0.3346354166666667 0.023958333333333335 0.013020833333333334
2 0.9567708333333333 0.5171875 0.030208333333333334 0.03854166666666667
2 0.9458333333333333 0.44947916666666665 0.03125 0.04375
4 0.6135416666666667 0.01875 0.05520833333333333 0.036458333333333336
4 0.9872395833333333 0.56484375 0.015104166666666667 0.0203125
1 0.13177083333333334 0.17083333333333334 0.021875 0.020833333333333332
