2 0.30040650406504066 0.17647058823529413 0.036585365853658534 0.03125
2 0.39796747967479673 0.1645220588235294 0.041463414634146344 0.03308823529411765
2 0.8321138211382114 0.29733455882352944 0.012195121951219513 0.013786764705882353
1 0.8186991869918699 0.31204044117647056 0.011382113821138212 0.013786764705882353
1 0.7784552845528455 0.27297794117647056 0.01056910569105691 0.012867647058823529
1 0.8008130081300813 0.30606617647058826 0.013008130081300813 0.02022058823529412
1 0.7666666666666667 0.2614889705882353 0.00975609756097561 0.011948529411764705
2 0.8085365853658537 0.33547794117647056 0.036585365853658534 0.04044117647058824
2 0.7508130081300813 0.2789522058823529 0.043089430894308944 0.035845588235294115
2 0.8483739837398374 0.3851102941176471 0.028455284552845527 0.03860294117647059
2 0.566260162601626 0.22104779411764705 0.1 0.046875
1 0.634959349593496 0.22012867647058823 0.026016260162601626 0.02849264705882353
1 0.6922764227642276 0.23851102941176472 0.02195121951219512 0.024816176470588234
2 0.6504065040650406 0.2757352941176471 0.08292682926829269 0.05330882352941176
2 0.5638211382113821 0.328125 0.15691056910569107 0.09191176470588236
1 0.8686991869918699 0.6162683823529411 0.036585365853658534 0.030330882352941176
1 0.8613821138211382 0.6681985294117647 0.038211382113821135 0.042279411764705885
1 0.8434959349593496 0.6999080882352942 0.03983739837398374 0.05238970588235294
2 0.6967479674796748 0.7591911764705882 0.12520325203252033 0.2867647058823529
4 0.13821138211382114 0.2536764705882353 0.061788617886178863 0.08088235294117647
1 0.36016260162601627 0.20496323529411764 0.04552845528455285 0.04779411764705882
1 0.3434959349593496 0.24448529411764705 0.06097560975609756 0.0661764705882353
1 0.4630081300813008 0.26608455882352944 0.04959349593495935 0.057904411764705885
2 0.3483739837398374 0.6272977941176471 0.26910569105691057 0.20496323529411764
2 0.13861788617886178 0.31066176470588236 0.0886178861788618 0.08823529411764706
3 0.3467479674796748 0.171875 0.015447154471544716 0.03308823529411765
1 0.7886178861788617 0.27527573529411764 0.013008130081300813 0.017463235294117647
