3 0.3253061224489796 0.8184742647058824 0.07102040816326531 0.0818014705882353
1 0.1510204081632653 0.3602941176470588 0.05551020408163265 0.09558823529411764
1 0.23755102040816325 0.7913602941176471 0.09795918367346938 0.11213235294117647
1 0.6951020408163265 0.3336397058823529 0.0236734693877551 0.03860294117647059
2 0.35918367346938773 0.14430147058823528 0.045714285714285714 0.027573529411764705
2 0.4122448979591837 0.1640625 0.05714285714285714 0.035845588235294115
2 0.7906122448979592 0.45266544117647056 0.054693877551020405 0.07628676470588236
3 0.6844897959183673 0.29549632352941174 0.015510204081632653 0.02665441176470588
1 0.5661224489795919 0.22564338235294118 0.017142857142857144 0.02849264705882353
1 0.5473469387755102 0.22242647058823528 0.018775510204081632 0.03125
1 0.5808163265306122 0.20863970588235295 0.018775510204081632 0.02389705882352941
1 0.5987755102040816 0.21461397058823528 0.018775510204081632 0.02665441176470588
1 0.6138775510204082 0.22564338235294118 0.014693877551020407 0.02849264705882353
1 0.626938775510204 0.23069852941176472 0.0163265306122449 0.022058823529411766
1 0.5906122448979592 0.23069852941176472 0.02857142857142857 0.027573529411764705
1 0.6595918367346939 0.21231617647058823 0.00816326530612245 0.012867647058823529
1 0.29346938775510206 0.4260110294117647 0.054693877551020405 0.1130514705882353
1 0.7983673469387755 0.8538602941176471 0.05714285714285714 0.05698529411764706
2 0.6448979591836734 0.2270220588235294 0.029387755102040815 0.027573529411764705
2 0.6640816326530612 0.2261029411764706 0.02040816326530612 0.022058823529411766
2 0.669795918367347 0.22104779411764705 0.02040816326530612 0.024816176470588234
2 0.696734693877551 0.25045955882352944 0.018775510204081632 0.024816176470588234
1 0.6726530612244898 0.24402573529411764 0.014693877551020407 0.017463235294117647
1 0.6791836734693878 0.25643382352941174 0.014693877551020407 0.02022058823529412
1 0.6555102040816326 0.2541360294117647 0.0163265306122449 0.021139705882352942
1 0.6726530612244898 0.28722426470588236 0.017959183673469388 0.030330882352941176
1 0.43714285714285717 0.19209558823529413 0.025306122448979593 0.027573529411764705
1 0.44081632653061226 0.2104779411764706 0.027755102040816326 0.03125
1 0.5179591836734694 0.2532169117647059 0.03510204081632653 0.04871323529411765
1 0.6285714285714286 0.3170955882352941 0.04081632653061224 0.04044117647058824
2 0.19959183673469388 0.15533088235294118 0.015510204081632653 0.01838235294117647
2 0.20775510204081632 0.15808823529411764 0.015510204081632653 0.02022058823529412
2 0.21918367346938775 0.16176470588235295 0.017142857142857144 0.022058823529411766
2 0.23061224489795917 0.14384191176470587 0.013877551020408163 0.013786764705882353
2 0.26081632653061226 0.1484375 0.02040816326530612 0.015625
2 0.32571428571428573 0.15900735294117646 0.03918367346938775 0.03125
2 0.29836734693877554 0.16084558823529413 0.025306122448979593 0.022058823529411766
1 0.26693877551020406 0.17371323529411764 0.0163265306122449 0.027573529411764705
1 0.283265306122449 0.16498161764705882 0.014693877551020407 0.017463235294117647
1 0.25142857142857145 0.17417279411764705 0.014693877551020407 0.02665441176470588
1 0.22285714285714286 0.1953125 0.017959183673469388 0.02849264705882353
1 0.20408163265306123 0.18336397058823528 0.011428571428571429 0.017463235294117647
1 0.19918367346938776 0.20634191176470587 0.017959183673469388 0.030330882352941176
1 0.23714285714285716 0.2109375 0.017142857142857144 0.03768382352941176
2 0.29020408163265304 0.18244485294117646 0.04163265306122449 0.035845588235294115
1 0.37673469387755104 0.18382352941176472 0.022040816326530613 0.03308823529411765
1 0.27918367346938777 0.19898897058823528 0.022857142857142857 0.03768382352941176
2 0.4330612244897959 0.24402573529411764 0.10040816326530612 0.06709558823529412
2 0.6518367346938776 0.3791360294117647 0.12326530612244897 0.11121323529411764
2 0.6224489795918368 0.4163602941176471 0.15755102040816327 0.1488970588235294
1 0.7983673469387755 0.5257352941176471 0.04897959183673469 0.04044117647058824
1 0.7991836734693878 0.5647977941176471 0.05551020408163265 0.06158088235294118
1 0.846530612244898 0.5795036764705882 0.029387755102040815 0.050551470588235295
1 0.8693877551020408 0.609375 0.03428571428571429 0.042279411764705885
1 0.863265306122449 0.6636029411764706 0.04816326530612245 0.04779411764705882
2 0.8587755102040816 0.7490808823529411 0.053877551020408164 0.10110294117647059
1 0.8938775510204081 0.6663602941176471 0.024489795918367346 0.04044117647058824
1 0.7857142857142857 0.953125 0.04816326530612245 0.034926470588235295
1 0.896734693877551 0.7302389705882353 0.026938775510204082 0.02849264705882353
1 0.889795918367347 0.7568933823529411 0.024489795918367346 0.030330882352941176
1 0.8885714285714286 0.8161764705882353 0.026938775510204082 0.03308823529411765
