1 0.14779116465863454 0.35110294117647056 0.01927710843373494 0.01838235294117647
1 0.142570281124498 0.35983455882352944 0.023293172690763052 0.019301470588235295
1 0.13333333333333333 0.3805147058823529 0.02570281124497992 0.01838235294117647
1 0.12971887550200803 0.3947610294117647 0.02650602409638554 0.021139705882352942
1 0.12409638554216867 0.40579044117647056 0.02650602409638554 0.019301470588235295
1 0.1180722891566265 0.4260110294117647 0.02570281124497992 0.02297794117647059
1 0.11004016064257029 0.4485294117647059 0.02891566265060241 0.02389705882352941
1 0.10200803212851406 0.47472426470588236 0.02891566265060241 0.02849264705882353
1 0.09477911646586346 0.5032169117647058 0.02891566265060241 0.030330882352941176
1 0.08473895582329317 0.7274816176470589 0.024899598393574297 0.03400735294117647
1 0.09036144578313253 0.7495404411764706 0.02650602409638554 0.02665441176470588
1 0.10321285140562249 0.8143382352941176 0.02650602409638554 0.02389705882352941
2 0.7144578313253012 0.9200367647058824 0.11325301204819277 0.15992647058823528
3 0.9349397590361446 0.6443014705882353 0.030522088353413655 0.03125
2 0.43172690763052207 0.08731617647058823 0.020080321285140562 0.014705882352941176
2 0.4108433734939759 0.08823529411764706 0.016867469879518072 0.014705882352941176
2 0.41526104417670684 0.10340073529411764 0.027309236947791166 0.02297794117647059
0 0.36987951807228914 0.11029411764705882 0.061847389558232935 0.058823529411764705
2 0.8831325301204819 0.3290441176470588 0.03775100401606426 0.04779411764705882
2 0.9393574297188755 0.40670955882352944 0.02650602409638554 0.03768382352941176
1 0.15823293172690764 0.28262867647058826 0.02248995983935743 0.024816176470588234
1 0.1927710843373494 0.2578125 0.02570281124497992 0.02665441176470588
1 0.1827309236947791 0.28722426470588236 0.028112449799196786 0.02665441176470588
1 0.24497991967871485 0.24862132352941177 0.0321285140562249 0.03768382352941176
1 0.2967871485943775 0.21783088235294118 0.0393574297188755 0.04595588235294118
1 0.3550200803212851 0.23943014705882354 0.05301204819277108 0.050551470588235295
1 0.35903614457831323 0.16590073529411764 0.0321285140562249 0.03400735294117647
1 0.3783132530120482 0.20496323529411764 0.046586345381526104 0.04411764705882353
1 0.42891566265060244 0.16130514705882354 0.04497991967871486 0.03952205882352941
1 0.4895582329317269 0.13051470588235295 0.03775100401606426 0.034926470588235295
1 0.5771084337349398 0.1484375 0.05060240963855422 0.03952205882352941
1 0.5493975903614458 0.21553308823529413 0.06265060240963856 0.06709558823529412
1 0.6823293172690763 0.19898897058823528 0.04417670682730924 0.046875
1 0.6461847389558233 0.34650735294117646 0.08273092369477912 0.09375
1 0.7281124497991968 0.20588235294117646 0.02971887550200803 0.042279411764705885
1 0.755421686746988 0.23759191176470587 0.04257028112449799 0.043198529411764705
1 0.8285140562248996 0.27159926470588236 0.023293172690763052 0.02297794117647059
1 0.802008032128514 0.2688419117647059 0.03132530120481928 0.043198529411764705
1 0.8409638554216867 0.34880514705882354 0.02891566265060241 0.05238970588235294
1 0.8887550200803213 0.3708639705882353 0.021686746987951807 0.03216911764705882
1 0.91285140562249 0.3805147058823529 0.021686746987951807 0.03676470588235294
2 0.6160642570281124 0.1052389705882353 0.040160642570281124 0.02665441176470588
2 0.5706827309236948 0.0822610294117647 0.023293172690763052 0.013786764705882353
1 0.20080321285140562 0.23253676470588236 0.02570281124497992 0.025735294117647058
