1 0.17258064516129032 0.6861213235294118 0.07903225806451612 0.06709558823529412
1 0.719758064516129 0.3681066176470588 0.02338709677419355 0.02849264705882353
1 0.7298387096774194 0.38097426470588236 0.025806451612903226 0.02665441176470588
1 0.7411290322580645 0.3993566176470588 0.02258064516129032 0.02665441176470588
1 0.7491935483870967 0.41130514705882354 0.025806451612903226 0.03216911764705882
1 0.32137096774193546 0.3506433823529412 0.05241935483870968 0.078125
1 0.23951612903225805 0.36075367647058826 0.041935483870967745 0.08547794117647059
1 0.5983870967741935 0.3492647058823529 0.043548387096774194 0.058823529411764705
1 0.5645161290322581 0.35799632352941174 0.054838709677419356 0.07077205882352941
1 0.6830645161290323 0.4443933823529412 0.06129032258064516 0.06709558823529412
1 0.5754032258064516 0.21323529411764705 0.021774193548387097 0.02389705882352941
1 0.46774193548387094 0.2182904411764706 0.025806451612903226 0.02849264705882353
1 0.3616935483870968 0.17095588235294118 0.016935483870967744 0.022058823529411766
1 0.6326612903225807 0.7601102941176471 0.10403225806451613 0.10294117647058823
1 0.5641129032258064 0.8180147058823529 0.10403225806451613 0.09926470588235294
1 0.8419354838709677 0.8469669117647058 0.04032258064516129 0.03768382352941176
1 0.7544354838709677 0.8864889705882353 0.06693548387096775 0.05422794117647059
1 0.7221774193548387 0.9678308823529411 0.06048387096774194 0.034926470588235295
2 0.6798387096774193 0.3929227941176471 0.1064516129032258 0.11121323529411764
2 0.4096774193548387 0.23023897058823528 0.08548387096774193 0.05974264705882353
2 0.26733870967741935 0.23345588235294118 0.05725806451612903 0.06433823529411764
2 0.8225806451612904 0.5381433823529411 0.07741935483870968 0.10753676470588236
2 0.27983870967741936 0.17601102941176472 0.037096774193548385 0.03216911764705882
2 0.2318548387096774 0.19301470588235295 0.02661290322580645 0.027573529411764705
2 0.22298387096774194 0.17095588235294118 0.025 0.02389705882352941
2 0.8608870967741935 0.7614889705882353 0.04596774193548387 0.08731617647058823
1 0.782258064516129 0.5413602941176471 0.0532258064516129 0.06066176470588235
1 0.8411290322580646 0.5978860294117647 0.04516129032258064 0.03952205882352941
1 0.3185483870967742 0.15900735294117646 0.012903225806451613 0.02022058823529412
1 0.3326612903225806 0.17095588235294118 0.01532258064516129 0.02389705882352941
1 0.6137096774193549 0.23345588235294118 0.01935483870967742 0.025735294117647058
2 0.6475806451612903 0.22472426470588236 0.025806451612903226 0.021139705882352942
2 0.6560483870967742 0.22058823529411764 0.021774193548387097 0.022058823529411766
