1 0.21796875 0.32734375 0.0390625 0.0375
1 0.19609375 0.35 0.0359375 0.0375
1 0.18671875 0.363671875 0.034375 0.03828125
1 0.166015625 0.3828125 0.02890625 0.0375
2 0.509765625 0.319921875 0.16953125 0.09140625
1 0.770703125 0.308984375 0.04296875 0.04140625
1 0.65859375 0.13515625 0.0328125 0.0328125
1 0.55546875 0.07890625 0.0203125 0.0296875
1 0.841015625 0.211328125 0.01953125 0.01796875
1 0.8203125 0.184375 0.01875 0.01875
1 0.8078125 0.169921875 0.01875 0.01796875
4 0.788671875 0.148046875 0.04140625 0.03359375
2 0.86484375 0.21875 0.0265625 0.025
2 0.843359375 0.19296875 0.02890625 0.0265625
2 0.86171875 0.19296875 0.0203125 0.0234375
2 0.87890625 0.21484375 0.01875 0.0203125
1 0.948828125 0.466015625 0.02578125 0.01796875
1 0.802734375 0.586328125 0.04765625 0.03203125
2 0.849609375 0.722265625 0.03828125 0.05546875
4 0.9078125 0.698828125 0.03125 0.04453125
2 0.921484375 0.679296875 0.02265625 0.03984375
1 0.59921875 0.761328125 0.046875 0.05859375
1 0.534375 0.74140625 0.040625 0.053125
1 0.534375 0.768359375 0.046875 0.05703125
1 0.5015625 0.793359375 0.03125 0.04609375
1 0.39765625 0.785546875 0.0328125 0.04453125
2 0.32890625 0.765234375 0.0859375 0.06640625
2 0.3640625 0.812109375 0.084375 0.05703125
2 0.525390625 0.82109375 0.11796875 0.06875
