2 0.8041666666666667 0.12637867647058823 0.046875 0.0818014705882353
1 0.11145833333333334 0.8920036764705882 0.0375 0.1056985294117647
1 0.026041666666666668 0.8400735294117647 0.025 0.07352941176470588
1 0.050520833333333334 0.8465073529411765 0.027083333333333334 0.09375
2 0.07682291666666667 0.26838235294117646 0.030729166666666665 0.06801470588235294
3 0.016927083333333332 0.7619485294117647 0.022395833333333334 0.034926470588235295
1 0.8263020833333333 0.16773897058823528 0.0140625 0.02665441176470588
1 0.9028645833333333 0.3005514705882353 0.013020833333333334 0.025735294117647058
1 0.51953125 0.11075367647058823 0.0609375 0.09283088235294118
1 0.4322916666666667 0.043198529411764705 0.04479166666666667 0.0625
1 0.37578125 0.08272058823529412 0.04739583333333333 0.07536764705882353
1 0.10182291666666667 0.6121323529411765 0.05572916666666667 0.06801470588235294
1 0.08828125 0.3193933823529412 0.0203125 0.04136029411764706
1 0.91796875 0.31893382352941174 0.008854166666666666 0.01838235294117647
1 0.9208333333333333 0.3350183823529412 0.009375 0.019301470588235295
1 0.8106770833333333 0.7996323529411765 0.0734375 0.1323529411764706
2 0.8463541666666666 0.21001838235294118 0.036458333333333336 0.05974264705882353
2 0.7979166666666667 0.4273897058823529 0.10520833333333333 0.15073529411764705
2 0.1109375 0.34650735294117646 0.06666666666666667 0.1323529411764706
2 0.05130208333333333 0.3625919117647059 0.022395833333333334 0.05606617647058824
3 0.32578125 0.05422794117647059 0.018229166666666668 0.06066176470588235
