2 0.1689516129032258 0.32996323529411764 0.14596774193548387 0.10294117647058823
1 0.10967741935483871 0.4797794117647059 0.08225806451612903 0.11029411764705882
1 0.13306451612903225 0.5643382352941176 0.1032258064516129 0.10661764705882353
1 0.11895161290322581 0.7210477941176471 0.10403225806451613 0.09466911764705882
1 0.15725806451612903 0.3975183823529412 0.07419354838709677 0.09834558823529412
1 0.7754032258064516 0.7389705882352942 0.03467741935483871 0.051470588235294115
2 0.8181451612903226 0.5514705882352942 0.016935483870967744 0.027573529411764705
2 0.7850806451612903 0.5160845588235294 0.025 0.03768382352941176
1 0.730241935483871 0.42371323529411764 0.021774193548387097 0.022058823529411766
1 0.75 0.45909926470588236 0.024193548387096774 0.02297794117647059
1 0.7556451612903226 0.4806985294117647 0.02258064516129032 0.02389705882352941
1 0.7725806451612903 0.5078125 0.020967741935483872 0.02665441176470588
2 0.8060483870967742 0.5390625 0.018548387096774192 0.030330882352941176
2 0.8540322580645161 0.6351102941176471 0.01129032258064516 0.02022058823529412
2 0.8411290322580646 0.6102941176470589 0.012903225806451613 0.022058823529411766
4 0.8080645161290323 0.5105698529411765 0.037096774193548385 0.05238970588235294
