2 0.80390625 0.1254595588235294 0.04739583333333333 0.0818014705882353
1 0.11145833333333334 0.8915441176470589 0.0375 0.10477941176470588
1 0.02578125 0.8400735294117647 0.024479166666666666 0.07352941176470588
1 0.05078125 0.8469669117647058 0.0265625 0.09283088235294118
2 0.07682291666666667 0.26838235294117646 0.030729166666666665 0.06801470588235294
1 0.8263020833333333 0.16773897058823528 0.0140625 0.02665441176470588
1 0.48203125 0.08042279411764706 0.05677083333333333 0.0818014705882353
1 0.0390625 0.6819852941176471 0.036458333333333336 0.04595588235294118
1 0.3184895833333333 0.1171875 0.04739583333333333 0.07628676470588236
1 0.92265625 0.32215073529411764 0.009895833333333333 0.019301470588235295
2 0.043229166666666666 0.4420955882352941 0.03854166666666667 0.09191176470588236
2 0.07734375 0.46691176470588236 0.06197916666666667 0.1213235294117647
2 0.9106770833333333 0.3772977941176471 0.025520833333333333 0.05974264705882353
2 0.8489583333333334 0.2688419117647059 0.04479166666666667 0.08731617647058823
2 0.8083333333333333 0.35202205882352944 0.08541666666666667 0.13602941176470587
2 0.19244791666666666 0.53125 0.14427083333333332 0.19852941176470587
3 0.32421875 0.05330882352941176 0.016145833333333335 0.051470588235294115
2 0.00703125 0.5978860294117647 0.013020833333333334 0.06158088235294118
