2 0.2967479674796748 0.17738970588235295 0.03739837398373984 0.03860294117647059
2 0.3975609756097561 0.1636029411764706 0.03902439024390244 0.042279411764705885
2 0.4841463414634146 0.16681985294117646 0.038211382113821135 0.035845588235294115
2 0.12398373983739837 0.29825367647058826 0.07235772357723577 0.07996323529411764
4 0.8406504065040651 0.4071691176470588 0.08455284552845528 0.11397058823529412
1 0.34146341463414637 0.18933823529411764 0.01951219512195122 0.042279411764705885
1 0.3065040650406504 0.19255514705882354 0.016260162601626018 0.03400735294117647
1 0.2073170731707317 0.21966911764705882 0.01788617886178862 0.034926470588235295
1 0.41300813008130083 0.20036764705882354 0.05040650406504065 0.04595588235294118
1 0.7902439024390244 0.28170955882352944 0.011382113821138212 0.013786764705882353
3 0.7630081300813009 0.2734375 0.012195121951219513 0.02297794117647059
1 0.8089430894308943 0.2803308823529412 0.011382113821138212 0.012867647058823529
1 0.8040650406504065 0.2702205882352941 0.00975609756097561 0.011029411764705883
2 0.8361788617886179 0.296875 0.015447154471544716 0.01838235294117647
2 0.806910569105691 0.3005514705882353 0.025203252032520326 0.025735294117647058
1 0.775609756097561 0.2688419117647059 0.011382113821138212 0.015625
1 0.8711382113821138 0.6227022058823529 0.046341463414634146 0.06709558823529412
1 0.24146341463414633 0.20634191176470587 0.02113821138211382 0.04136029411764706
1 0.7142276422764228 0.2568933823529412 0.025203252032520326 0.03216911764705882
