1 0.17258064516129032 0.6861213235294118 0.07903225806451612 0.06709558823529412
1 0.7298387096774194 0.3818933823529412 0.025806451612903226 0.02849264705882353
1 0.7419354838709677 0.3984375 0.024193548387096774 0.02849264705882353
1 0.75 0.41130514705882354 0.025806451612903226 0.03216911764705882
1 0.6459677419354839 0.2771139705882353 0.02258064516129032 0.030330882352941176
1 0.3403225806451613 0.7509191176470589 0.07096774193548387 0.15808823529411764
2 0.864516129032258 0.7513786764705882 0.05 0.10202205882352941
2 0.6399193548387097 0.4195772058823529 0.12983870967741937 0.13511029411764705
2 0.2899193548387097 0.18428308823529413 0.03951612903225806 0.03400735294117647
2 0.2600806451612903 0.17325367647058823 0.03306451612903226 0.02849264705882353
1 0.3133064516129032 0.19117647058823528 0.01532258064516129 0.02389705882352941
1 0.330241935483871 0.20542279411764705 0.021774193548387097 0.030330882352941176
1 0.5705645161290323 0.20726102941176472 0.016935483870967744 0.02297794117647059
2 0.6540322580645161 0.22840073529411764 0.024193548387096774 0.02297794117647059
2 0.635483870967742 0.23023897058823528 0.027419354838709678 0.024816176470588234
