2 0.8041666666666667 0.12683823529411764 0.04583333333333333 0.08088235294117647
1 0.11119791666666666 0.8924632352941176 0.03802083333333333 0.10661764705882353
1 0.02578125 0.8405330882352942 0.025520833333333333 0.0744485294117647
1 0.050520833333333334 0.8465073529411765 0.029166666666666667 0.09558823529411764
2 0.0765625 0.26838235294117646 0.03125 0.06801470588235294
1 0.8265625 0.16773897058823528 0.014583333333333334 0.02665441176470588
1 0.8973958333333333 0.2803308823529412 0.013541666666666667 0.027573529411764705
1 0.5809895833333333 0.01884191176470588 0.03177083333333333 0.035845588235294115
1 0.06796875 0.3147977941176471 0.016145833333333335 0.03400735294117647
3 0.31875 0.0546875 0.019791666666666666 0.05238970588235294
3 0.5395833333333333 0.01838235294117647 0.016666666666666666 0.034926470588235295
3 0.521875 0.01838235294117647 0.0125 0.034926470588235295
3 0.5822916666666667 0.02022058823529412 0.013541666666666667 0.03860294117647059
