1 0.41646586345381525 0.18841911764705882 0.016867469879518072 0.02389705882352941
1 0.4 0.18428308823529413 0.01927710843373494 0.030330882352941176
1 0.3791164658634538 0.17784926470588236 0.011244979919678716 0.024816176470588234
1 0.3682730923694779 0.17647058823529413 0.013654618473895583 0.02389705882352941
1 0.3606425702811245 0.18474264705882354 0.014457831325301205 0.025735294117647058
1 0.3477911646586345 0.18474264705882354 0.01285140562248996 0.027573529411764705
1 0.3333333333333333 0.18474264705882354 0.017670682730923693 0.03125
1 0.39477911646586344 0.21231617647058823 0.03293172690763052 0.03860294117647059
1 0.3598393574297189 0.21461397058823528 0.03855421686746988 0.04136029411764706
1 0.25622489959839356 0.22242647058823528 0.020883534136546186 0.042279411764705885
1 0.1670682730923695 0.24770220588235295 0.014457831325301205 0.03768382352941176
1 0.1534136546184739 0.2545955882352941 0.011244979919678716 0.034926470588235295
1 0.142570281124498 0.25919117647058826 0.012048192771084338 0.034926470588235295
1 0.12289156626506025 0.2702205882352941 0.01285140562248996 0.029411764705882353
1 0.10843373493975904 0.2835477941176471 0.01285140562248996 0.02665441176470588
1 0.09598393574297188 0.28860294117647056 0.012048192771084338 0.027573529411764705
1 0.5481927710843374 0.23023897058823528 0.02971887550200803 0.02665441176470588
2 0.7995983935742972 0.3864889705882353 0.023293172690763052 0.02849264705882353
0 0.7927710843373494 0.3235294117647059 0.01285140562248996 0.012867647058823529
1 0.7751004016064257 0.3203125 0.008032128514056224 0.01011029411764706
1 0.793574297188755 0.34420955882352944 0.008032128514056224 0.01011029411764706
1 0.804417670682731 0.35431985294117646 0.008835341365461847 0.011948529411764705
4 0.7164658634538152 0.3125 0.035341365461847386 0.04411764705882353
2 0.7526104417670683 0.34558823529411764 0.027309236947791166 0.03125
1 0.5875502008032129 0.44255514705882354 0.061847389558232935 0.06709558823529412
3 0.278714859437751 0.22564338235294118 0.01927710843373494 0.03952205882352941
1 0.7907630522088354 0.3740808823529412 0.018473895582329317 0.02389705882352941
1 0.6907630522088354 0.2734375 0.017670682730923693 0.019301470588235295
1 0.6449799196787148 0.25643382352941174 0.020883534136546186 0.025735294117647058
1 0.6975903614457831 0.31893382352941174 0.020080321285140562 0.03125
