2 0.9848958333333333 0.4869791666666667 0.016666666666666666 0.020833333333333332
2 0.9770833333333333 0.47317708333333336 0.019791666666666666 0.0296875
2 0.8888020833333333 0.22734375 0.024479166666666666 0.018229166666666668
3 0.20182291666666666 0.13307291666666668 0.018229166666666668 0.021354166666666667
3 0.19869791666666667 0.1390625 0.016145833333333335 0.026041666666666668
3 0.24479166666666666 0.10807291666666667 0.017708333333333333 0.024479166666666666
3 0.12786458333333334 0.159375 0.015104166666666667 0.016666666666666666
3 0.9705729166666667 0.415625 0.019270833333333334 0.008333333333333333
3 0.9783854166666667 0.4440104166666667 0.015104166666666667 0.0067708333333333336
2 0.7940104166666667 0.08125 0.016145833333333335 0.017708333333333333
1 0.06510416666666667 0.271875 0.019791666666666666 0.011458333333333333
2 0.030208333333333334 0.28203125 0.019791666666666666 0.019270833333333334
2 0.08333333333333333 0.24739583333333334 0.03125 0.027083333333333334
2 0.053125 0.23359375 0.014583333333333334 0.015104166666666667
2 0.09947916666666666 0.19713541666666667 0.026041666666666668 0.0265625
1 0.9361979166666666 0.46640625 0.030729166666666665 0.018229166666666668
1 0.9341145833333333 0.59296875 0.0265625 0.018229166666666668
1 0.9049479166666666 0.6125 0.030729166666666665 0.021875
4 0.9484375 0.5216145833333333 0.04479166666666667 0.0484375
2 0.9830729166666666 0.5934895833333333 0.011979166666666667 0.0171875
2 0.9513020833333333 0.5911458333333334 0.022395833333333334 0.03125
2 0.9442708333333333 0.6236979166666666 0.027083333333333334 0.027604166666666666
1 0.52109375 0.01015625 0.013020833333333334 0.019270833333333334
2 0.5963541666666666 0.01953125 0.03958333333333333 0.0328125
2 0.4705729166666667 0.11145833333333334 0.11927083333333334 0.053125
2 0.64921875 0.11119791666666666 0.0859375 0.0546875
2 0.7723958333333333 0.09895833333333333 0.026041666666666668 0.035416666666666666
1 0.8208333333333333 0.13619791666666667 0.016666666666666666 0.021354166666666667
1 0.7854166666666667 0.14479166666666668 0.020833333333333332 0.028125
1 0.3541666666666667 0.38671875 0.06875 0.0484375
2 0.5752604166666667 0.0125 0.025520833333333333 0.021875
1 0.8114583333333333 0.09635416666666667 0.009375 0.020833333333333332
1 0.8208333333333333 0.09817708333333333 0.011458333333333333 0.018229166666666668
2 0.5471354166666667 0.008333333333333333 0.028645833333333332 0.016666666666666666
