3 0.3818548387096774 0.18979779411764705 0.025 0.04136029411764706
3 0.43024193548387096 0.19990808823529413 0.02338709677419355 0.03216911764705882
1 0.7564516129032258 0.7973345588235294 0.0532258064516129 0.06525735294117647
3 0.05766129032258065 0.6999080882352942 0.049193548387096775 0.0744485294117647
1 0.6592741935483871 0.5574448529411765 0.06048387096774194 0.04871323529411765
1 0.7737903225806452 0.8782169117647058 0.03951612903225806 0.04871323529411765
1 0.7653225806451613 0.9117647058823529 0.0467741935483871 0.05330882352941176
1 0.7588709677419355 0.9214154411764706 0.037096774193548385 0.04503676470588235
1 0.7370967741935484 0.9329044117647058 0.04838709677419355 0.0625
4 0.8189516129032258 0.6603860294117647 0.03467741935483871 0.043198529411764705
2 0.7899193548387097 0.4875919117647059 0.02338709677419355 0.02849264705882353
1 0.7842741935483871 0.6038602941176471 0.02661290322580645 0.025735294117647058
1 0.4935483870967742 0.1948529411764706 0.01935483870967742 0.022058823529411766
1 0.5125 0.1957720588235294 0.01532258064516129 0.027573529411764705
2 0.8350806451612903 0.6043198529411765 0.01532258064516129 0.02849264705882353
