1 0.32642276422764227 0.21001838235294118 0.02195121951219512 0.03216911764705882
3 0.5699186991869919 0.2026654411764706 0.01951219512195122 0.04871323529411765
3 0.6008130081300813 0.22242647058823528 0.026016260162601626 0.04963235294117647
3 0.5573170731707318 0.20772058823529413 0.02032520325203252 0.04595588235294118
1 0.5780487804878048 0.25919117647058826 0.03902439024390244 0.0625
1 0.41747967479674797 0.23575367647058823 0.026829268292682926 0.046875
2 0.7378048780487805 0.29963235294117646 0.1 0.06985294117647059
2 0.13089430894308943 0.3249080882352941 0.02926829268292683 0.04136029411764706
2 0.16869918699186992 0.30652573529411764 0.041463414634146344 0.043198529411764705
1 0.3300813008130081 0.25827205882352944 0.032520325203252036 0.04779411764705882
1 0.21666666666666667 0.2693014705882353 0.03008130081300813 0.03308823529411765
3 0.13739837398373983 0.3648897058823529 0.016260162601626018 0.034926470588235295
3 0.12479674796747968 0.3704044117647059 0.02195121951219512 0.042279411764705885
3 0.11260162601626016 0.40119485294117646 0.02032520325203252 0.04136029411764706
0 0.2056910569105691 0.5510110294117647 0.28780487804878047 0.6351102941176471
1 0.625609756097561 0.16957720588235295 0.03008130081300813 0.02849264705882353
1 0.6605691056910569 0.17647058823529413 0.023577235772357725 0.025735294117647058
2 0.0540650406504065 0.45955882352941174 0.012195121951219513 0.029411764705882353
2 0.708130081300813 0.203125 0.06341463414634146 0.04044117647058824
1 0.8138211382113821 0.22472426470588236 0.014634146341463415 0.019301470588235295
1 0.865040650406504 0.25643382352941174 0.014634146341463415 0.02022058823529412
2 0.7516260162601626 0.20863970588235295 0.038211382113821135 0.027573529411764705
2 0.8130081300813008 0.23759191176470587 0.05040650406504065 0.03768382352941176
1 0.09471544715447154 0.4085477941176471 0.013821138211382113 0.02297794117647059
1 0.07764227642276422 0.44715073529411764 0.015447154471544716 0.02297794117647059
1 0.08780487804878048 0.42371323529411764 0.013008130081300813 0.02389705882352941
