1 0.39400921658986177 0.15303308823529413 0.026728110599078342 0.03216911764705882
3 0.4023041474654378 0.14705882352941177 0.01566820276497696 0.03308823529411765
3 0.9124423963133641 0.4618566176470588 0.04055299539170507 0.02297794117647059
2 0.5824884792626728 0.11029411764705882 0.023963133640552997 0.027573529411764705
2 0.5373271889400921 0.10799632352941177 0.022119815668202765 0.02849264705882353
1 0.5175115207373272 0.11167279411764706 0.011981566820276499 0.02849264705882353
1 0.8391705069124424 0.3681066176470588 0.04331797235023042 0.04503676470588235
1 0.8110599078341014 0.38465073529411764 0.047926267281105994 0.04503676470588235
1 0.8387096774193549 0.4099264705882353 0.04608294930875576 0.04963235294117647
1 0.8221198156682028 0.46737132352941174 0.055299539170506916 0.05422794117647059
1 0.8746543778801843 0.5514705882352942 0.053456221198156684 0.05330882352941176
