1 0.2624489795918367 0.8823529411764706 0.13306122448979593 0.08639705882352941
1 0.8853061224489795 0.65625 0.03510204081632653 0.042279411764705885
2 0.7763265306122449 0.34191176470588236 0.014693877551020407 0.014705882352941176
0 0.7538775510204082 0.3235294117647059 0.03346938775510204 0.034926470588235295
1 0.7171428571428572 0.31204044117647056 0.008979591836734694 0.015625
1 0.726530612244898 0.31525735294117646 0.009795918367346938 0.014705882352941176
1 0.7383673469387755 0.32536764705882354 0.008979591836734694 0.014705882352941176
2 0.2640816326530612 0.21461397058823528 0.0236734693877551 0.017463235294117647
1 0.2938775510204082 0.21277573529411764 0.011428571428571429 0.015625
1 0.8665306122448979 0.47794117647058826 0.015510204081632653 0.022058823529411766
