2 0.3975609756097561 0.16498161764705882 0.03577235772357724 0.03400735294117647
2 0.30040650406504066 0.1796875 0.034959349593495934 0.030330882352941176
1 0.34146341463414637 0.1879595588235294 0.01951219512195122 0.04136029411764706
1 0.30609756097560975 0.19301470588235295 0.02032520325203252 0.034926470588235295
4 0.8398373983739837 0.40441176470588236 0.08292682926829269 0.11397058823529412
2 0.4788617886178862 0.16222426470588236 0.04065040650406504 0.03952205882352941
2 0.8731707317073171 0.3671875 0.016260162601626018 0.024816176470588234
2 0.8504065040650407 0.3125 0.011382113821138212 0.012867647058823529
2 0.8528455284552846 0.3272058823529412 0.013008130081300813 0.01838235294117647
2 0.8394308943089431 0.32950367647058826 0.02032520325203252 0.024816176470588234
0 0.7995934959349593 0.28768382352941174 0.05934959349593496 0.058823529411764705
1 0.7252032520325203 0.3506433823529412 0.03739837398373984 0.050551470588235295
1 0.6024390243902439 0.35294117647058826 0.061788617886178863 0.07536764705882353
1 0.8723577235772357 0.625 0.04878048780487805 0.07352941176470588
1 0.20284552845528456 0.2182904411764706 0.03333333333333333 0.046875
1 0.241869918699187 0.20772058823529413 0.02195121951219512 0.03860294117647059
