2 0.2629032258064516 0.3010110294117647 0.12419354838709677 0.1645220588235294
2 0.5915322580645161 0.10983455882352941 0.04435483870967742 0.03768382352941176
2 0.4814516129032258 0.08685661764705882 0.03387096774193549 0.03216911764705882
2 0.49879032258064515 0.10707720588235294 0.042741935483870966 0.03952205882352941
2 0.38548387096774195 0.10983455882352941 0.03870967741935484 0.03768382352941176
2 0.6141129032258065 0.18290441176470587 0.08629032258064516 0.07352941176470588
2 0.7584677419354838 0.24126838235294118 0.08306451612903226 0.09099264705882353
2 0.9032258064516129 0.5611213235294118 0.07580645161290323 0.19944852941176472
4 0.2903225806451613 0.8860294117647058 0.23709677419354838 0.22794117647058823
2 0.7504032258064516 0.9209558823529411 0.12661290322580646 0.15808823529411764
0 0.8717741935483871 0.8409926470588235 0.1870967741935484 0.3180147058823529
