2 0.8872395833333333 0.22838541666666667 0.0203125 0.018229166666666668
2 0.984375 0.48020833333333335 0.019791666666666666 0.025
3 0.134375 0.3578125 0.040625 0.022916666666666665
1 0.978125 0.5614583333333333 0.015625 0.010416666666666666
1 0.66171875 0.32734375 0.06302083333333333 0.058854166666666666
1 0.70625 0.5041666666666667 0.06458333333333334 0.040625
1 0.8171875 0.5057291666666667 0.057291666666666664 0.035416666666666666
1 0.9484375 0.6111979166666667 0.019791666666666666 0.0109375
1 0.8236979166666667 0.13671875 0.018229166666666668 0.0234375
1 0.5182291666666666 0.22135416666666666 0.06041666666666667 0.057291666666666664
3 0.47213541666666664 0.49296875 0.0328125 0.0359375
1 0.31692708333333336 0.30572916666666666 0.06822916666666666 0.046875
1 0.14947916666666666 0.23463541666666668 0.034375 0.0234375
1 0.15052083333333333 0.2559895833333333 0.03854166666666667 0.027604166666666666
1 0.04739583333333333 0.3028645833333333 0.021875 0.016145833333333335
1 0.03802083333333333 0.30546875 0.019791666666666666 0.015104166666666667
1 0.0515625 0.31588541666666664 0.021875 0.013020833333333334
1 0.20338541666666668 0.44583333333333336 0.06510416666666667 0.041666666666666664
2 0.09895833333333333 0.19583333333333333 0.027083333333333334 0.029166666666666667
0 0.27630208333333334 0.16067708333333333 0.2859375 0.1484375
0 0.8166666666666667 0.10416666666666667 0.035416666666666666 0.03854166666666667
0 0.022916666666666665 0.27890625 0.03333333333333333 0.028645833333333332
2 0.12291666666666666 0.22890625 0.036458333333333336 0.03697916666666667
2 0.0890625 0.2721354166666667 0.051041666666666666 0.04114583333333333
2 0.7723958333333333 0.08958333333333333 0.026041666666666668 0.028125
2 0.5958333333333333 0.17083333333333334 0.13958333333333334 0.084375
2 0.75859375 0.12005208333333334 0.043229166666666666 0.04114583333333333
3 0.86171875 0.159375 0.016145833333333335 0.016666666666666666
2 0.043229166666666666 0.33515625 0.028125 0.0234375
