2 0.29634146341463413 0.17876838235294118 0.038211382113821135 0.03768382352941176
2 0.3975609756097561 0.16314338235294118 0.03902439024390244 0.043198529411764705
2 0.48495934959349596 0.16727941176470587 0.03983739837398374 0.03676470588235294
2 0.23089430894308943 0.6856617647058824 0.24227642276422764 0.16544117647058823
4 0.8398373983739837 0.40670955882352944 0.08617886178861789 0.11488970588235294
1 0.341869918699187 0.1879595588235294 0.02032520325203252 0.03952205882352941
1 0.3065040650406504 0.19255514705882354 0.016260162601626018 0.03400735294117647
1 0.20650406504065041 0.21966911764705882 0.01788617886178862 0.034926470588235295
2 0.4983739837398374 0.24862132352941177 0.14146341463414633 0.07077205882352941
2 0.7235772357723578 0.2757352941176471 0.06504065040650407 0.05514705882352941
2 0.12967479674796747 0.3272058823529412 0.09349593495934959 0.10110294117647059
1 0.2654471544715447 0.21553308823529413 0.04796747967479675 0.050551470588235295
2 0.8056910569105691 0.30422794117647056 0.026016260162601626 0.025735294117647058
1 0.8048780487804879 0.33088235294117646 0.02926829268292683 0.03308823529411765
1 0.8711382113821138 0.6231617647058824 0.043089430894308944 0.0661764705882353
1 0.24024390243902438 0.20726102941176472 0.02032520325203252 0.04136029411764706
