1 0.859375 0.5280330882352942 0.03854166666666667 0.06341911764705882
1 0.10989583333333333 0.8892463235294118 0.036458333333333336 0.109375
1 0.0484375 0.8483455882352942 0.030208333333333334 0.0974264705882353
2 0.078125 0.2679227941176471 0.0375 0.07077205882352941
2 0.8036458333333333 0.13005514705882354 0.04791666666666667 0.07077205882352941
1 0.8114583333333333 0.15257352941176472 0.01875 0.03308823529411765
1 0.6625 0.04779411764705882 0.028125 0.05514705882352941
3 0.7830729166666667 0.2775735294117647 0.0328125 0.06985294117647059
1 0.8518229166666667 0.20863970588235295 0.015104166666666667 0.027573529411764705
1 0.19505208333333332 0.23897058823529413 0.0421875 0.06066176470588235
1 0.19401041666666666 0.3161764705882353 0.050520833333333334 0.07352941176470588
1 0.14583333333333334 0.25 0.027083333333333334 0.04779411764705882
2 0.775 0.8000919117647058 0.13854166666666667 0.3961397058823529
