2 0.8872395833333333 0.228125 0.0203125 0.01875
2 0.9778645833333334 0.47291666666666665 0.0203125 0.029166666666666667
3 0.8611979166666667 0.15911458333333334 0.0140625 0.0109375
3 0.84921875 0.6005208333333333 0.043229166666666666 0.021875
3 0.20572916666666666 0.12604166666666666 0.017708333333333333 0.026041666666666668
3 0.7994791666666666 0.5942708333333333 0.040625 0.026041666666666668
1 0.6580729166666667 0.3182291666666667 0.06614583333333333 0.06354166666666666
1 0.8041666666666667 0.5635416666666667 0.057291666666666664 0.029166666666666667
1 0.9216145833333333 0.5994791666666667 0.0296875 0.020833333333333332
1 0.94765625 0.6205729166666667 0.022395833333333334 0.016145833333333335
1 0.6515625 0.15260416666666668 0.03229166666666667 0.046875
1 0.06197916666666667 0.275 0.020833333333333332 0.016666666666666666
1 0.2947916666666667 0.18671875 0.04479166666666667 0.04739583333333333
1 0.028385416666666666 0.2908854166666667 0.013020833333333334 0.009895833333333333
1 0.01640625 0.29401041666666666 0.0109375 0.008854166666666666
2 0.16979166666666667 0.35963541666666665 0.09270833333333334 0.06822916666666666
2 0.024739583333333332 0.321875 0.018229166666666668 0.019791666666666666
2 0.0390625 0.2609375 0.013541666666666667 0.01875
2 0.09895833333333333 0.19583333333333333 0.027083333333333334 0.029166666666666667
2 0.15338541666666666 0.22734375 0.06510416666666667 0.050520833333333334
2 0.35260416666666666 0.1390625 0.12291666666666666 0.07604166666666666
2 0.7895833333333333 0.08307291666666666 0.020833333333333332 0.024479166666666666
2 0.9580729166666667 0.5559895833333334 0.0234375 0.03177083333333333
2 0.97109375 0.51953125 0.018229166666666668 0.028645833333333332
2 0.08854166666666667 0.24557291666666667 0.03125 0.028645833333333332
2 0.52890625 0.22213541666666667 0.16510416666666666 0.10572916666666667
2 0.96015625 0.48072916666666665 0.0234375 0.034375
