2 0.7165322580645161 0.40625 0.0814516129032258 0.09191176470588236
1 0.17096774193548386 0.6847426470588235 0.07903225806451612 0.0661764705882353
1 0.7217741935483871 0.36994485294117646 0.02258064516129032 0.024816176470588234
1 0.6310483870967742 0.2578125 0.021774193548387097 0.030330882352941176
1 0.6004032258064517 0.3304227941176471 0.029838709677419355 0.05606617647058824
1 0.6842741935483871 0.40441176470588236 0.042741935483870966 0.04963235294117647
1 0.6766129032258065 0.4255514705882353 0.04516129032258064 0.0625
1 0.7310483870967742 0.4733455882352941 0.05241935483870968 0.058823529411764705
1 0.7189516129032258 0.5073529411764706 0.06048387096774194 0.07352941176470588
1 0.7866935483870968 0.5583639705882353 0.042741935483870966 0.06341911764705882
1 0.8125 0.5675551470588235 0.049193548387096775 0.05606617647058824
1 0.2564516129032258 0.7251838235294118 0.07096774193548387 0.14338235294117646
2 0.5024193548387097 0.49080882352941174 0.21451612903225806 0.24448529411764705
2 0.8060483870967742 0.5243566176470589 0.08629032258064516 0.10753676470588236
0 0.48951612903225805 0.24862132352941177 0.25161290322580643 0.20128676470588236
2 0.2745967741935484 0.15625 0.028225806451612902 0.022058823529411766
2 0.24475806451612903 0.20220588235294118 0.042741935483870966 0.034926470588235295
2 0.27983870967741936 0.1792279411764706 0.037096774193548385 0.03308823529411765
2 0.8665322580645162 0.7821691176470589 0.042741935483870966 0.07352941176470588
2 0.8391129032258065 0.8920036764705882 0.042741935483870966 0.05422794117647059
1 0.3032258064516129 0.18612132352941177 0.01935483870967742 0.03400735294117647
2 0.6318548387096774 0.21966911764705882 0.031451612903225803 0.027573529411764705
2 0.6580645161290323 0.21966911764705882 0.027419354838709678 0.03308823529411765
2 0.6629032258064517 0.2545955882352941 0.02903225806451613 0.027573529411764705
1 0.8568548387096774 0.6553308823529411 0.04112903225806452 0.04779411764705882
