1 0.5926267281105991 0.1208639705882353 0.012903225806451613 0.02665441176470588
2 0.5317972350230414 0.10661764705882353 0.025806451612903226 0.025735294117647058
1 0.712442396313364 0.4085477941176471 0.06451612903225806 0.03768382352941176
1 0.7566820276497696 0.4664522058823529 0.06451612903225806 0.035845588235294115
2 0.8663594470046083 0.3883272058823529 0.06267281105990784 0.06158088235294118
1 0.8571428571428571 0.5735294117647058 0.06267281105990784 0.05698529411764706
3 0.4248847926267281 0.1254595588235294 0.012903225806451613 0.035845588235294115
3 0.3695852534562212 0.14246323529411764 0.011059907834101382 0.029411764705882353
3 0.09493087557603687 0.6783088235294118 0.0423963133640553 0.02022058823529412
1 0.035944700460829496 0.5225183823529411 0.023963133640552997 0.011948529411764705
1 0.06359447004608294 0.5105698529411765 0.029493087557603687 0.013786764705882353
1 0.06728110599078341 0.53125 0.029493087557603687 0.01838235294117647
2 0.05944700460829493 0.4485294117647059 0.026728110599078342 0.03308823529411765
2 0.1 0.43704044117647056 0.03963133640552995 0.04136029411764706
2 0.3534562211981567 0.19209558823529413 0.08755760368663594 0.0625
2 0.01152073732718894 0.5179227941176471 0.01566820276497696 0.019301470588235295
1 0.23548387096774193 0.4430147058823529 0.06543778801843318 0.03860294117647059
