1 0.47419354838709676 0.6534926470588235 0.12258064516129032 0.16727941176470587
2 0.2754032258064516 0.17279411764705882 0.036290322580645164 0.027573529411764705
2 0.30201612903225805 0.18382352941176472 0.04435483870967742 0.027573529411764705
1 0.3149193548387097 0.19623161764705882 0.02661290322580645 0.035845588235294115
1 0.3721774193548387 0.9131433823529411 0.09919354838709678 0.15349264705882354
2 0.6887096774193548 0.48161764705882354 0.15 0.17279411764705882
2 0.6266129032258064 0.28308823529411764 0.04032258064516129 0.051470588235294115
1 0.7298387096774194 0.38327205882352944 0.020967741935483872 0.025735294117647058
3 0.7254032258064517 0.3993566176470588 0.028225806451612902 0.043198529411764705
1 0.7431451612903226 0.3984375 0.02338709677419355 0.030330882352941176
1 0.7524193548387097 0.4117647058823529 0.027419354838709678 0.029411764705882353
2 0.8633064516129032 0.7720588235294118 0.055645161290322584 0.10110294117647059
