1 0.1670682730923695 0.36121323529411764 0.05622489959839357 0.08823529411764706
1 0.2469879518072289 0.7945772058823529 0.09558232931726908 0.10753676470588236
3 0.314859437751004 0.7541360294117647 0.05783132530120482 0.078125
2 0.3686746987951807 0.14384191176470587 0.04497991967871486 0.024816176470588234
2 0.41967871485943775 0.16268382352941177 0.05060240963855422 0.029411764705882353
1 0.5405622489959839 0.19898897058823528 0.02570281124497992 0.03400735294117647
1 0.5606425702811245 0.21737132352941177 0.027309236947791166 0.030330882352941176
1 0.4570281124497992 0.2541360294117647 0.04979919678714859 0.05606617647058824
1 0.3674698795180723 0.21185661764705882 0.03453815261044177 0.046875
1 0.27429718875502007 0.27987132352941174 0.03132530120481928 0.06525735294117647
2 0.7939759036144578 0.45266544117647056 0.05220883534136546 0.0744485294117647
2 0.6678714859437751 0.22518382352941177 0.021686746987951807 0.02389705882352941
2 0.6473895582329318 0.22564338235294118 0.024096385542168676 0.02297794117647059
1 0.6831325301204819 0.23299632352941177 0.010441767068273093 0.017463235294117647
1 0.6738955823293172 0.23575367647058823 0.01285140562248996 0.017463235294117647
1 0.6598393574297189 0.23759191176470587 0.015261044176706828 0.017463235294117647
1 0.6409638554216868 0.23851102941176472 0.014457831325301205 0.019301470588235295
1 0.5983935742971888 0.20818014705882354 0.011244979919678716 0.021139705882352942
1 0.6172690763052209 0.2261029411764706 0.015261044176706828 0.01838235294117647
1 0.6244979919678715 0.23299632352941177 0.018473895582329317 0.024816176470588234
1 0.6879518072289157 0.2725183823529412 0.012048192771084338 0.019301470588235295
3 0.7397590361445783 0.38143382352941174 0.027309236947791166 0.03860294117647059
2 0.4469879518072289 0.9260110294117647 0.2176706827309237 0.14613970588235295
2 0.27068273092369477 0.16544117647058823 0.020883534136546186 0.02389705882352941
2 0.29156626506024097 0.17555147058823528 0.035341365461847386 0.03308823529411765
2 0.31204819277108437 0.15992647058823528 0.02971887550200803 0.025735294117647058
2 0.42008032128514056 0.1953125 0.0642570281124498 0.04503676470588235
1 0.3176706827309237 0.19347426470588236 0.020080321285140562 0.02665441176470588
1 0.29397590361445786 0.18979779411764705 0.020883534136546186 0.02849264705882353
1 0.3357429718875502 0.19669117647058823 0.027309236947791166 0.03860294117647059
2 0.25301204819277107 0.20404411764705882 0.04176706827309237 0.04963235294117647
2 0.23775100401606425 0.15165441176470587 0.01606425702811245 0.01838235294117647
2 0.25060240963855424 0.15900735294117646 0.02248995983935743 0.022058823529411766
