1 0.4112903225806452 0.18933823529411764 0.027419354838709678 0.042279411764705885
1 0.31088709677419357 0.19761029411764705 0.02661290322580645 0.042279411764705885
2 0.34919354838709676 0.18198529411764705 0.056451612903225805 0.04044117647058824
2 0.5608870967741936 0.3428308823529412 0.14596774193548387 0.1323529411764706
1 0.7858870967741935 0.5358455882352942 0.055645161290322584 0.05698529411764706
1 0.6991935483870968 0.39108455882352944 0.04516129032258064 0.050551470588235295
2 0.8306451612903226 0.6590073529411765 0.09838709677419355 0.1488970588235294
3 0.7241935483870968 0.4021139705882353 0.03064516129032258 0.04136029411764706
1 0.7310483870967742 0.3828125 0.021774193548387097 0.02665441176470588
1 0.7443548387096774 0.39797794117647056 0.024193548387096774 0.03125
1 0.7540322580645161 0.4099264705882353 0.027419354838709678 0.034926470588235295
2 0.2685483870967742 0.17003676470588236 0.035483870967741936 0.03125
2 0.2979838709677419 0.18106617647058823 0.042741935483870966 0.03125
