1 0.697983870967742 0.5197610294117647 0.04758064516129032 0.03400735294117647
1 0.7068548387096775 0.5730698529411765 0.04758064516129032 0.046875
1 0.6911290322580645 0.6663602941176471 0.06774193548387097 0.058823529411764705
2 0.4181451612903226 0.35294117647058826 0.1282258064516129 0.16544117647058823
0 0.1975806451612903 0.44347426470588236 0.3790322580645161 0.36856617647058826
2 0.8096774193548387 0.5225183823529411 0.017741935483870968 0.02665441176470588
2 0.7754032258064516 0.49954044117647056 0.03467741935483871 0.04136029411764706
1 0.7504032258064516 0.4540441176470588 0.029838709677419355 0.025735294117647058
1 0.7955645161290322 0.5330882352941176 0.020161290322580645 0.02389705882352941
1 0.822983870967742 0.6236213235294118 0.021774193548387097 0.019301470588235295
1 0.760483870967742 0.6401654411764706 0.041935483870967745 0.02665441176470588
4 0.7951612903225806 0.4958639705882353 0.04032258064516129 0.05606617647058824
2 0.8120967741935484 0.6590073529411765 0.03387096774193549 0.03860294117647059
1 0.5092741935483871 0.1957720588235294 0.025 0.025735294117647058
3 0.3866935483870968 0.14522058823529413 0.021774193548387097 0.029411764705882353
3 0.7475806451612903 0.8924632352941176 0.05 0.03308823529411765
3 0.6794354838709677 0.8589154411764706 0.07016129032258064 0.03768382352941176
3 0.6842741935483871 0.8828125 0.05725806451612903 0.02849264705882353
