3 0.9353658536585366 0.6433823529411765 0.03983739837398374 0.05698529411764706
3 0.051626016260162604 0.5399816176470589 0.015447154471544716 0.021139705882352942
3 0.06869918699186991 0.5753676470588235 0.025203252032520326 0.03125
3 0.2105691056910569 0.6488970588235294 0.06341463414634146 0.06066176470588235
3 0.208130081300813 0.6902573529411765 0.06829268292682927 0.05698529411764706
3 0.4922764227642276 0.15992647058823528 0.00894308943089431 0.01838235294117647
3 0.4865853658536585 0.16084558823529413 0.01056910569105691 0.01838235294117647
2 0.25894308943089434 0.2601102941176471 0.07235772357723577 0.051470588235294115
1 0.23170731707317074 0.2541360294117647 0.01788617886178862 0.021139705882352942
2 0.5345528455284553 0.18933823529411764 0.09674796747967479 0.04044117647058824
1 0.4735772357723577 0.16957720588235295 0.01869918699186992 0.024816176470588234
0 0.8577235772357723 0.24402573529411764 0.032520325203252036 0.035845588235294115
0 0.8800813008130082 0.3000919117647059 0.06260162601626017 0.0818014705882353
2 0.7313008130081301 0.24494485294117646 0.08699186991869919 0.05974264705882353
4 0.3613821138211382 0.2568933823529412 0.12439024390243902 0.0818014705882353
4 0.26951219512195124 0.31847426470588236 0.12601626016260162 0.09283088235294118
1 0.13455284552845528 0.43795955882352944 0.03170731707317073 0.03768382352941176
2 0.11016260162601627 0.3860294117647059 0.03333333333333333 0.03676470588235294
0 0.06585365853658537 0.43106617647058826 0.04227642276422764 0.08088235294117647
