2 0.30121951219512194 0.1796875 0.036585365853658534 0.03400735294117647
2 0.39796747967479673 0.16544117647058823 0.034959349593495934 0.03308823529411765
2 0.483739837398374 0.16636029411764705 0.03414634146341464 0.029411764705882353
1 0.3410569105691057 0.18658088235294118 0.02195121951219512 0.04044117647058824
1 0.3065040650406504 0.1957720588235294 0.01788617886178862 0.029411764705882353
1 0.2577235772357724 0.5574448529411765 0.1040650406504065 0.08915441176470588
1 0.20284552845528456 0.2192095588235294 0.028455284552845527 0.046875
1 0.7134146341463414 0.3805147058823529 0.046341463414634146 0.0625
1 0.47073170731707314 0.2182904411764706 0.04878048780487805 0.04503676470588235
1 0.5869918699186992 0.22886029411764705 0.03902439024390244 0.04963235294117647
1 0.26422764227642276 0.2619485294117647 0.06504065040650407 0.04963235294117647
1 0.2630081300813008 0.21783088235294118 0.05609756097560976 0.04411764705882353
1 0.3719512195121951 0.20588235294117646 0.04959349593495935 0.04779411764705882
1 0.11829268292682926 0.28722426470588236 0.043089430894308944 0.05238970588235294
1 0.09634146341463415 0.32858455882352944 0.038211382113821135 0.043198529411764705
2 0.6747967479674797 0.2711397058823529 0.08455284552845528 0.058823529411764705
1 0.8731707317073171 0.6199448529411765 0.04552845528455285 0.06709558823529412
2 0.8073170731707318 0.28262867647058826 0.01788617886178862 0.021139705882352942
2 0.8304878048780487 0.30514705882352944 0.01707317073170732 0.02022058823529412
2 0.8060975609756098 0.30744485294117646 0.028455284552845527 0.02665441176470588
2 0.7902439024390244 0.27481617647058826 0.01951219512195122 0.01838235294117647
1 0.767479674796748 0.2633272058823529 0.016260162601626018 0.019301470588235295
1 0.7548780487804878 0.27389705882352944 0.02032520325203252 0.02022058823529412
1 0.758130081300813 0.28768382352941174 0.023577235772357725 0.027573529411764705
1 0.775609756097561 0.2803308823529412 0.016260162601626018 0.022058823529411766
1 0.7926829268292683 0.2853860294117647 0.016260162601626018 0.021139705882352942
1 0.23211382113821138 0.2265625 0.036585365853658534 0.046875
1 0.7235772357723578 0.24678308823529413 0.022764227642276424 0.02297794117647059
1 0.7004065040650407 0.25 0.02032520325203252 0.02389705882352941
1 0.6869918699186992 0.23851102941176472 0.022764227642276424 0.024816176470588234
1 0.6361788617886179 0.21323529411764705 0.023577235772357725 0.02389705882352941
1 0.640650406504065 0.22242647058823528 0.02926829268292683 0.029411764705882353
1 0.5991869918699188 0.20680147058823528 0.026016260162601626 0.027573529411764705
1 0.751219512195122 0.2532169117647059 0.01788617886178862 0.019301470588235295
