2 0.5483870967741935 0.3088235294117647 0.12096774193548387 0.10110294117647059
2 0.4060483870967742 0.3547794117647059 0.19919354838709677 0.15625
1 0.7403225806451613 0.9420955882352942 0.04838709677419355 0.03676470588235294
2 0.5024193548387097 0.1792279411764706 0.02258064516129032 0.03125
1 0.4866935483870968 0.18244485294117646 0.013709677419354839 0.02665441176470588
1 0.5262096774193549 0.22380514705882354 0.021774193548387097 0.02849264705882353
1 0.4786290322580645 0.22334558823529413 0.02661290322580645 0.03860294117647059
1 0.5145161290322581 0.18474264705882354 0.00967741935483871 0.02022058823529412
1 0.739516129032258 0.8814338235294118 0.05806451612903226 0.06985294117647059
3 0.7826612903225807 0.7398897058823529 0.04435483870967742 0.027573529411764705
1 0.3362903225806452 0.5234375 0.1338709677419355 0.11121323529411764
1 0.039112903225806454 0.4931066176470588 0.03467741935483871 0.08547794117647059
4 0.8149193548387097 0.6576286764705882 0.04758064516129032 0.06158088235294118
1 0.7657258064516129 0.5946691176470589 0.03306451612903226 0.03676470588235294
1 0.7657258064516129 0.4921875 0.020161290322580645 0.021139705882352942
2 0.8201612903225807 0.6038602941176471 0.01935483870967742 0.03308823529411765
2 0.8 0.5785845588235294 0.027419354838709678 0.03768382352941176
2 0.8108870967741936 0.5427389705882353 0.02661290322580645 0.02849264705882353
3 0.7326612903225806 0.41590073529411764 0.021774193548387097 0.02297794117647059
4 0.8080645161290323 0.5105698529411765 0.03870967741935484 0.050551470588235295
