2 0.7165322580645161 0.40625 0.0814516129032258 0.09191176470588236
1 0.17096774193548386 0.6847426470588235 0.07903225806451612 0.0661764705882353
1 0.7217741935483871 0.36994485294117646 0.02258064516129032 0.024816176470588234
1 0.5084677419354838 0.5951286764705882 0.09112903225806451 0.1479779411764706
1 0.7278225806451613 0.8846507352941176 0.07822580645161291 0.057904411764705885
1 0.2560483870967742 0.7256433823529411 0.07016129032258064 0.14246323529411764
1 0.6266129032258064 0.35983455882352944 0.0467741935483871 0.043198529411764705
1 0.7520161290322581 0.4820772058823529 0.05403225806451613 0.057904411764705885
1 0.7983870967741935 0.5693933823529411 0.05 0.057904411764705885
1 0.6713709677419355 0.27297794117647056 0.020161290322580645 0.02389705882352941
1 0.380241935483871 0.18428308823529413 0.021774193548387097 0.030330882352941176
1 0.41411290322580646 0.21599264705882354 0.028225806451612902 0.03860294117647059
1 0.3479838709677419 0.16681985294117646 0.021774193548387097 0.02849264705882353
1 0.3512096774193548 0.18841911764705882 0.020161290322580645 0.03308823529411765
2 0.6435483870967742 0.34420955882352944 0.08387096774193549 0.09099264705882353
2 0.605241935483871 0.40762867647058826 0.1443548387096774 0.13878676470588236
2 0.8056451612903226 0.5211397058823529 0.08064516129032258 0.10110294117647059
0 0.2963709677419355 0.15027573529411764 0.042741935483870966 0.03768382352941176
2 0.8459677419354839 0.7205882352941176 0.08870967741935484 0.13970588235294118
2 0.2794354838709677 0.17784926470588236 0.03951612903225806 0.02849264705882353
1 0.8528225806451613 0.5877757352941176 0.036290322580645164 0.035845588235294115
1 0.8524193548387097 0.6341911764705882 0.0467741935483871 0.03860294117647059
1 0.30524193548387096 0.18612132352941177 0.020161290322580645 0.02665441176470588
2 0.6314516129032258 0.21966911764705882 0.03064516129032258 0.027573529411764705
2 0.6580645161290323 0.21966911764705882 0.027419354838709678 0.03308823529411765
1 0.6141129032258065 0.22840073529411764 0.013709677419354839 0.017463235294117647
