2 0.9885416666666667 0.459375 0.01875 0.03125
2 0.9859375 0.48541666666666666 0.015625 0.020833333333333332
2 0.97578125 0.47239583333333335 0.0171875 0.027083333333333334
2 0.8880208333333334 0.228125 0.020833333333333332 0.01875
0 0.9888020833333333 0.59765625 0.021354166666666667 0.028645833333333332
2 0.02109375 0.31875 0.0171875 0.016666666666666666
1 0.03411458333333333 0.27890625 0.013020833333333334 0.009895833333333333
1 0.07994791666666666 0.3515625 0.0296875 0.021875
1 0.834375 0.16536458333333334 0.020833333333333332 0.021354166666666667
2 0.54765625 0.11927083333333334 0.12447916666666667 0.06770833333333333
4 0.8171875 0.07421875 0.023958333333333335 0.0265625
