2 0.8872395833333333 0.22838541666666667 0.0203125 0.018229166666666668
2 0.9776041666666667 0.47291666666666665 0.020833333333333332 0.030208333333333334
3 0.21640625 0.33359375 0.050520833333333334 0.03177083333333333
3 0.73671875 0.14453125 0.022395833333333334 0.030729166666666665
1 0.9018229166666667 0.3255208333333333 0.03177083333333333 0.03125
1 0.10833333333333334 0.20182291666666666 0.023958333333333335 0.0203125
1 0.1734375 0.22213541666666667 0.03958333333333333 0.03177083333333333
1 0.13177083333333334 0.23854166666666668 0.036458333333333336 0.026041666666666668
1 0.10755208333333334 0.24296875 0.028645833333333332 0.019270833333333334
1 0.11432291666666666 0.25885416666666666 0.0265625 0.017708333333333333
1 0.09739583333333333 0.2598958333333333 0.027083333333333334 0.020833333333333332
1 0.08489583333333334 0.25755208333333335 0.026041666666666668 0.0171875
1 0.08671875 0.2760416666666667 0.028645833333333332 0.01875
1 0.103125 0.30130208333333336 0.036458333333333336 0.0234375
1 0.078125 0.29661458333333335 0.025 0.016145833333333335
1 0.06380208333333333 0.29375 0.022395833333333334 0.014583333333333334
1 0.05807291666666667 0.26588541666666665 0.018229166666666668 0.015104166666666667
1 0.0453125 0.29192708333333334 0.019791666666666666 0.013020833333333334
1 0.5567708333333333 0.011458333333333333 0.0125 0.021875
2 0.16979166666666667 0.35989583333333336 0.09270833333333334 0.06979166666666667
2 0.04375 0.26979166666666665 0.021875 0.01875
0 0.6190104166666667 0.01796875 0.05364583333333333 0.034895833333333334
2 0.09895833333333333 0.19583333333333333 0.027083333333333334 0.029166666666666667
2 0.6005208333333333 0.1703125 0.12604166666666666 0.071875
2 0.04296875 0.33619791666666665 0.025520833333333333 0.0203125
2 0.096875 0.24244791666666668 0.034375 0.03177083333333333
1 0.24166666666666667 0.31223958333333335 0.053125 0.0359375
3 0.8609375 0.15807291666666667 0.015625 0.018229166666666668
