1 0.1674698795180723 0.3616727941176471 0.0570281124497992 0.08915441176470588
1 0.24738955823293174 0.7936580882352942 0.09477911646586346 0.10753676470588236
3 0.3152610441767068 0.7532169117647058 0.0570281124497992 0.078125
2 0.3686746987951807 0.14384191176470587 0.04497991967871486 0.024816176470588234
2 0.41967871485943775 0.16268382352941177 0.05060240963855422 0.029411764705882353
1 0.5389558232931727 0.20220588235294118 0.01927710843373494 0.029411764705882353
1 0.559437751004016 0.21369485294117646 0.024899598393574297 0.02849264705882353
1 0.5120481927710844 0.22334558823529413 0.028112449799196786 0.03860294117647059
2 0.7939759036144578 0.4540441176470588 0.05220883534136546 0.07169117647058823
2 0.6670682730923695 0.2261029411764706 0.021686746987951807 0.02389705882352941
2 0.6449799196787148 0.22564338235294118 0.024096385542168676 0.02297794117647059
1 0.5995983935742972 0.20634191176470587 0.015261044176706828 0.02297794117647059
1 0.6164658634538153 0.20955882352941177 0.013654618473895583 0.016544117647058824
1 0.6200803212851406 0.22242647058823528 0.014457831325301205 0.014705882352941176
1 0.6224899598393574 0.2348345588235294 0.02248995983935743 0.024816176470588234
1 0.6546184738955824 0.23667279411764705 0.011244979919678716 0.015625
1 0.6626506024096386 0.23759191176470587 0.011244979919678716 0.017463235294117647
1 0.6726907630522089 0.23529411764705882 0.008835341365461847 0.016544117647058824
1 0.685140562248996 0.23621323529411764 0.014457831325301205 0.02022058823529412
1 0.6775100401606425 0.2849264705882353 0.018473895582329317 0.029411764705882353
3 0.7401606425702811 0.38143382352941174 0.02650602409638554 0.03860294117647059
3 0.6377510040160642 0.26056985294117646 0.017670682730923693 0.030330882352941176
2 0.4465863453815261 0.9264705882352942 0.21686746987951808 0.14522058823529413
2 0.27068273092369477 0.16636029411764705 0.020883534136546186 0.02389705882352941
2 0.2923694779116466 0.17647058823529413 0.035341365461847386 0.03308823529411765
2 0.3895582329317269 0.1953125 0.06586345381526104 0.046875
1 0.3164658634538153 0.19393382352941177 0.020883534136546186 0.027573529411764705
1 0.3465863453815261 0.2113970588235294 0.028112449799196786 0.04411764705882353
1 0.36224899598393573 0.23069852941176472 0.0321285140562249 0.04595588235294118
1 0.2931726907630522 0.18887867647058823 0.020883534136546186 0.02849264705882353
1 0.3325301204819277 0.19715073529411764 0.01927710843373494 0.035845588235294115
2 0.8562248995983935 0.7155330882352942 0.06104417670682731 0.13143382352941177
2 0.27309236947791166 0.1479779411764706 0.01606425702811245 0.016544117647058824
2 0.2325301204819277 0.15211397058823528 0.015261044176706828 0.017463235294117647
2 0.25220883534136546 0.15854779411764705 0.02570281124497992 0.02297794117647059
