2 0.6540322580645161 0.22150735294117646 0.020967741935483872 0.027573529411764705
2 0.665725806451613 0.22012867647058823 0.02338709677419355 0.024816176470588234
1 0.6125 0.7118566176470589 0.08629032258064516 0.12775735294117646
1 0.5439516129032258 0.8575367647058824 0.11048387096774194 0.12316176470588236
1 0.3935483870967742 0.8340992647058824 0.09032258064516129 0.1479779411764706
1 0.442741935483871 0.9471507352941176 0.0935483870967742 0.1056985294117647
3 0.7342741935483871 0.6654411764705882 0.06532258064516129 0.0625
2 0.45120967741935486 0.1948529411764706 0.0717741935483871 0.04411764705882353
1 0.6463709677419355 0.3708639705882353 0.04596774193548387 0.06893382352941177
1 0.5596774193548387 0.3235294117647059 0.043548387096774194 0.06433823529411764
1 0.5116935483870968 0.27068014705882354 0.03467741935483871 0.057904411764705885
1 0.28830645161290325 0.18520220588235295 0.02661290322580645 0.035845588235294115
1 0.34919354838709676 0.1640625 0.016129032258064516 0.030330882352941176
1 0.7326612903225806 0.7876838235294118 0.09274193548387097 0.10661764705882353
1 0.8036290322580645 0.5179227941176471 0.042741935483870966 0.043198529411764705
1 0.807258064516129 0.5974264705882353 0.05806451612903226 0.05698529411764706
2 0.8754032258064516 0.8083639705882353 0.03951612903225806 0.0818014705882353
1 0.7520161290322581 0.4085477941176471 0.025 0.03400735294117647
3 0.7286290322580645 0.3740808823529412 0.02661290322580645 0.03308823529411765
3 0.7375 0.3864889705882353 0.02338709677419355 0.03952205882352941
1 0.7318548387096774 0.38327205882352944 0.031451612903225803 0.03308823529411765
1 0.7455645161290323 0.3947610294117647 0.031451612903225803 0.035845588235294115
2 0.5133064516129032 0.5307904411764706 0.13951612903225807 0.27297794117647056
1 0.8350806451612903 0.8203125 0.05241935483870968 0.05422794117647059
2 0.6185483870967742 0.22426470588235295 0.037096774193548385 0.03308823529411765
