2 0.2991869918699187 0.17876838235294118 0.04227642276422764 0.03768382352941176
2 0.39715447154471545 0.1636029411764706 0.046341463414634146 0.04411764705882353
2 0.7963414634146342 0.5009191176470589 0.0951219512195122 0.10661764705882353
2 0.683739837398374 0.6875 0.13008130081300814 0.2959558823529412
1 0.8731707317073171 0.6204044117647058 0.04715447154471545 0.0625
1 0.3459349593495935 0.1870404411764706 0.02195121951219512 0.04503676470588235
1 0.8548780487804878 0.6714154411764706 0.05121951219512195 0.05238970588235294
1 0.8467479674796748 0.7113970588235294 0.05772357723577236 0.05698529411764706
1 0.8138211382113821 0.3069852941176471 0.014634146341463415 0.014705882352941176
2 0.7495934959349594 0.2619485294117647 0.03739837398373984 0.034926470588235295
2 0.8333333333333334 0.3318014705882353 0.01951219512195122 0.027573529411764705
2 0.806910569105691 0.3290441176470588 0.03170731707317073 0.03676470588235294
2 0.7979674796747968 0.3782169117647059 0.052845528455284556 0.05606617647058824
1 0.775609756097561 0.4172794117647059 0.03577235772357724 0.04779411764705882
1 0.6443089430894309 0.23805147058823528 0.03008130081300813 0.034926470588235295
1 0.598780487804878 0.21783088235294118 0.038211382113821135 0.034926470588235295
1 0.5361788617886178 0.19990808823529413 0.041463414634146344 0.03952205882352941
1 0.2552845528455285 0.23667279411764705 0.05203252032520325 0.05606617647058824
1 0.08252032520325203 0.6502757352941176 0.06585365853658537 0.0744485294117647
1 0.20203252032520325 0.24770220588235295 0.03983739837398374 0.05238970588235294
1 0.1434959349593496 0.29181985294117646 0.046341463414634146 0.046875
2 0.5048780487804878 0.24356617647058823 0.15284552845528454 0.06066176470588235
2 0.5504065040650407 0.30974264705882354 0.17398373983739837 0.09926470588235294
2 0.10284552845528455 0.42049632352941174 0.10650406504065041 0.12224264705882353
2 0.16666666666666666 0.5179227941176471 0.17560975609756097 0.171875
2 0.1 0.3382352941176471 0.07642276422764227 0.10477941176470588
4 0.13333333333333333 0.25045955882352944 0.06504065040650407 0.07261029411764706
1 0.7447154471544716 0.4954044117647059 0.05853658536585366 0.09191176470588236
