2 0.8046875 0.12683823529411764 0.04583333333333333 0.08088235294117647
1 0.11145833333333334 0.8924632352941176 0.03854166666666667 0.10661764705882353
1 0.026041666666666668 0.8409926470588235 0.026041666666666668 0.07536764705882353
1 0.05 0.8465073529411765 0.030208333333333334 0.09558823529411764
2 0.0765625 0.26838235294117646 0.03125 0.06801470588235294
3 0.017708333333333333 0.7766544117647058 0.030208333333333334 0.03308823529411765
1 0.8265625 0.16773897058823528 0.014583333333333334 0.02665441176470588
1 0.8252604166666667 0.18520220588235295 0.0203125 0.03400735294117647
1 0.840625 0.19761029411764705 0.016666666666666666 0.029411764705882353
1 0.9002604166666667 0.2803308823529412 0.009895833333333333 0.022058823529411766
1 0.9158854166666667 0.37362132352941174 0.015104166666666667 0.02665441176470588
1 0.8890625 0.40349264705882354 0.028125 0.04963235294117647
1 0.03046875 0.6934742647058824 0.03177083333333333 0.04871323529411765
1 0.05234375 0.36994485294117646 0.016145833333333335 0.03400735294117647
1 0.9192708333333334 0.3147977941176471 0.009375 0.019301470588235295
2 0.571875 0.2113970588235294 0.19166666666666668 0.15808823529411764
3 0.33229166666666665 0.05238970588235294 0.016666666666666666 0.058823529411764705
