2 0.98828125 0.4609375 0.018229166666666668 0.03125
2 0.984375 0.4861979166666667 0.017708333333333333 0.0203125
2 0.9770833333333333 0.47291666666666665 0.01875 0.029166666666666667
2 0.8877604166666667 0.22838541666666667 0.0203125 0.018229166666666668
2 0.7643229166666666 0.15442708333333333 0.05572916666666667 0.04114583333333333
4 0.7921875 0.051041666666666666 0.022916666666666665 0.023958333333333335
2 0.7809895833333333 0.06458333333333334 0.018229166666666668 0.020833333333333332
1 0.196875 0.18046875 0.026041666666666668 0.027604166666666666
1 0.21484375 0.19375 0.03802083333333333 0.03125
4 0.815625 0.07421875 0.021875 0.024479166666666666
1 0.9671875 0.5786458333333333 0.016666666666666666 0.015625
2 0.9361979166666666 0.57265625 0.0328125 0.03697916666666667
2 0.9822916666666667 0.5919270833333333 0.0125 0.019270833333333334
1 0.029947916666666668 0.28932291666666665 0.0140625 0.008854166666666666
2 0.08072916666666667 0.2520833333333333 0.03125 0.026041666666666668
1 0.5557291666666667 0.10598958333333333 0.03854166666666667 0.0484375
2 0.33177083333333335 0.14817708333333332 0.10520833333333333 0.0609375
2 0.61328125 0.01796875 0.0328125 0.027604166666666666
4 0.5934895833333333 0.009375 0.027604166666666666 0.017708333333333333
2 0.017708333333333333 0.29322916666666665 0.014583333333333334 0.014583333333333334
