2 0.7169354838709677 0.4071691176470588 0.08064516129032258 0.0900735294117647
1 0.17096774193548386 0.6856617647058824 0.07903225806451612 0.0661764705882353
1 0.7209677419354839 0.3694852941176471 0.02258064516129032 0.025735294117647058
1 0.48870967741935484 0.19898897058823528 0.03225806451612903 0.030330882352941176
1 0.5008064516129033 0.20634191176470587 0.035483870967741936 0.03768382352941176
1 0.5959677419354839 0.2743566176470588 0.03387096774193549 0.03952205882352941
1 0.8201612903225807 0.5813419117647058 0.054838709677419356 0.04871323529411765
1 0.8346774193548387 0.7545955882352942 0.043548387096774194 0.05514705882352941
2 0.4483870967741935 0.21645220588235295 0.09838709677419355 0.05606617647058824
2 0.3217741935483871 0.2849264705882353 0.1032258064516129 0.09375
2 0.8685483870967742 0.7003676470588235 0.043548387096774194 0.09191176470588236
2 0.855241935483871 0.7564338235294118 0.05403225806451613 0.10845588235294118
2 0.6161290322580645 0.25643382352941174 0.054838709677419356 0.04044117647058824
2 0.8233870967741935 0.5353860294117647 0.07580645161290323 0.09834558823529412
2 0.30685483870967745 0.18336397058823528 0.05241935483870968 0.04136029411764706
2 0.6564516129032258 0.21966911764705882 0.01935483870967742 0.02022058823529412
2 0.646774193548387 0.2265625 0.024193548387096774 0.02297794117647059
2 0.6782258064516129 0.2532169117647059 0.020967741935483872 0.024816176470588234
1 0.5778225806451613 0.21185661764705882 0.016935483870967744 0.021139705882352942
1 0.5637096774193548 0.2182904411764706 0.02258064516129032 0.02665441176470588
1 0.5854838709677419 0.22886029411764705 0.01935483870967742 0.022058823529411766
1 0.6701612903225806 0.27297794117647056 0.014516129032258065 0.01838235294117647
3 0.2616935483870968 0.5436580882352942 0.05241935483870968 0.11672794117647059
3 0.7774193548387097 0.4655330882352941 0.037096774193548385 0.04503676470588235
3 0.7661290322580645 0.4416360294117647 0.02903225806451613 0.03952205882352941
