3 0.9321138211382114 0.6112132352941176 0.043089430894308944 0.058823529411764705
1 0.15934959349593497 0.7316176470588235 0.06991869918699187 0.09558823529411764
2 0.8467479674796748 0.2610294117647059 0.03983739837398374 0.03860294117647059
1 0.5028455284552845 0.1714154411764706 0.026829268292682926 0.03216911764705882
1 0.47235772357723577 0.16038602941176472 0.01951219512195122 0.030330882352941176
2 0.43902439024390244 0.21875 0.11382113821138211 0.06066176470588235
0 0.6658536585365854 0.22564338235294118 0.3056910569105691 0.140625
1 0.6869918699186992 0.31066176470588236 0.061788617886178863 0.06066176470588235
1 0.11585365853658537 0.4273897058823529 0.028455284552845527 0.04044117647058824
1 0.20691056910569106 0.26746323529411764 0.023577235772357725 0.03125
