1 0.41526104417670684 0.18887867647058823 0.014457831325301205 0.024816176470588234
1 0.40522088353413654 0.19117647058823528 0.010441767068273093 0.02022058823529412
1 0.39437751004016064 0.18382352941176472 0.011244979919678716 0.03125
1 0.3795180722891566 0.17693014705882354 0.013654618473895583 0.024816176470588234
1 0.3674698795180723 0.17555147058823528 0.012048192771084338 0.02389705882352941
1 0.3586345381526104 0.1879595588235294 0.013654618473895583 0.024816176470588234
1 0.3485943775100402 0.1879595588235294 0.01285140562248996 0.02297794117647059
1 0.3325301204819277 0.18474264705882354 0.020883534136546186 0.03125
1 0.25582329317269076 0.22288602941176472 0.020080321285140562 0.04136029411764706
1 0.16626506024096385 0.24816176470588236 0.01606425702811245 0.03676470588235294
1 0.1538152610441767 0.2522977941176471 0.013654618473895583 0.03952205882352941
1 0.14096385542168674 0.2587316176470588 0.012048192771084338 0.03400735294117647
1 0.12369477911646587 0.2693014705882353 0.011244979919678716 0.034926470588235295
1 0.10763052208835341 0.28079044117647056 0.01285140562248996 0.030330882352941176
1 0.09678714859437751 0.2890625 0.010441767068273093 0.02297794117647059
1 0.5465863453815261 0.22886029411764705 0.028112449799196786 0.02389705882352941
2 0.8 0.3874080882352941 0.020883534136546186 0.03216911764705882
4 0.7763052208835342 0.3115808823529412 0.016867469879518072 0.01838235294117647
2 0.8060240963855422 0.3524816176470588 0.012048192771084338 0.017463235294117647
2 0.7823293172690763 0.3474264705882353 0.014457831325301205 0.01838235294117647
3 0.5710843373493976 0.23621323529411764 0.01606425702811245 0.025735294117647058
2 0.05943775100401606 0.3584558823529412 0.035341365461847386 0.08088235294117647
1 0.2497991967871486 0.26424632352941174 0.05140562248995984 0.050551470588235295
1 0.45180722891566266 0.546875 0.08273092369477912 0.09926470588235294
1 0.7883534136546185 0.36213235294117646 0.013654618473895583 0.02022058823529412
1 0.6919678714859437 0.27297794117647056 0.020080321285140562 0.02022058823529412
1 0.6445783132530121 0.25827205882352944 0.020080321285140562 0.02389705882352941
