2 0.7169354838709677 0.40762867647058826 0.08064516129032258 0.08915441176470588
1 0.17096774193548386 0.6856617647058824 0.07903225806451612 0.0661764705882353
1 0.7205645161290323 0.36902573529411764 0.02338709677419355 0.02665441176470588
1 0.5189516129032258 0.2555147058823529 0.03951612903225806 0.05330882352941176
1 0.48629032258064514 0.20036764705882354 0.027419354838709678 0.027573529411764705
1 0.49959677419354837 0.20588235294117646 0.031451612903225803 0.029411764705882353
2 0.822983870967742 0.5353860294117647 0.07661290322580645 0.10018382352941177
0 0.39838709677419354 0.19439338235294118 0.1064516129032258 0.08547794117647059
0 0.875 0.7049632352941176 0.11290322580645161 0.2536764705882353
2 0.27741935483870966 0.17509191176470587 0.03064516129032258 0.02665441176470588
1 0.3088709677419355 0.19117647058823528 0.01935483870967742 0.029411764705882353
1 0.28830645161290325 0.19163602941176472 0.018548387096774192 0.02849264705882353
1 0.572983870967742 0.21323529411764705 0.025 0.02389705882352941
2 0.6479838709677419 0.2261029411764706 0.025 0.022058823529411766
3 0.780241935483871 0.46277573529411764 0.03790322580645161 0.04871323529411765
