2 0.7463414634146341 0.22196691176470587 0.06341463414634146 0.04136029411764706
2 0.8130081300813008 0.24816176470588236 0.04715447154471545 0.03676470588235294
3 0.05365853658536585 0.6107536764705882 0.01951219512195122 0.035845588235294115
3 0.11260162601626016 0.5928308823529411 0.03983739837398374 0.05330882352941176
3 0.9560975609756097 0.5101102941176471 0.027642276422764227 0.042279411764705885
3 0.8402439024390244 0.8818933823529411 0.06422764227642276 0.03952205882352941
3 0.8658536585365854 0.4797794117647059 0.04552845528455285 0.06801470588235294
1 0.18130081300813009 0.9002757352941176 0.04390243902439024 0.05606617647058824
1 0.22154471544715448 0.9333639705882353 0.043089430894308944 0.05238970588235294
1 0.25934959349593495 0.9623161764705882 0.061788617886178863 0.06433823529411764
1 0.6565040650406504 0.17463235294117646 0.025203252032520326 0.02389705882352941
1 0.5479674796747968 0.1636029411764706 0.024390243902439025 0.027573529411764705
1 0.4951219512195122 0.16636029411764705 0.022764227642276424 0.029411764705882353
1 0.4402439024390244 0.17601102941176472 0.023577235772357725 0.030330882352941176
2 0.8609756097560975 0.2711397058823529 0.030894308943089432 0.03125
0 0.08048780487804878 0.3782169117647059 0.04390243902439024 0.06709558823529412
2 0.3934959349593496 0.23023897058823528 0.1073170731707317 0.05974264705882353
2 0.3776422764227642 0.9618566176470589 0.14552845528455285 0.07628676470588236
3 0.0459349593495935 0.5808823529411765 0.013821138211382113 0.022058823529411766
3 0.04024390243902439 0.5873161764705882 0.01056910569105691 0.022058823529411766
