2 0.7165322580645161 0.40579044117647056 0.0814516129032258 0.09283088235294118
1 0.17096774193548386 0.6847426470588235 0.07903225806451612 0.0661764705882353
1 0.7205645161290323 0.36994485294117646 0.02338709677419355 0.024816176470588234
1 0.7556451612903226 0.4788602941176471 0.04032258064516129 0.04963235294117647
1 0.6951612903225807 0.39797794117647056 0.041935483870967745 0.051470588235294115
1 0.6451612903225806 0.2633272058823529 0.020967741935483872 0.02665441176470588
1 0.6173387096774193 0.2931985294117647 0.031451612903225803 0.034926470588235295
1 0.4399193548387097 0.2182904411764706 0.029838709677419355 0.04136029411764706
1 0.2528225806451613 0.7293198529411765 0.06532258064516129 0.13694852941176472
1 0.8681451612903226 0.7339154411764706 0.03306451612903226 0.04503676470588235
2 0.834274193548387 0.6231617647058824 0.06693548387096775 0.10661764705882353
2 0.5899193548387097 0.3805147058823529 0.12016129032258065 0.11948529411764706
2 0.37540322580645163 0.20634191176470587 0.062096774193548386 0.04871323529411765
2 0.8270161290322581 0.8897058823529411 0.055645161290322584 0.06985294117647059
2 0.27661290322580645 0.15349264705882354 0.025806451612903226 0.01838235294117647
2 0.27903225806451615 0.17647058823529413 0.04032258064516129 0.029411764705882353
1 0.29879032258064514 0.19209558823529413 0.02338709677419355 0.025735294117647058
1 0.27741935483870966 0.19439338235294118 0.02258064516129032 0.02665441176470588
2 0.6334677419354838 0.22012867647058823 0.029838709677419355 0.02665441176470588
2 0.6580645161290323 0.22058823529411764 0.027419354838709678 0.03308823529411765
1 0.5681451612903226 0.20634191176470587 0.016935483870967744 0.019301470588235295
1 0.5879032258064516 0.20634191176470587 0.016129032258064516 0.021139705882352942
1 0.625 0.23253676470588236 0.016129032258064516 0.02022058823529412
