2 0.8872395833333333 0.228125 0.0203125 0.01875
2 0.978125 0.47317708333333336 0.019791666666666666 0.028645833333333332
3 0.8614583333333333 0.159375 0.013541666666666667 0.011458333333333333
3 0.8466145833333333 0.6 0.04010416666666667 0.021875
3 0.2830729166666667 0.08177083333333333 0.019270833333333334 0.023958333333333335
3 0.8888020833333333 0.19375 0.0171875 0.011458333333333333
1 0.425 0.13229166666666667 0.03958333333333333 0.04791666666666667
1 0.10520833333333333 0.24114583333333334 0.026041666666666668 0.021875
1 0.06197916666666667 0.26197916666666665 0.01875 0.014583333333333334
1 0.7981770833333334 0.06354166666666666 0.0078125 0.011458333333333333
1 0.02578125 0.2825520833333333 0.011979166666666667 0.0078125
1 0.01875 0.30442708333333335 0.011458333333333333 0.0078125
2 0.16927083333333334 0.35963541666666665 0.09270833333333334 0.0671875
2 0.09895833333333333 0.19583333333333333 0.027083333333333334 0.029166666666666667
1 0.95078125 0.45234375 0.027604166666666666 0.015104166666666667
2 0.024739583333333332 0.321875 0.019270833333333334 0.017708333333333333
