2 0.7318548387096774 0.9402573529411765 0.11209677419354838 0.10110294117647059
1 0.7673387096774194 0.5225183823529411 0.06370967741935483 0.06893382352941177
1 0.36088709677419356 0.7472426470588235 0.0814516129032258 0.15625
1 0.48870967741935484 0.4664522058823529 0.06129032258064516 0.13694852941176472
1 0.6620967741935484 0.2532169117647059 0.016129032258064516 0.02297794117647059
1 0.6157258064516129 0.2619485294117647 0.02661290322580645 0.034926470588235295
1 0.6326612903225807 0.3005514705882353 0.025 0.04963235294117647
1 0.6125 0.3083639705882353 0.02661290322580645 0.043198529411764705
1 0.6399193548387097 0.3805147058823529 0.04435483870967742 0.06801470588235294
1 0.6834677419354839 0.4650735294117647 0.06048387096774194 0.08455882352941177
3 0.6846774193548387 0.5514705882352942 0.07096774193548387 0.07536764705882353
3 0.7225806451612903 0.5638786764705882 0.054838709677419356 0.07628676470588236
3 0.7205645161290323 0.6199448529411765 0.06048387096774194 0.05974264705882353
3 0.7459677419354839 0.6760110294117647 0.06935483870967742 0.07261029411764706
1 0.8096774193548387 0.7022058823529411 0.07903225806451612 0.07352941176470588
2 0.8649193548387096 0.7715992647058824 0.049193548387096775 0.10202205882352941
1 0.8366935483870968 0.6856617647058824 0.04758064516129032 0.05330882352941176
2 0.8834677419354838 0.8506433823529411 0.049193548387096775 0.078125
1 0.7431451612903226 0.3975183823529412 0.021774193548387097 0.030330882352941176
1 0.7524193548387097 0.4103860294117647 0.024193548387096774 0.035845588235294115
1 0.7310483870967742 0.3837316176470588 0.02338709677419355 0.02849264705882353
2 0.33588709677419354 0.19669117647058823 0.050806451612903224 0.042279411764705885
2 0.5838709677419355 0.22334558823529413 0.0467741935483871 0.03125
