1 0.1642570281124498 0.36075367647058826 0.06666666666666667 0.09283088235294118
1 0.25100401606425704 0.7931985294117647 0.09236947791164658 0.11764705882352941
3 0.3429718875502008 0.8033088235294118 0.06746987951807229 0.06985294117647059
2 0.25140562248995985 0.14751838235294118 0.01927710843373494 0.015625
2 0.3136546184738956 0.15119485294117646 0.02971887550200803 0.021139705882352942
1 0.2963855421686747 0.15762867647058823 0.014457831325301205 0.017463235294117647
1 0.3433734939759036 0.1640625 0.016867469879518072 0.019301470588235295
1 0.41445783132530123 0.18382352941176472 0.02248995983935743 0.03308823529411765
1 0.37309236947791163 0.171875 0.016867469879518072 0.025735294117647058
1 0.3598393574297189 0.1645220588235294 0.01606425702811245 0.02022058823529412
2 0.3522088353413655 0.1870404411764706 0.05542168674698795 0.03768382352941176
2 0.22730923694779118 0.15257352941176472 0.01606425702811245 0.014705882352941176
2 0.3678714859437751 0.14292279411764705 0.046586345381526104 0.024816176470588234
2 0.42088353413654617 0.16130514705882354 0.05140562248995984 0.030330882352941176
1 0.5413654618473895 0.20082720588235295 0.02570281124497992 0.03400735294117647
1 0.5614457831325301 0.21369485294117646 0.027309236947791166 0.030330882352941176
1 0.6919678714859437 0.24586397058823528 0.010441767068273093 0.015625
1 0.7056224899598393 0.24816176470588236 0.010441767068273093 0.014705882352941176
1 0.6903614457831325 0.22794117647058823 0.010441767068273093 0.016544117647058824
2 0.665863453815261 0.22472426470588236 0.020883534136546186 0.02665441176470588
2 0.6445783132530121 0.22564338235294118 0.02971887550200803 0.024816176470588234
2 0.7959839357429719 0.45174632352941174 0.05461847389558233 0.07996323529411764
1 0.8461847389558232 0.5776654411764706 0.04096385542168675 0.03768382352941176
1 0.8120481927710843 0.5261948529411765 0.043373493975903614 0.043198529411764705
1 0.7602409638554217 0.45450367647058826 0.04899598393574297 0.057904411764705885
1 0.6831325301204819 0.35891544117647056 0.04257028112449799 0.043198529411764705
1 0.6550200803212851 0.24816176470588236 0.024899598393574297 0.025735294117647058
1 0.6449799196787148 0.26378676470588236 0.020883534136546186 0.03125
1 0.6325301204819277 0.28170955882352944 0.028112449799196786 0.03768382352941176
1 0.6076305220883534 0.22104779411764705 0.013654618473895583 0.021139705882352942
1 0.6208835341365462 0.22886029411764705 0.02248995983935743 0.02389705882352941
2 0.5228915662650603 0.25919117647058826 0.08995983935742972 0.05698529411764706
2 0.5718875502008032 0.3469669117647059 0.13333333333333333 0.10753676470588236
3 0.6871485943775101 0.2936580882352941 0.018473895582329317 0.024816176470588234
3 0.697991967871486 0.3000919117647059 0.014457831325301205 0.02665441176470588
1 0.702008032128514 0.3304227941176471 0.024096385542168676 0.035845588235294115
2 0.4493975903614458 0.9278492647058824 0.20803212851405622 0.14430147058823528
2 0.26546184738955825 0.16498161764705882 0.023293172690763052 0.024816176470588234
2 0.2891566265060241 0.17693014705882354 0.04176706827309237 0.03400735294117647
2 0.2710843373493976 0.30744485294117646 0.09076305220883533 0.12959558823529413
2 0.2783132530120482 0.2113970588235294 0.05542168674698795 0.05514705882352941
2 0.8690763052208835 0.6544117647058824 0.0642570281124498 0.10661764705882353
2 0.8164658634538152 0.6580882352941176 0.10040160642570281 0.14705882352941177
0 0.9 0.7568933823529411 0.04578313253012048 0.09466911764705882
2 0.885140562248996 0.8469669117647058 0.036947791164658635 0.05422794117647059
2 0.8506024096385543 0.8851102941176471 0.04497991967871486 0.0661764705882353
1 0.4923694779116466 0.19255514705882354 0.0321285140562249 0.02849264705882353
