2 0.3983739837398374 0.1640625 0.03577235772357724 0.03400735294117647
2 0.2995934959349594 0.1801470588235294 0.036585365853658534 0.03125
1 0.3426829268292683 0.19025735294117646 0.02032520325203252 0.04595588235294118
1 0.308130081300813 0.19393382352941177 0.02113821138211382 0.03676470588235294
1 0.5378048780487805 0.2734375 0.046341463414634146 0.05238970588235294
1 0.3532520325203252 0.24540441176470587 0.052845528455284556 0.05698529411764706
1 0.6333333333333333 0.2775735294117647 0.04227642276422764 0.04963235294117647
2 0.1565040650406504 0.48253676470588236 0.17479674796747968 0.14522058823529413
2 0.21910569105691058 0.25275735294117646 0.1016260162601626 0.08455882352941177
4 0.8406504065040651 0.4053308823529412 0.08292682926829269 0.11397058823529412
2 0.47804878048780486 0.16130514705882354 0.04065040650406504 0.03952205882352941
1 0.7463414634146341 0.7693014705882353 0.06504065040650407 0.08639705882352941
2 0.8154471544715447 0.28262867647058826 0.016260162601626018 0.021139705882352942
2 0.7930894308943089 0.27849264705882354 0.01869918699186992 0.02022058823529412
2 0.7707317073170732 0.2771139705882353 0.032520325203252036 0.030330882352941176
2 0.8268292682926829 0.30514705882352944 0.016260162601626018 0.01838235294117647
2 0.848780487804878 0.31112132352941174 0.014634146341463415 0.015625
1 0.8727642276422765 0.6240808823529411 0.046341463414634146 0.06801470588235294
1 0.20447154471544715 0.21737132352941177 0.03333333333333333 0.04871323529411765
2 0.8548780487804878 0.3336397058823529 0.015447154471544716 0.02022058823529412
