1 0.39798387096774196 0.7821691176470589 0.09758064516129032 0.1948529411764706
1 0.5818548387096775 0.6576286764705882 0.09758064516129032 0.15349264705882354
2 0.4342741935483871 0.32077205882352944 0.12016129032258065 0.13602941176470587
2 0.5907258064516129 0.23253676470588236 0.04758064516129032 0.04044117647058824
1 0.5399193548387097 0.26056985294117646 0.028225806451612902 0.043198529411764705
1 0.5330645161290323 0.3037683823529412 0.041935483870967745 0.05974264705882353
2 0.8713709677419355 0.7927389705882353 0.042741935483870966 0.08915441176470588
1 0.592741935483871 0.3630514705882353 0.054838709677419356 0.08639705882352941
2 0.709274193548387 0.6153492647058824 0.13306451612903225 0.23253676470588236
1 0.8012096774193549 0.5363051470588235 0.03790322580645161 0.05422794117647059
1 0.8004032258064516 0.6038602941176471 0.03951612903225806 0.04595588235294118
1 0.7899193548387097 0.6383272058823529 0.06048387096774194 0.06709558823529412
3 0.6891129032258064 0.359375 0.01532258064516129 0.03308823529411765
3 0.675 0.34375 0.02258064516129032 0.034926470588235295
1 0.7314516129032258 0.38235294117647056 0.020967741935483872 0.025735294117647058
1 0.744758064516129 0.3975183823529412 0.025 0.03216911764705882
1 0.7540322580645161 0.4099264705882353 0.027419354838709678 0.034926470588235295
