3 0.7028455284552846 0.6318933823529411 0.05934959349593496 0.09283088235294118
3 0.45365853658536587 0.17003676470588236 0.01788617886178862 0.029411764705882353
3 0.4817073170731707 0.16681985294117646 0.01707317073170732 0.03216911764705882
3 0.4951219512195122 0.16727941176470587 0.016260162601626018 0.03125
3 0.21097560975609755 0.25827205882352944 0.013821138211382113 0.022058823529411766
3 0.22601626016260162 0.2509191176470588 0.014634146341463415 0.029411764705882353
3 0.2552845528455285 0.22886029411764705 0.01788617886178862 0.025735294117647058
1 0.7707317073170732 0.3478860294117647 0.04715447154471545 0.06158088235294118
1 0.6300813008130082 0.17509191176470587 0.026016260162601626 0.024816176470588234
1 0.634959349593496 0.18290441176470587 0.027642276422764227 0.03125
1 0.6414634146341464 0.1870404411764706 0.024390243902439025 0.030330882352941176
2 0.07113821138211382 0.40027573529411764 0.015447154471544716 0.02665441176470588
2 0.09024390243902439 0.3984375 0.03577235772357724 0.03216911764705882
2 0.07195121951219512 0.41222426470588236 0.023577235772357725 0.030330882352941176
2 0.06869918699186991 0.4462316176470588 0.02032520325203252 0.035845588235294115
2 0.056910569105691054 0.4499080882352941 0.026016260162601626 0.043198529411764705
1 0.09065040650406504 0.421875 0.02195121951219512 0.027573529411764705
1 0.07560975609756097 0.44025735294117646 0.016260162601626018 0.025735294117647058
