1 0.17258064516129032 0.6861213235294118 0.07903225806451612 0.06709558823529412
1 0.719758064516129 0.3681066176470588 0.02338709677419355 0.02849264705882353
1 0.7298387096774194 0.38097426470588236 0.025806451612903226 0.02665441176470588
1 0.7411290322580645 0.39889705882352944 0.02258064516129032 0.025735294117647058
1 0.7491935483870967 0.41130514705882354 0.025806451612903226 0.03216911764705882
1 0.32661290322580644 0.6130514705882353 0.09193548387096774 0.14154411764705882
2 0.844758064516129 0.6323529411764706 0.06532258064516129 0.11397058823529412
2 0.8475806451612903 0.7449448529411765 0.05967741935483871 0.12224264705882353
2 0.822983870967742 0.5381433823529411 0.07661290322580645 0.1056985294117647
2 0.2794354838709677 0.17647058823529413 0.036290322580645164 0.03125
2 0.2616935483870968 0.16590073529411764 0.025 0.02665441176470588
1 0.5145161290322581 0.19990808823529413 0.024193548387096774 0.024816176470588234
1 0.5350806451612903 0.19761029411764705 0.020161290322580645 0.025735294117647058
1 0.5774193548387097 0.21277573529411764 0.01935483870967742 0.024816176470588234
1 0.28669354838709676 0.19347426470588236 0.020161290322580645 0.030330882352941176
1 0.5967741935483871 0.22150735294117646 0.016129032258064516 0.022058823529411766
1 0.6245967741935484 0.23207720588235295 0.01532258064516129 0.021139705882352942
1 0.6088709677419355 0.23805147058823528 0.01935483870967742 0.022058823529411766
2 0.6479838709677419 0.22794117647058823 0.025 0.022058823529411766
2 0.655241935483871 0.2192095588235294 0.021774193548387097 0.019301470588235295
