2 0.29878048780487804 0.1792279411764706 0.041463414634146344 0.03676470588235294
2 0.39634146341463417 0.1640625 0.04796747967479675 0.043198529411764705
2 0.7959349593495935 0.5004595588235294 0.0943089430894309 0.10753676470588236
1 0.8691056910569106 0.6222426470588235 0.03902439024390244 0.04963235294117647
1 0.3443089430894309 0.1875 0.02032520325203252 0.042279411764705885
1 0.4902439024390244 0.19852941176470587 0.04227642276422764 0.04411764705882353
1 0.1902439024390244 0.2587316176470588 0.04390243902439024 0.05422794117647059
1 0.10284552845528455 0.35294117647058826 0.041463414634146344 0.0625
2 0.3394308943089431 0.22334558823529413 0.13902439024390245 0.07536764705882353
2 0.3955284552845528 0.265625 0.17642276422764228 0.08455882352941177
1 0.859349593495935 0.6787683823529411 0.04552845528455285 0.04871323529411765
1 0.7634146341463415 0.6939338235294118 0.07479674796747968 0.0974264705882353
2 0.7361788617886179 0.25919117647058826 0.046341463414634146 0.042279411764705885
2 0.774390243902439 0.2936580882352941 0.043089430894308944 0.04136029411764706
0 0.8345528455284553 0.2959558823529412 0.025203252032520326 0.03676470588235294
4 0.13617886178861788 0.25643382352941174 0.06097560975609756 0.08455882352941177
