1 0.5926267281105991 0.1213235294117647 0.012903225806451613 0.027573529411764705
2 0.5331797235023041 0.10799632352941177 0.02488479262672811 0.02849264705882353
2 0.9087557603686636 0.32674632352941174 0.03317972350230415 0.030330882352941176
3 0.40506912442396314 0.13786764705882354 0.013824884792626729 0.03125
2 0.6774193548387096 0.28400735294117646 0.13456221198156681 0.0900735294117647
2 0.8880184331797235 0.4250919117647059 0.06175115207373272 0.06158088235294118
2 0.9046082949308756 0.3772977941176471 0.047004608294930875 0.04136029411764706
1 0.8571428571428571 0.5716911764705882 0.06267281105990784 0.05514705882352941
3 0.4308755760368664 0.11902573529411764 0.011981566820276499 0.02849264705882353
3 0.4253456221198157 0.1254595588235294 0.011981566820276499 0.03400735294117647
3 0.3903225806451613 0.11443014705882353 0.011981566820276499 0.019301470588235295
2 0.2921658986175115 0.38097426470588236 0.1382488479262673 0.08731617647058823
2 0.08018433179723503 0.43244485294117646 0.03870967741935484 0.04136029411764706
0 0.029493087557603687 0.49862132352941174 0.05161290322580645 0.046875
1 0.6156682027649769 0.1723345588235294 0.0423963133640553 0.03952205882352941
1 0.8221198156682028 0.24494485294117646 0.035023041474654376 0.030330882352941176
