2 0.2995934959349594 0.17647058823529413 0.03170731707317073 0.034926470588235295
2 0.39796747967479673 0.16636029411764705 0.034959349593495934 0.027573529411764705
1 0.8682926829268293 0.6222426470588235 0.03577235772357724 0.05514705882352941
1 0.8439024390243902 0.7127757352941176 0.03577235772357724 0.046875
1 0.774390243902439 0.2766544117647059 0.00894308943089431 0.014705882352941176
2 0.8109756097560976 0.28952205882352944 0.02195121951219512 0.02022058823529412
1 0.25691056910569104 0.25183823529411764 0.05203252032520325 0.04963235294117647
1 0.05609756097560976 0.4600183823529412 0.027642276422764227 0.04871323529411765
3 0.8443089430894309 0.6337316176470589 0.041463414634146344 0.035845588235294115
1 0.8589430894308943 0.6663602941176471 0.043089430894308944 0.03676470588235294
4 0.14065040650406505 0.2532169117647059 0.06829268292682927 0.09099264705882353
