2 0.8046875 0.12729779411764705 0.04479166666666667 0.07996323529411764
1 0.8609375 0.53125 0.04375 0.06801470588235294
1 0.1109375 0.8920036764705882 0.03854166666666667 0.10753676470588236
1 0.02578125 0.8409926470588235 0.0265625 0.07536764705882353
1 0.04921875 0.8465073529411765 0.03177083333333333 0.0974264705882353
2 0.0765625 0.2679227941176471 0.03125 0.06709558823529412
1 0.8265625 0.16819852941176472 0.014583333333333334 0.027573529411764705
1 0.88828125 0.36764705882352944 0.024479166666666666 0.042279411764705885
1 0.21432291666666667 0.15349264705882354 0.03177083333333333 0.0625
1 0.82734375 0.9453125 0.06614583333333333 0.10753676470588236
2 0.3984375 0.10064338235294118 0.14166666666666666 0.11488970588235294
1 0.8705729166666667 0.22518382352941177 0.0109375 0.02389705882352941
2 0.07369791666666667 0.35753676470588236 0.0390625 0.09375
