2 0.9770833333333333 0.47317708333333336 0.020833333333333332 0.030729166666666665
2 0.8885416666666667 0.22734375 0.023958333333333335 0.0171875
3 0.0921875 0.35078125 0.035416666666666666 0.019270833333333334
1 0.07630208333333334 0.32395833333333335 0.0296875 0.022916666666666665
1 0.11458333333333333 0.22942708333333334 0.027083333333333334 0.022395833333333334
1 0.134375 0.22005208333333334 0.029166666666666667 0.0234375
1 0.20651041666666667 0.16796875 0.028645833333333332 0.034895833333333334
1 0.10833333333333334 0.24713541666666666 0.027083333333333334 0.011979166666666667
1 0.10755208333333334 0.25833333333333336 0.033854166666666664 0.028125
1 0.08515625 0.2638020833333333 0.024479166666666666 0.0171875
1 0.9416666666666667 0.428125 0.029166666666666667 0.01875
2 0.8083333333333333 0.07317708333333334 0.014583333333333334 0.019270833333333334
2 0.79296875 0.065625 0.016145833333333335 0.017708333333333333
2 0.9497395833333333 0.5875 0.030729166666666665 0.035416666666666666
2 0.16875 0.35885416666666664 0.09270833333333334 0.06145833333333333
2 0.9520833333333333 0.50234375 0.028125 0.0359375
2 0.884375 0.2825520833333333 0.05625 0.07135416666666666
2 0.9677083333333333 0.4984375 0.020833333333333332 0.034375
2 0.07473958333333333 0.24713541666666666 0.025520833333333333 0.030729166666666665
2 0.09947916666666666 0.23515625 0.034375 0.030729166666666665
2 0.05963541666666667 0.25833333333333336 0.022395833333333334 0.027083333333333334
2 0.09895833333333333 0.19609375 0.027083333333333334 0.0296875
1 0.018229166666666668 0.29296875 0.011458333333333333 0.008854166666666666
1 0.0125 0.2986979166666667 0.0125 0.008854166666666666
1 0.01171875 0.31171875 0.0109375 0.0067708333333333336
2 0.05286458333333333 0.23359375 0.016145833333333335 0.0171875
