2 0.5290322580645161 0.109375 0.029493087557603687 0.03125
3 0.42764976958525347 0.8193933823529411 0.025806451612903226 0.050551470588235295
2 0.5741935483870968 0.10248161764705882 0.025806451612903226 0.02849264705882353
1 0.5686635944700461 0.11488970588235294 0.012903225806451613 0.025735294117647058
1 0.5548387096774193 0.11580882352941177 0.012903225806451613 0.027573529411764705
2 0.06359447004608294 0.40027573529411764 0.025806451612903226 0.03216911764705882
1 0.16129032258064516 0.5078125 0.05161290322580645 0.02297794117647059
3 0.44193548387096776 0.12224264705882353 0.011981566820276499 0.03125
3 0.4304147465437788 0.12454044117647059 0.011059907834101382 0.02849264705882353
1 0.8525345622119815 0.5698529411764706 0.060829493087557605 0.05330882352941176
1 0.7755760368663595 0.6153492647058824 0.06543778801843318 0.06341911764705882
3 0.9101382488479263 0.6810661764705882 0.054377880184331796 0.027573529411764705
2 0.9663594470046083 0.44806985294117646 0.04331797235023042 0.050551470588235295
