2 0.5008064516129033 0.1796875 0.025806451612903226 0.03400735294117647
1 0.4879032258064516 0.18244485294117646 0.016129032258064516 0.02665441176470588
1 0.527016129032258 0.22334558823529413 0.021774193548387097 0.029411764705882353
1 0.47661290322580646 0.22426470588235295 0.02903225806451613 0.03860294117647059
1 0.5189516129032258 0.20772058823529413 0.021774193548387097 0.025735294117647058
1 0.5129032258064516 0.2522977941176471 0.03870967741935484 0.03952205882352941
1 0.505241935483871 0.1957720588235294 0.021774193548387097 0.027573529411764705
1 0.605241935483871 0.27941176470588236 0.028225806451612902 0.029411764705882353
3 0.7766129032258065 0.7118566176470589 0.03870967741935484 0.03400735294117647
3 0.41330645161290325 0.8933823529411765 0.09112903225806451 0.07169117647058823
2 0.11370967741935484 0.33731617647058826 0.07419354838709677 0.09926470588235294
0 0.054838709677419356 0.47150735294117646 0.08870967741935484 0.23897058823529413
1 0.7411290322580645 0.9420955882352942 0.0467741935483871 0.034926470588235295
1 0.7673387096774194 0.8359375 0.04112903225806452 0.057904411764705885
1 0.7391129032258065 0.8832720588235294 0.05725806451612903 0.05330882352941176
1 0.7520161290322581 0.8869485294117647 0.04435483870967742 0.05330882352941176
1 0.8016129032258065 0.5349264705882353 0.024193548387096774 0.02389705882352941
1 0.7677419354838709 0.4774816176470588 0.024193548387096774 0.021139705882352942
4 0.8080645161290323 0.5105698529411765 0.035483870967741936 0.04871323529411765
1 0.8217741935483871 0.5560661764705882 0.012903225806451613 0.012867647058823529
