3 0.3774193548387097 0.19163602941176472 0.024193548387096774 0.03952205882352941
3 0.4334677419354839 0.2026654411764706 0.02338709677419355 0.03216911764705882
1 0.7564516129032258 0.7982536764705882 0.0532258064516129 0.06525735294117647
1 0.7645161290322581 0.8134191176470589 0.04516129032258064 0.06066176470588235
1 0.1588709677419355 0.4250919117647059 0.07903225806451612 0.10202205882352941
1 0.08991935483870968 0.5238970588235294 0.062096774193548386 0.09191176470588236
2 0.8181451612903226 0.5436580882352942 0.01532258064516129 0.021139705882352942
1 0.7737903225806452 0.8791360294117647 0.03951612903225806 0.050551470588235295
1 0.7633064516129032 0.9113051470588235 0.049193548387096775 0.05606617647058824
1 0.7588709677419355 0.9209558823529411 0.03870967741935484 0.04411764705882353
1 0.7366935483870968 0.9333639705882353 0.049193548387096775 0.06341911764705882
4 0.8213709677419355 0.6594669117647058 0.03306451612903226 0.04503676470588235
2 0.790725806451613 0.4866727941176471 0.02338709677419355 0.02849264705882353
1 0.7508064516129033 0.45496323529411764 0.01935483870967742 0.022058823529411766
1 0.4939516129032258 0.1953125 0.018548387096774192 0.021139705882352942
1 0.5125 0.19669117647058823 0.01532258064516129 0.027573529411764705
1 0.3713709677419355 0.21875 0.062096774193548386 0.0661764705882353
3 0.40403225806451615 0.18336397058823528 0.024193548387096774 0.030330882352941176
3 0.4221774193548387 0.1870404411764706 0.021774193548387097 0.03216911764705882
1 0.4991935483870968 0.17784926470588236 0.017741935483870968 0.019301470588235295
