3 0.3898617511520737 0.8216911764705882 0.0423963133640553 0.0625
2 0.5304147465437788 0.11121323529411764 0.030414746543778803 0.03125
2 0.9184331797235024 0.3869485294117647 0.04516129032258064 0.051470588235294115
4 0.02304147465437788 0.4963235294117647 0.03133640552995392 0.02022058823529412
1 0.052534562211981564 0.5229779411764706 0.029493087557603687 0.014705882352941176
1 0.24285714285714285 0.23023897058823528 0.02857142857142857 0.02665441176470588
1 0.5557603686635945 0.44255514705882354 0.07557603686635944 0.046875
2 0.880184331797235 0.29090073529411764 0.04055299539170507 0.03216911764705882
1 0.3543778801843318 0.18428308823529413 0.03225806451612903 0.03952205882352941
1 0.5161290322580645 0.15349264705882354 0.035023041474654376 0.03860294117647059
1 0.8700460829493087 0.5087316176470589 0.053456221198156684 0.03400735294117647
