2 0.9848958333333333 0.4869791666666667 0.016666666666666666 0.020833333333333332
2 0.9770833333333333 0.4734375 0.019791666666666666 0.030208333333333334
2 0.8888020833333333 0.22734375 0.024479166666666666 0.018229166666666668
3 0.08307291666666666 0.3484375 0.030729166666666665 0.013541666666666667
3 0.09635416666666667 0.32838541666666665 0.0375 0.0203125
3 0.10390625 0.31875 0.0296875 0.020833333333333332
3 0.11145833333333334 0.2921875 0.03333333333333333 0.022916666666666665
3 0.27239583333333334 0.09010416666666667 0.014583333333333334 0.023958333333333335
1 0.071875 0.2234375 0.014583333333333334 0.010416666666666666
1 0.15755208333333334 0.165625 0.021354166666666667 0.021875
2 0.0875 0.24479166666666666 0.03125 0.027083333333333334
2 0.065625 0.25416666666666665 0.023958333333333335 0.026041666666666668
2 0.04609375 0.25026041666666665 0.015104166666666667 0.018229166666666668
2 0.0296875 0.26536458333333335 0.013541666666666667 0.015104166666666667
2 0.05286458333333333 0.23411458333333332 0.015104166666666667 0.016145833333333335
2 0.09921875 0.196875 0.025520833333333333 0.027083333333333334
1 0.9778645833333334 0.5080729166666667 0.019270833333333334 0.011979166666666667
1 0.9734375 0.4984375 0.020833333333333332 0.013541666666666667
1 0.9450520833333333 0.47942708333333334 0.0296875 0.019270833333333334
1 0.93671875 0.4661458333333333 0.030729166666666665 0.019791666666666666
4 0.94921875 0.5213541666666667 0.043229166666666666 0.04895833333333333
2 0.9169270833333333 0.38333333333333336 0.043229166666666666 0.06979166666666667
2 0.9296875 0.6036458333333333 0.03125 0.035416666666666666
2 0.9684895833333333 0.621875 0.016145833333333335 0.020833333333333332
2 0.91875 0.5330729166666667 0.05 0.0671875
2 0.8606770833333334 0.24401041666666667 0.0515625 0.07239583333333334
1 0.19401041666666666 0.15 0.0265625 0.028125
4 0.5143229166666666 0.008854166666666666 0.0390625 0.016666666666666666
