2 0.5734939759036145 0.08409926470588236 0.024096385542168676 0.015625
2 0.3497991967871486 0.11259191176470588 0.018473895582329317 0.017463235294117647
2 0.45823293172690766 0.0978860294117647 0.02971887550200803 0.02849264705882353
0 0.43734939759036146 0.0739889705882353 0.028112449799196786 0.02665441176470588
3 0.7168674698795181 0.14935661764705882 0.013654618473895583 0.02297794117647059
1 0.14779116465863454 0.35018382352941174 0.027309236947791166 0.01838235294117647
1 0.14417670682730924 0.36075367647058826 0.024899598393574297 0.02297794117647059
1 0.13052208835341367 0.3943014705882353 0.028112449799196786 0.022058823529411766
1 0.12329317269076305 0.4085477941176471 0.024899598393574297 0.02665441176470588
1 0.11967871485943775 0.42922794117647056 0.02570281124497992 0.022058823529411766
1 0.1108433734939759 0.45128676470588236 0.02891566265060241 0.02389705882352941
1 0.10281124497991968 0.47150735294117646 0.0321285140562249 0.03125
1 0.09718875502008033 0.5032169117647058 0.027309236947791166 0.02849264705882353
1 0.08714859437751005 0.7256433823529411 0.024899598393574297 0.03400735294117647
1 0.09116465863453815 0.7518382352941176 0.02650602409638554 0.03125
1 0.10642570281124498 0.8111213235294118 0.02650602409638554 0.030330882352941176
1 0.7614457831325301 0.21645220588235295 0.0321285140562249 0.035845588235294115
1 0.8096385542168675 0.27297794117647056 0.040160642570281124 0.04411764705882353
1 0.8349397590361446 0.3056066176470588 0.03132530120481928 0.04136029411764706
1 0.7895582329317269 0.2495404411764706 0.0321285140562249 0.03952205882352941
1 0.1931726907630522 0.3506433823529412 0.03614457831325301 0.06709558823529412
1 0.17349397590361446 0.4756433823529412 0.04819277108433735 0.08731617647058823
1 0.3421686746987952 0.12821691176470587 0.017670682730923693 0.02297794117647059
1 0.3746987951807229 0.10983455882352941 0.010441767068273093 0.019301470588235295
