2 0.6350806451612904 0.22288602941176472 0.031451612903225803 0.03400735294117647
1 0.6463709677419355 0.2766544117647059 0.02661290322580645 0.029411764705882353
1 0.28588709677419355 0.7136948529411765 0.10403225806451613 0.15900735294117646
1 0.4213709677419355 0.20496323529411764 0.02338709677419355 0.04411764705882353
1 0.6576612903225807 0.3782169117647059 0.062096774193548386 0.0744485294117647
1 0.7298387096774194 0.3818933823529412 0.024193548387096774 0.03400735294117647
2 0.2709677419354839 0.17371323529411764 0.037096774193548385 0.029411764705882353
2 0.24637096774193548 0.16314338235294118 0.028225806451612902 0.02297794117647059
1 0.8286290322580645 0.5758272058823529 0.03467741935483871 0.05606617647058824
1 0.8693548387096774 0.6847426470588235 0.041935483870967745 0.058823529411764705
2 0.7991935483870968 0.6328125 0.09838709677419355 0.16084558823529413
1 0.742741935483871 0.3984375 0.027419354838709678 0.03216911764705882
1 0.7516129032258064 0.4108455882352941 0.025806451612903226 0.034926470588235295
