2 0.2991869918699187 0.17647058823529413 0.03577235772357724 0.03860294117647059
1 0.8699186991869918 0.6162683823529411 0.03739837398373984 0.04503676470588235
1 0.8617886178861789 0.6677389705882353 0.04552845528455285 0.050551470588235295
1 0.8463414634146341 0.7017463235294118 0.04878048780487805 0.05606617647058824
3 0.7642276422764228 0.609375 0.07642276422764227 0.08272058823529412
2 0.39634146341463417 0.16498161764705882 0.043089430894308944 0.03952205882352941
1 0.49552845528455286 0.18566176470588236 0.028455284552845527 0.03308823529411765
2 0.08821138211382114 0.4260110294117647 0.08699186991869919 0.1130514705882353
1 0.6804878048780488 0.23621323529411764 0.02113821138211382 0.027573529411764705
1 0.708130081300813 0.24356617647058823 0.024390243902439025 0.02389705882352941
1 0.7536585365853659 0.26286764705882354 0.016260162601626018 0.022058823529411766
1 0.7630081300813009 0.2711397058823529 0.015447154471544716 0.02022058823529412
1 0.8199186991869919 0.3125 0.015447154471544716 0.02022058823529412
1 0.8434959349593496 0.3483455882352941 0.012195121951219513 0.016544117647058824
2 0.8369918699186992 0.32674632352941174 0.023577235772357725 0.02849264705882353
1 0.8227642276422764 0.36075367647058826 0.024390243902439025 0.02665441176470588
1 0.8130081300813008 0.3869485294117647 0.02926829268292683 0.034926470588235295
1 0.7386178861788618 0.36213235294117646 0.036585365853658534 0.04595588235294118
2 0.7589430894308943 0.3239889705882353 0.06260162601626017 0.050551470588235295
2 0.7272357723577236 0.27481617647058826 0.05772357723577236 0.04595588235294118
2 0.5272357723577236 0.24632352941176472 0.13902439024390245 0.07904411764705882
4 0.1329268292682927 0.25735294117647056 0.06747967479674796 0.0900735294117647
