1 0.219140625 0.328515625 0.03671875 0.03828125
1 0.1984375 0.35 0.034375 0.0375
1 0.187109375 0.36328125 0.03359375 0.0421875
1 0.168359375 0.382421875 0.02734375 0.03828125
1 0.505078125 0.1625 0.03671875 0.0421875
1 0.49453125 0.141015625 0.021875 0.04140625
1 0.521484375 0.147265625 0.02109375 0.04453125
1 0.542578125 0.14453125 0.02578125 0.046875
1 0.571484375 0.14375 0.02265625 0.046875
1 0.5953125 0.138671875 0.025 0.04140625
1 0.580859375 0.105078125 0.02421875 0.03515625
2 0.526953125 0.091015625 0.05703125 0.03515625
1 0.5078125 0.10625 0.0171875 0.03125
2 0.651953125 0.136328125 0.06640625 0.05234375
4 0.788671875 0.148828125 0.04140625 0.03359375
2 0.84453125 0.162109375 0.0171875 0.01796875
2 0.85390625 0.1875 0.028125 0.025
1 0.85234375 0.172265625 0.0140625 0.01328125
2 0.85546875 0.2078125 0.0296875 0.025
2 0.87109375 0.191796875 0.021875 0.02109375
2 0.882421875 0.1921875 0.01640625 0.01875
2 0.89296875 0.21953125 0.0203125 0.0203125
2 0.871484375 0.29765625 0.04140625 0.0640625
2 0.726171875 0.351953125 0.06640625 0.09296875
2 0.930859375 0.3453125 0.02734375 0.0390625
4 0.9171875 0.3578125 0.0375 0.03125
3 0.946484375 0.48203125 0.02421875 0.015625
1 0.90546875 0.540234375 0.034375 0.02890625
2 0.930078125 0.55390625 0.02890625 0.0578125
1 0.918359375 0.6078125 0.02578125 0.021875
1 0.903515625 0.631640625 0.02578125 0.02265625
1 0.910546875 0.62421875 0.02421875 0.0203125
1 0.91640625 0.663671875 0.0234375 0.02109375
4 0.898046875 0.689453125 0.03203125 0.05078125
2 0.898828125 0.7296875 0.02421875 0.0421875
2 0.92421875 0.67890625 0.0203125 0.0421875
2 0.449609375 0.659375 0.15859375 0.109375
1 0.541796875 0.783984375 0.03828125 0.05078125
