2 0.9770833333333333 0.47317708333333336 0.020833333333333332 0.030729166666666665
2 0.9911458333333333 0.4609375 0.016666666666666666 0.036458333333333336
2 0.8885416666666667 0.22734375 0.023958333333333335 0.0171875
3 0.8625 0.15963541666666667 0.013541666666666667 0.009895833333333333
3 0.7442708333333333 0.5890625 0.04791666666666667 0.026041666666666668
3 0.15442708333333333 0.3263020833333333 0.044270833333333336 0.019270833333333334
1 0.03958333333333333 0.28359375 0.013541666666666667 0.009895833333333333
1 0.11614583333333334 0.23463541666666668 0.027083333333333334 0.018229166666666668
1 0.10364583333333334 0.2515625 0.027083333333333334 0.01875
1 0.08776041666666666 0.2875 0.03177083333333333 0.027083333333333334
1 0.07682291666666667 0.32317708333333334 0.0296875 0.019270833333333334
1 0.10885416666666667 0.22890625 0.025 0.0109375
4 0.9466145833333334 0.6244791666666667 0.0328125 0.030208333333333334
2 0.57265625 0.06458333333333334 0.04739583333333333 0.06875
2 0.8361979166666667 0.171875 0.030729166666666665 0.03958333333333333
2 0.8734375 0.2830729166666667 0.053125 0.07239583333333334
2 0.16875 0.35859375 0.09270833333333334 0.0609375
2 0.9598958333333333 0.5942708333333333 0.022916666666666665 0.028125
2 0.9752604166666666 0.5213541666666667 0.0234375 0.030208333333333334
2 0.07447916666666667 0.24713541666666666 0.025 0.0296875
2 0.09947916666666666 0.23463541666666668 0.034375 0.030729166666666665
2 0.05963541666666667 0.25833333333333336 0.022395833333333334 0.026041666666666668
2 0.02421875 0.2669270833333333 0.013020833333333334 0.0140625
2 0.9778645833333334 0.5927083333333333 0.011979166666666667 0.019791666666666666
2 0.9791666666666666 0.6364583333333333 0.009375 0.014583333333333334
2 0.09895833333333333 0.19609375 0.027083333333333334 0.0296875
2 0.052083333333333336 0.23333333333333334 0.014583333333333334 0.016666666666666666
