2 0.2725806451612903 0.17049632352941177 0.03064516129032258 0.02849264705882353
2 0.29758064516129035 0.1801470588235294 0.043548387096774194 0.03125
1 0.3153225806451613 0.19806985294117646 0.027419354838709678 0.04136029411764706
1 0.23508064516129032 0.2536764705882353 0.03467741935483871 0.05698529411764706
1 0.4129032258064516 0.22426470588235295 0.037096774193548385 0.06066176470588235
2 0.5592741935483871 0.31204044117647056 0.1217741935483871 0.10753676470588236
1 0.3721774193548387 0.9126838235294118 0.09758064516129032 0.15257352941176472
1 0.5991935483870968 0.7798713235294118 0.11774193548387096 0.12591911764705882
1 0.572983870967742 0.2109375 0.02338709677419355 0.02297794117647059
2 0.644758064516129 0.2555147058823529 0.036290322580645164 0.034926470588235295
1 0.6274193548387097 0.41452205882352944 0.06774193548387097 0.09375
1 0.7298387096774194 0.38327205882352944 0.020967741935483872 0.025735294117647058
3 0.7245967741935484 0.3993566176470588 0.028225806451612902 0.043198529411764705
1 0.7431451612903226 0.3984375 0.02338709677419355 0.030330882352941176
1 0.7524193548387097 0.4117647058823529 0.027419354838709678 0.029411764705882353
2 0.8665322580645162 0.7633272058823529 0.06048387096774194 0.10753676470588236
2 0.2254032258064516 0.18566176470588236 0.03790322580645161 0.034926470588235295
