1 0.25510204081632654 0.33731617647058826 0.04816326530612245 0.0625
1 0.8493877551020408 0.44393382352941174 0.015510204081632653 0.02022058823529412
1 0.86 0.46231617647058826 0.015510204081632653 0.027573529411764705
2 0.7522448979591837 0.32996323529411764 0.02040816326530612 0.01838235294117647
0 0.7167346938775511 0.29825367647058826 0.06857142857142857 0.05606617647058824
1 0.7718367346938776 0.3359375 0.010612244897959184 0.017463235294117647
1 0.05877551020408163 0.4889705882352941 0.02122448979591837 0.06433823529411764
1 0.08653061224489796 0.3961397058823529 0.029387755102040815 0.04963235294117647
1 0.503265306122449 0.20680147058823528 0.013877551020408163 0.01838235294117647
2 0.5612244897959183 0.23575367647058823 0.044897959183673466 0.024816176470588234
1 0.30653061224489797 0.20909926470588236 0.013877551020408163 0.015625
2 0.2673469387755102 0.21553308823529413 0.022040816326530613 0.015625
2 0.2453061224489796 0.22150735294117646 0.018775510204081632 0.014705882352941176
1 0.24040816326530612 0.23023897058823528 0.010612244897959184 0.013786764705882353
1 0.21551020408163266 0.24356617647058823 0.00816326530612245 0.014705882352941176
3 0.22489795918367347 0.23988970588235295 0.008979591836734694 0.01838235294117647
4 0.5946938775510204 0.23851102941176472 0.053061224489795916 0.03400735294117647
