2 0.5734939759036145 0.08409926470588236 0.024096385542168676 0.015625
0 0.35180722891566263 0.14935661764705882 0.11887550200803212 0.12408088235294118
2 0.4578313253012048 0.09834558823529412 0.033734939759036145 0.025735294117647058
3 0.7124497991967872 0.14981617647058823 0.011244979919678716 0.02389705882352941
1 0.14779116465863454 0.35018382352941174 0.027309236947791166 0.01838235294117647
1 0.14417670682730924 0.36075367647058826 0.024899598393574297 0.02297794117647059
1 0.13092369477911647 0.39338235294117646 0.027309236947791166 0.022058823529411766
1 0.12409638554216867 0.4085477941176471 0.024899598393574297 0.02665441176470588
1 0.11967871485943775 0.42922794117647056 0.02570281124497992 0.022058823529411766
1 0.11124497991967872 0.45128676470588236 0.028112449799196786 0.02389705882352941
1 0.10361445783132531 0.47058823529411764 0.0321285140562249 0.03125
1 0.09718875502008033 0.5032169117647058 0.027309236947791166 0.02849264705882353
1 0.08714859437751005 0.7256433823529411 0.024899598393574297 0.03400735294117647
1 0.09116465863453815 0.7513786764705882 0.02650602409638554 0.030330882352941176
1 0.10642570281124498 0.8111213235294118 0.02650602409638554 0.030330882352941176
1 0.7614457831325301 0.21553308823529413 0.0321285140562249 0.035845588235294115
1 0.8096385542168675 0.27297794117647056 0.040160642570281124 0.04411764705882353
1 0.8349397590361446 0.30514705882352944 0.03132530120481928 0.04044117647058824
1 0.7895582329317269 0.2495404411764706 0.0321285140562249 0.03952205882352941
1 0.14216867469879518 0.7467830882352942 0.04819277108433735 0.09283088235294118
1 0.6317269076305221 0.13097426470588236 0.023293172690763052 0.03216911764705882
1 0.13734939759036144 0.8350183823529411 0.046586345381526104 0.06893382352941177
