2 0.9848958333333333 0.48723958333333334 0.016666666666666666 0.021354166666666667
2 0.9768229166666667 0.47317708333333336 0.019270833333333334 0.0296875
2 0.8888020833333333 0.22708333333333333 0.024479166666666666 0.01875
3 0.2015625 0.13515625 0.01875 0.0234375
2 0.22630208333333332 0.26901041666666664 0.09010416666666667 0.06302083333333333
2 0.029427083333333333 0.28177083333333336 0.015104166666666667 0.016666666666666666
2 0.07838541666666667 0.25 0.033854166666666664 0.030208333333333334
1 0.0515625 0.321875 0.022916666666666665 0.015625
2 0.0484375 0.26796875 0.022916666666666665 0.022395833333333334
2 0.09869791666666666 0.19765625 0.025520833333333333 0.0265625
1 0.965625 0.521875 0.020833333333333332 0.013541666666666667
4 0.9705729166666667 0.62421875 0.025520833333333333 0.024479166666666666
2 0.8270833333333333 0.4479166666666667 0.06875 0.084375
2 0.5963541666666666 0.019010416666666665 0.040625 0.034895833333333334
1 0.7390625 0.11432291666666666 0.020833333333333332 0.03802083333333333
1 0.5208333333333334 0.009635416666666667 0.011458333333333333 0.018229166666666668
2 0.5765625 0.0125 0.026041666666666668 0.023958333333333335
1 0.7958333333333333 0.071875 0.0125 0.015625
2 0.05286458333333333 0.23333333333333334 0.016145833333333335 0.017708333333333333
