2 0.30121951219512194 0.17876838235294118 0.036585365853658534 0.03400735294117647
2 0.3975609756097561 0.16590073529411764 0.03577235772357724 0.03400735294117647
2 0.483739837398374 0.16636029411764705 0.03414634146341464 0.029411764705882353
1 0.34065040650406503 0.18658088235294118 0.022764227642276424 0.04044117647058824
1 0.3073170731707317 0.1953125 0.01788617886178862 0.030330882352941176
1 0.2032520325203252 0.22012867647058823 0.02926829268292683 0.046875
2 0.8121951219512196 0.27987132352941174 0.016260162601626018 0.019301470588235295
2 0.8121951219512196 0.30193014705882354 0.026016260162601626 0.02849264705882353
1 0.8727642276422765 0.6194852941176471 0.044715447154471545 0.0661764705882353
1 0.24065040650406505 0.20909926470588236 0.02113821138211382 0.035845588235294115
1 0.8256097560975609 0.3083639705882353 0.012195121951219513 0.015625
1 0.7975609756097561 0.2835477941176471 0.011382113821138212 0.015625
1 0.791869918699187 0.28308823529411764 0.011382113821138212 0.016544117647058824
1 0.7873983739837398 0.2734375 0.013821138211382113 0.017463235294117647
1 0.7784552845528455 0.2647058823529412 0.012195121951219513 0.014705882352941176
1 0.7792682926829269 0.2702205882352941 0.012195121951219513 0.016544117647058824
1 0.7695121951219512 0.2601102941176471 0.013821138211382113 0.016544117647058824
1 0.760569105691057 0.25827205882352944 0.013821138211382113 0.01838235294117647
