2 0.8049479166666667 0.12821691176470587 0.044270833333333336 0.07996323529411764
1 0.86015625 0.5303308823529411 0.0421875 0.07169117647058823
1 0.11119791666666666 0.8924632352941176 0.0390625 0.10845588235294118
1 0.026041666666666668 0.8414522058823529 0.027083333333333334 0.07628676470588236
1 0.04895833333333333 0.8460477941176471 0.03333333333333333 0.09834558823529412
2 0.07630208333333334 0.2679227941176471 0.03177083333333333 0.06709558823529412
3 0.11223958333333334 0.7532169117647058 0.05677083333333333 0.05422794117647059
3 0.11015625 0.7886029411764706 0.05572916666666667 0.05514705882352941
1 0.8268229166666666 0.16819852941176472 0.015104166666666667 0.027573529411764705
1 0.90625 0.2899816176470588 0.010416666666666666 0.02297794117647059
1 0.8963541666666667 0.27849264705882354 0.0125 0.022058823529411766
1 0.8541666666666666 0.20909926470588236 0.014583333333333334 0.02849264705882353
1 0.7888020833333333 0.14935661764705882 0.022395833333333334 0.043198529411764705
1 0.89375 0.3515625 0.019791666666666666 0.03768382352941176
1 0.8880208333333334 0.38924632352941174 0.026041666666666668 0.04503676470588235
1 0.10260416666666666 0.3005514705882353 0.021875 0.04779411764705882
1 0.14427083333333332 0.2545955882352941 0.027083333333333334 0.05698529411764706
1 0.22005208333333334 0.14751838235294118 0.030729166666666665 0.057904411764705885
1 0.044270833333333336 0.3952205882352941 0.01875 0.04044117647058824
1 0.00859375 0.4958639705882353 0.011979166666666667 0.02297794117647059
2 0.06171875 0.4181985294117647 0.043229166666666666 0.10477941176470588
2 0.015364583333333333 0.5896139705882353 0.027604166666666666 0.0818014705882353
2 0.22916666666666666 0.22886029411764705 0.115625 0.15441176470588236
2 0.9247395833333333 0.3648897058823529 0.0171875 0.04411764705882353
2 0.010677083333333334 0.46369485294117646 0.0203125 0.046875
