0 0.5081632653061224 0.21507352941176472 0.12653061224489795 0.06433823529411764
2 0.7673469387755102 0.33409926470588236 0.014693877551020407 0.019301470588235295
2 0.7510204081632653 0.3290441176470588 0.022857142857142857 0.022058823529411766
2 0.5779591836734694 0.22840073529411764 0.019591836734693877 0.013786764705882353
2 0.8114285714285714 0.4260110294117647 0.045714285714285714 0.05238970588235294
2 0.2636734693877551 0.21323529411764705 0.024489795918367346 0.014705882352941176
2 0.2746938775510204 0.23345588235294118 0.03183673469387755 0.029411764705882353
1 0.23959183673469386 0.22058823529411764 0.010612244897959184 0.014705882352941176
2 0.10204081632653061 0.4260110294117647 0.05714285714285714 0.13878676470588236
3 0.20612244897959184 0.25045955882352944 0.012244897959183673 0.024816176470588234
4 0.4648979591836735 0.22012867647058823 0.07918367346938776 0.03768382352941176
2 0.5428571428571428 0.26516544117647056 0.07346938775510205 0.04503676470588235
2 0.6983673469387756 0.34099264705882354 0.06938775510204082 0.05514705882352941
1 0.34816326530612246 0.2545955882352941 0.030204081632653063 0.03860294117647059
