1 0.17258064516129032 0.6861213235294118 0.07903225806451612 0.06709558823529412
1 0.719758064516129 0.3681066176470588 0.02338709677419355 0.02849264705882353
1 0.7298387096774194 0.38097426470588236 0.025806451612903226 0.02665441176470588
1 0.7411290322580645 0.39889705882352944 0.02258064516129032 0.025735294117647058
1 0.7491935483870967 0.41130514705882354 0.025806451612903226 0.03216911764705882
2 0.6596774193548387 0.4338235294117647 0.1403225806451613 0.14522058823529413
2 0.822983870967742 0.5386029411764706 0.07661290322580645 0.10661764705882353
0 0.3995967741935484 0.1870404411764706 0.15403225806451612 0.1056985294117647
2 0.2794354838709677 0.17555147058823528 0.036290322580645164 0.03125
1 0.20887096774193548 0.2265625 0.020967741935483872 0.03400735294117647
1 0.2870967741935484 0.1948529411764706 0.01935483870967742 0.029411764705882353
1 0.5766129032258065 0.21369485294117646 0.020967741935483872 0.024816176470588234
2 0.6479838709677419 0.22748161764705882 0.02661290322580645 0.024816176470588234
2 0.655241935483871 0.21966911764705882 0.021774193548387097 0.022058823529411766
3 0.22258064516129034 0.4296875 0.035483870967741936 0.08915441176470588
1 0.625 0.23253676470588236 0.016129032258064516 0.02389705882352941
