3 0.3280487804878049 0.19761029411764705 0.00894308943089431 0.016544117647058824
1 0.4796747967479675 0.16865808823529413 0.02113821138211382 0.024816176470588234
1 0.508130081300813 0.16773897058823528 0.01951219512195122 0.019301470588235295
1 0.5373983739837398 0.16222426470588236 0.01951219512195122 0.021139705882352942
1 0.5617886178861788 0.1645220588235294 0.01951219512195122 0.022058823529411766
1 0.5845528455284553 0.16222426470588236 0.01788617886178862 0.021139705882352942
1 0.6036585365853658 0.16590073529411764 0.02032520325203252 0.019301470588235295
2 0.23739837398373984 0.2619485294117647 0.05365853658536585 0.04779411764705882
2 0.08617886178861789 0.4099264705882353 0.022764227642276424 0.029411764705882353
2 0.06747967479674796 0.4443933823529412 0.016260162601626018 0.02665441176470588
1 0.06707317073170732 0.48713235294117646 0.015447154471544716 0.025735294117647058
1 0.08008130081300813 0.4352022058823529 0.015447154471544716 0.019301470588235295
1 0.06951219512195123 0.4499080882352941 0.013821138211382113 0.02297794117647059
3 0.06097560975609756 0.515625 0.013008130081300813 0.022058823529411766
3 0.05894308943089431 0.5206801470588235 0.015447154471544716 0.024816176470588234
2 0.06829268292682927 0.6617647058823529 0.02926829268292683 0.12867647058823528
1 0.20528455284552846 0.9375 0.07073170731707316 0.06985294117647059
1 0.15691056910569107 0.8768382352941176 0.04552845528455285 0.06801470588235294
1 0.16951219512195123 0.8046875 0.06097560975609756 0.09283088235294118
1 0.12439024390243902 0.734375 0.05040650406504065 0.07352941176470588
