2 0.2983739837398374 0.17601102941176472 0.03577235772357724 0.03952205882352941
1 0.8695121951219512 0.6158088235294118 0.036585365853658534 0.04595588235294118
1 0.8613821138211382 0.6659007352941176 0.046341463414634146 0.050551470588235295
1 0.8459349593495935 0.7022058823529411 0.04796747967479675 0.05514705882352941
2 0.39634146341463417 0.16544117647058823 0.043089430894308944 0.04044117647058824
1 0.49552845528455286 0.18566176470588236 0.028455284552845527 0.03308823529411765
2 0.2073170731707317 0.29411764705882354 0.13495934959349593 0.10110294117647059
1 0.48495934959349596 0.3786764705882353 0.09349593495934959 0.09926470588235294
1 0.6422764227642277 0.31066176470588236 0.04715447154471545 0.05514705882352941
1 0.07926829268292683 0.5321691176470589 0.052845528455284556 0.06801470588235294
2 0.06910569105691057 0.44025735294117646 0.06666666666666667 0.08823529411764706
1 0.790650406504065 0.27941176470588236 0.01707317073170732 0.01838235294117647
1 0.8260162601626017 0.34237132352941174 0.01788617886178862 0.02297794117647059
1 0.7796747967479675 0.3483455882352941 0.02113821138211382 0.034926470588235295
2 0.8341463414634146 0.296875 0.016260162601626018 0.02022058823529412
1 0.6967479674796748 0.3993566176470588 0.04715447154471545 0.06525735294117647
3 0.07479674796747968 0.7325367647058824 0.04878048780487805 0.06066176470588235
4 0.13211382113821138 0.2587316176470588 0.06747967479674796 0.08547794117647059
1 0.6943089430894309 0.2261029411764706 0.01788617886178862 0.03125
