2 0.3975609756097561 0.16498161764705882 0.03577235772357724 0.03400735294117647
2 0.30040650406504066 0.1796875 0.034959349593495934 0.030330882352941176
1 0.34146341463414637 0.1879595588235294 0.01951219512195122 0.04136029411764706
1 0.30609756097560975 0.19301470588235295 0.02032520325203252 0.034926470588235295
4 0.8406504065040651 0.40349264705882354 0.08292682926829269 0.11397058823529412
2 0.47804878048780486 0.16130514705882354 0.04065040650406504 0.03952205882352941
2 0.8735772357723577 0.36580882352941174 0.015447154471544716 0.02389705882352941
1 0.7926829268292683 0.38327205882352944 0.02926829268292683 0.042279411764705885
2 0.85 0.3166360294117647 0.013821138211382113 0.015625
2 0.8361788617886179 0.3290441176470588 0.02032520325203252 0.02389705882352941
0 0.833739837398374 0.2931985294117647 0.02195121951219512 0.029411764705882353
2 0.7410569105691057 0.3235294117647059 0.07073170731707316 0.0625
2 0.641869918699187 0.22840073529411764 0.08211382113821138 0.04503676470588235
2 0.32967479674796746 0.26056985294117646 0.16504065040650406 0.09466911764705882
1 0.8723577235772357 0.6245404411764706 0.04878048780487805 0.07261029411764706
1 0.20284552845528456 0.2182904411764706 0.03333333333333333 0.046875
1 0.24146341463414633 0.20634191176470587 0.02113821138211382 0.03768382352941176
2 0.8150406504065041 0.3359375 0.03170731707317073 0.035845588235294115
