1 0.7975510204081633 0.4131433823529412 0.022857142857142857 0.024816176470588234
1 0.773061224489796 0.3759191176470588 0.019591836734693877 0.022058823529411766
1 0.7951020408163265 0.39200367647058826 0.019591836734693877 0.02297794117647059
0 0.8779591836734694 0.484375 0.06612244897959184 0.09375
2 0.3893877551020408 0.19715073529411764 0.031020408163265307 0.011948529411764705
1 0.38081632653061226 0.21691176470588236 0.018775510204081632 0.02389705882352941
1 0.6881632653061225 0.31204044117647056 0.022857142857142857 0.02849264705882353
1 0.703265306122449 0.3193933823529412 0.015510204081632653 0.019301470588235295
1 0.2587755102040816 0.22518382352941177 0.011428571428571429 0.016544117647058824
2 0.2689795918367347 0.21369485294117646 0.025306122448979593 0.017463235294117647
1 0.28816326530612246 0.22288602941176472 0.014693877551020407 0.02297794117647059
1 0.30244897959183675 0.22886029411764705 0.018775510204081632 0.02389705882352941
4 0.3159183673469388 0.20542279411764705 0.03918367346938775 0.024816176470588234
