2 0.80390625 0.12591911764705882 0.04635416666666667 0.08088235294117647
1 0.11119791666666666 0.8920036764705882 0.03802083333333333 0.1056985294117647
1 0.025520833333333333 0.8405330882352942 0.025 0.0744485294117647
1 0.050520833333333334 0.8469669117647058 0.028125 0.09466911764705882
2 0.07682291666666667 0.26838235294117646 0.030729166666666665 0.06801470588235294
1 0.8263020833333333 0.16773897058823528 0.0140625 0.02665441176470588
1 0.8776041666666666 0.3805147058823529 0.026041666666666668 0.04595588235294118
1 0.91953125 0.3602941176470588 0.0140625 0.027573529411764705
1 0.83984375 0.18198529411764705 0.011979166666666667 0.03308823529411765
1 0.6263020833333334 0.042738970588235295 0.03177083333333333 0.05606617647058824
1 0.79765625 0.5105698529411765 0.07135416666666666 0.09834558823529412
1 0.7203125 0.6130514705882353 0.10729166666666666 0.15992647058823528
1 0.02890625 0.6043198529411765 0.030729166666666665 0.03952205882352941
1 0.01796875 0.6603860294117647 0.024479166666666666 0.03768382352941176
3 0.31744791666666666 0.0546875 0.019270833333333334 0.05238970588235294
1 0.8708333333333333 0.22380514705882354 0.0125 0.02297794117647059
