3 0.9386178861788618 0.6272977941176471 0.038211382113821135 0.06158088235294118
3 0.9288617886178862 0.6594669117647058 0.038211382113821135 0.04871323529411765
0 0.47073170731707314 0.17325367647058823 0.208130081300813 0.0818014705882353
3 0.23130081300813007 0.24494485294117646 0.01056910569105691 0.02297794117647059
3 0.25121951219512195 0.22886029411764705 0.013008130081300813 0.027573529411764705
3 0.2934959349593496 0.2113970588235294 0.014634146341463415 0.027573529411764705
2 0.7483739837398374 0.22334558823529413 0.06422764227642276 0.042279411764705885
2 0.8735772357723577 0.2614889705882353 0.026829268292682926 0.02665441176470588
2 0.37886178861788616 0.9641544117647058 0.13333333333333333 0.06985294117647059
1 0.18414634146341463 0.9030330882352942 0.04959349593495935 0.057904411764705885
0 0.07317073170731707 0.3864889705882353 0.030894308943089432 0.04503676470588235
