1 0.24308943089430896 0.20909926470588236 0.02113821138211382 0.04136029411764706
1 0.20894308943089432 0.21691176470588236 0.016260162601626018 0.03860294117647059
1 0.19796747967479675 0.22426470588235295 0.015447154471544716 0.04044117647058824
1 0.18414634146341463 0.25735294117647056 0.043089430894308944 0.05698529411764706
1 0.28739837398373985 0.22150735294117646 0.05447154471544716 0.05698529411764706
1 0.4105691056910569 0.2026654411764706 0.04878048780487805 0.05238970588235294
2 0.5902439024390244 0.2192095588235294 0.08455284552845528 0.050551470588235295
2 0.6369918699186992 0.2545955882352941 0.091869918699187 0.06985294117647059
2 0.11829268292682926 0.32169117647058826 0.08536585365853659 0.0900735294117647
2 0.8256097560975609 0.29963235294117646 0.01869918699186992 0.022058823529411766
