3 0.3665322580645161 0.2555147058823529 0.03790322580645161 0.0625
3 0.39314516129032256 0.20174632352941177 0.031451612903225803 0.043198529411764705
3 0.41854838709677417 0.20082720588235295 0.024193548387096774 0.03216911764705882
3 0.42701612903225805 0.2348345588235294 0.029838709677419355 0.04871323529411765
1 0.1588709677419355 0.4273897058823529 0.08064516129032258 0.10110294117647059
1 0.09032258064516129 0.5243566176470589 0.06129032258064516 0.09466911764705882
1 0.1338709677419355 0.703125 0.10161290322580645 0.08639705882352941
1 0.7443548387096774 0.9260110294117647 0.03870967741935484 0.05422794117647059
1 0.7189516129032258 0.9181985294117647 0.06854838709677419 0.09558823529411764
1 0.7334677419354839 0.6323529411764706 0.04596774193548387 0.058823529411764705
1 0.7487903225806452 0.7596507352941176 0.049193548387096775 0.06709558823529412
1 0.7721774193548387 0.8290441176470589 0.04112903225806452 0.06066176470588235
1 0.7008064516129032 0.7890625 0.05967741935483871 0.07628676470588236
1 0.6008064516129032 0.5675551470588235 0.07580645161290323 0.1056985294117647
1 0.6713709677419355 0.4678308823529412 0.04596774193548387 0.04963235294117647
1 0.6838709677419355 0.5376838235294118 0.04838709677419355 0.06433823529411764
1 0.7286290322580645 0.5602022058823529 0.04758064516129032 0.057904411764705885
1 0.5600806451612903 0.23529411764705882 0.02338709677419355 0.03676470588235294
1 0.8120967741935484 0.6227022058823529 0.020967741935483872 0.02665441176470588
0 0.8080645161290323 0.5243566176470589 0.054838709677419356 0.078125
1 0.665725806451613 0.3915441176470588 0.03467741935483871 0.034926470588235295
1 0.6278225806451613 0.35340073529411764 0.03951612903225806 0.035845588235294115
1 0.6350806451612904 0.38097426470588236 0.031451612903225803 0.03952205882352941
1 0.6133064516129032 0.29641544117647056 0.031451612903225803 0.03952205882352941
1 0.7806451612903226 0.7100183823529411 0.03870967741935484 0.04503676470588235
1 0.5387096774193548 0.19852941176470587 0.017741935483870968 0.022058823529411766
1 0.1443548387096774 0.3782169117647059 0.07580645161290323 0.09283088235294118
1 0.6318548387096774 0.3244485294117647 0.028225806451612902 0.03125
2 0.7911290322580645 0.48391544117647056 0.024193548387096774 0.030330882352941176
2 0.8294354838709678 0.5638786764705882 0.013709677419354839 0.02665441176470588
1 0.6935483870967742 0.42325367647058826 0.03064516129032258 0.04136029411764706
1 0.7467741935483871 0.4416360294117647 0.024193548387096774 0.024816176470588234
