3 0.9361788617886179 0.6171875 0.03983739837398374 0.057904411764705885
1 0.9589430894308943 0.4977022058823529 0.036585365853658534 0.057904411764705885
3 0.0491869918699187 0.5473345588235294 0.02032520325203252 0.02297794117647059
1 0.18495934959349594 0.5533088235294118 0.05934959349593496 0.0900735294117647
1 0.14512195121951219 0.4172794117647059 0.036585365853658534 0.04411764705882353
2 0.683739837398374 0.20680147058823528 0.08292682926829269 0.04411764705882353
1 0.524390243902439 0.16911764705882354 0.02926829268292683 0.034926470588235295
1 0.36016260162601627 0.20404411764705882 0.03414634146341464 0.03676470588235294
1 0.5121951219512195 0.17371323529411764 0.01951219512195122 0.029411764705882353
1 0.2121951219512195 0.26700367647058826 0.026016260162601626 0.03216911764705882
1 0.17479674796747968 0.2927389705882353 0.01951219512195122 0.03216911764705882
1 0.47520325203252034 0.17003676470588236 0.02032520325203252 0.03125
1 0.49959349593495933 0.16727941176470587 0.02195121951219512 0.029411764705882353
2 0.7707317073170732 0.22977941176470587 0.06666666666666667 0.042279411764705885
