2 0.9421875 0.35546875 0.025 0.0265625
2 0.9421875 0.35546875 0.025 0.0265625
2 0.516796875 0.03828125 0.01953125 0.0203125
1 0.508984375 0.05859375 0.01015625 0.0234375
2 0.451953125 0.053125 0.02890625 0.028125
1 0.221875 0.154296875 0.021875 0.01953125
2 0.57734375 0.923046875 0.0484375 0.04921875
2 0.92890625 0.3203125 0.0203125 0.021875
2 0.534375 0.02734375 0.01875 0.0171875
1 0.4640625 0.058984375 0.0109375 0.02265625
2 0.646484375 0.0375 0.01484375 0.0140625
1 0.4859375 0.06015625 0.0125 0.028125
2 0.5015625 0.046875 0.0234375 0.021875
1 0.444140625 0.061328125 0.01328125 0.02421875
1 0.5 0.06015625 0.0109375 0.0234375
1 0.219921875 0.166015625 0.02421875 0.02421875
2 0.5421875 0.050390625 0.025 0.02421875
1 0.4734375 0.0609375 0.0109375 0.025
1 0.51875 0.060546875 0.0125 0.02578125
2 0.7484375 0.725 0.096875 0.0765625
1 0.532421875 0.06171875 0.01328125 0.0234375
1 0.29765625 0.126953125 0.025 0.02734375
3 0.858984375 0.36640625 0.03515625 0.0234375
1 0.70625 0.80859375 0.025 0.0484375
2 0.18359375 0.20625 0.0515625 0.0390625
2 0.674609375 0.06640625 0.02265625 0.0203125
2 0.687109375 0.0828125 0.02265625 0.0203125
1 0.525390625 0.096484375 0.03046875 0.03203125
2 0.89296875 0.3125 0.040625 0.040625
2 0.376953125 0.117578125 0.08203125 0.04921875
0 0.6265625 0.12265625 0.15 0.0890625
2 0.478125 0.12890625 0.09375 0.0421875
2 0.828125 0.233984375 0.0625 0.05390625
2 0.557421875 0.72421875 0.12109375 0.184375
2 0.857421875 0.466796875 0.06328125 0.12265625
2 0.56953125 0.865625 0.0703125 0.084375
2 0.81953125 0.625 0.0828125 0.121875
2 0.648046875 0.85546875 0.09921875 0.1234375
2 0.63203125 0.743359375 0.0953125 0.13515625
2 0.55234375 0.033203125 0.0203125 0.02265625
2 0.48671875 0.95859375 0.0453125 0.0390625
2 0.5078125 0.976171875 0.0375 0.03359375
