0 0.5299539170506913 0.1488970588235294 0.28755760368663597 0.10477941176470588
0 0.6525345622119816 0.18428308823529413 0.30414746543778803 0.14430147058823528
2 0.17235023041474654 0.29181985294117646 0.05161290322580645 0.04503676470588235
4 0.9400921658986175 0.3483455882352941 0.03870967741935484 0.034926470588235295
1 0.8751152073732719 0.5556066176470589 0.05069124423963134 0.035845588235294115
1 0.847926267281106 0.5629595588235294 0.05898617511520737 0.03400735294117647
1 0.8331797235023042 0.5919117647058824 0.055299539170506916 0.051470588235294115
1 0.8755760368663594 0.6015625 0.025806451612903226 0.02665441176470588
1 0.876036866359447 0.6305147058823529 0.05806451612903226 0.03125
2 0.9783410138248848 0.3837316176470588 0.01935483870967742 0.02297794117647059
1 0.8815668202764977 0.27987132352941174 0.02304147465437788 0.02297794117647059
3 0.32350230414746545 0.1557904411764706 0.016589861751152075 0.02849264705882353
2 0.03225806451612903 0.4260110294117647 0.020276497695852536 0.021139705882352942
