1 0.37016129032258066 0.9126838235294118 0.09032258064516129 0.14705882352941177
1 0.31048387096774194 0.1948529411764706 0.02903225806451613 0.042279411764705885
0 0.35846774193548386 0.17049632352941177 0.13306451612903225 0.10018382352941177
2 0.2560483870967742 0.16636029411764705 0.03306451612903226 0.03308823529411765
2 0.28225806451612906 0.17876838235294118 0.041935483870967745 0.03768382352941176
1 0.5689516129032258 0.20909926470588236 0.020161290322580645 0.02665441176470588
2 0.6733870967741935 0.25275735294117646 0.03387096774193549 0.029411764705882353
2 0.6241935483870967 0.25 0.05806451612903226 0.04044117647058824
1 0.7298387096774194 0.3828125 0.020967741935483872 0.02665441176470588
3 0.7225806451612903 0.40027573529411764 0.02903225806451613 0.04503676470588235
1 0.7443548387096774 0.39889705882352944 0.024193548387096774 0.029411764705882353
1 0.7520161290322581 0.4117647058823529 0.02661290322580645 0.029411764705882353
1 0.6939516129032258 0.3929227941176471 0.04596774193548387 0.057904411764705885
1 0.6391129032258065 0.4172794117647059 0.062096774193548386 0.09375
