3 0.8451219512195122 0.6254595588235294 0.07560975609756097 0.06709558823529412
3 0.8869918699186992 0.7169117647058824 0.06829268292682927 0.07536764705882353
3 0.8508130081300813 0.7362132352941176 0.06747967479674796 0.06433823529411764
2 0.6134146341463415 0.17876838235294118 0.07398373983739838 0.03400735294117647
2 0.3313008130081301 0.21875 0.06910569105691057 0.04595588235294118
1 0.10040650406504065 0.45588235294117646 0.026829268292682926 0.04044117647058824
4 0.06016260162601626 0.4397977941176471 0.04552845528455285 0.0744485294117647
0 0.08008130081300813 0.38097426470588236 0.03008130081300813 0.05422794117647059
1 0.458130081300813 0.17463235294117646 0.028455284552845527 0.03125
1 0.4991869918699187 0.17325367647058823 0.022764227642276424 0.03216911764705882
3 0.5126016260162601 0.16222426470588236 0.015447154471544716 0.02665441176470588
1 0.7398373983739838 0.1953125 0.022764227642276424 0.024816176470588234
3 0.6186991869918699 0.15762867647058823 0.014634146341463415 0.017463235294117647
1 0.8378048780487805 0.23575367647058823 0.015447154471544716 0.02849264705882353
2 0.37601626016260165 0.9627757352941176 0.13577235772357724 0.07261029411764706
