1 0.09233870967741936 0.6158088235294118 0.0846774193548387 0.08823529411764706
1 0.08790322580645162 0.7077205882352942 0.09516129032258064 0.09375
1 0.5149193548387097 0.18152573529411764 0.012096774193548387 0.02297794117647059
1 0.494758064516129 0.20726102941176472 0.018548387096774192 0.02849264705882353
1 0.49556451612903224 0.2348345588235294 0.025 0.024816176470588234
1 0.3096774193548387 0.2509191176470588 0.04838709677419355 0.0661764705882353
1 0.4717741935483871 0.2697610294117647 0.035483870967741936 0.050551470588235295
1 0.5649193548387097 0.29641544117647056 0.03306451612903226 0.04871323529411765
1 0.5028225806451613 0.33639705882352944 0.04435483870967742 0.07169117647058823
2 0.5350806451612903 0.2265625 0.042741935483870966 0.04871323529411765
2 0.49959677419354837 0.1792279411764706 0.02661290322580645 0.034926470588235295
3 0.7568548387096774 0.5900735294117647 0.042741935483870966 0.03308823529411765
3 0.3870967741935484 0.49862132352941174 0.06129032258064516 0.12408088235294118
2 0.11209677419354838 0.3382352941176471 0.07903225806451612 0.10294117647058823
0 0.056451612903225805 0.46691176470588236 0.08870967741935484 0.23345588235294118
1 0.7693548387096775 0.8676470588235294 0.035483870967741936 0.05698529411764706
1 0.7810483870967742 0.7095588235294118 0.03790322580645161 0.042279411764705885
1 0.7681451612903226 0.7738970588235294 0.04758064516129032 0.06066176470588235
1 0.7524193548387097 0.7725183823529411 0.05 0.07261029411764706
1 0.6512096774193549 0.7440257352941176 0.07338709677419354 0.09650735294117647
1 0.7391129032258065 0.6429227941176471 0.05403225806451613 0.06341911764705882
1 0.7245967741935484 0.6626838235294118 0.05241935483870968 0.07352941176470588
1 0.8016129032258065 0.5772058823529411 0.02258064516129032 0.029411764705882353
1 0.6963709677419355 0.4632352941176471 0.04112903225806452 0.03676470588235294
1 0.6846774193548387 0.4954044117647059 0.0467741935483871 0.058823529411764705
3 0.7560483870967742 0.5330882352941176 0.025 0.025735294117647058
3 0.7681451612903226 0.5602022058823529 0.028225806451612902 0.024816176470588234
3 0.7758064516129032 0.5785845588235294 0.03064516129032258 0.024816176470588234
1 0.6862903225806452 0.4021139705882353 0.03387096774193549 0.04503676470588235
4 0.8088709677419355 0.5105698529411765 0.035483870967741936 0.04871323529411765
1 0.6088709677419355 0.3079044117647059 0.035483870967741936 0.03676470588235294
