1 0.27338709677419354 0.6723345588235294 0.11935483870967742 0.13143382352941177
1 0.5995967741935484 0.21966911764705882 0.016935483870967744 0.025735294117647058
2 0.635483870967742 0.22288602941176472 0.027419354838709678 0.02665441176470588
2 0.655241935483871 0.22426470588235295 0.025 0.027573529411764705
2 0.2528225806451613 0.16727941176470587 0.029838709677419355 0.022058823529411766
2 0.2745967741935484 0.17693014705882354 0.04112903225806452 0.03216911764705882
2 0.21411290322580645 0.17876838235294118 0.036290322580645164 0.035845588235294115
1 0.7294354838709678 0.3828125 0.025 0.03400735294117647
2 0.8100806451612903 0.5813419117647058 0.0717741935483871 0.12040441176470588
1 0.7431451612903226 0.39889705882352944 0.02661290322580645 0.03125
1 0.7520161290322581 0.4099264705882353 0.02661290322580645 0.03308823529411765
1 0.4681451612903226 0.22518382352941177 0.031451612903225803 0.042279411764705885
