1 0.41526104417670684 0.18887867647058823 0.014457831325301205 0.024816176470588234
1 0.40522088353413654 0.19117647058823528 0.010441767068273093 0.02022058823529412
1 0.39437751004016064 0.18382352941176472 0.011244979919678716 0.03125
1 0.3795180722891566 0.17693014705882354 0.013654618473895583 0.024816176470588234
1 0.3674698795180723 0.17555147058823528 0.012048192771084338 0.02389705882352941
1 0.3586345381526104 0.1879595588235294 0.013654618473895583 0.024816176470588234
1 0.3485943775100402 0.1879595588235294 0.01285140562248996 0.02297794117647059
1 0.3325301204819277 0.18474264705882354 0.020883534136546186 0.03125
1 0.5465863453815261 0.22886029411764705 0.028112449799196786 0.02389705882352941
2 0.7995983935742972 0.38465073529411764 0.018473895582329317 0.02849264705882353
4 0.19397590361445782 0.265625 0.2433734939759036 0.20404411764705882
2 0.8060240963855422 0.35202205882352944 0.013654618473895583 0.016544117647058824
2 0.778714859437751 0.32169117647058826 0.012048192771084338 0.012867647058823529
2 0.7674698795180723 0.3157169117647059 0.008835341365461847 0.011948529411764705
2 0.7626506024096386 0.32306985294117646 0.018473895582329317 0.02297794117647059
1 0.7879518072289157 0.33318014705882354 0.00963855421686747 0.011948529411764705
1 0.7389558232931727 0.29549632352941174 0.01285140562248996 0.015625
1 0.7048192771084337 0.2867647058823529 0.012048192771084338 0.012867647058823529
1 0.6879518072289157 0.2867647058823529 0.015261044176706828 0.01838235294117647
2 0.5803212851405622 0.296875 0.07791164658634538 0.05330882352941176
3 0.5718875502008032 0.23575367647058823 0.01606425702811245 0.024816176470588234
3 0.3550200803212851 0.8000919117647058 0.05140562248995984 0.05422794117647059
1 0.6919678714859437 0.27297794117647056 0.020080321285140562 0.02022058823529412
1 0.6445783132530121 0.25827205882352944 0.020080321285140562 0.02389705882352941
