2 0.9911458333333333 0.45807291666666666 0.015625 0.030729166666666665
2 0.9770833333333333 0.47317708333333336 0.020833333333333332 0.030729166666666665
2 0.8885416666666667 0.22734375 0.023958333333333335 0.0171875
3 0.7635416666666667 0.5947916666666667 0.052083333333333336 0.026041666666666668
3 0.14036458333333332 0.32838541666666665 0.04114583333333333 0.013020833333333334
1 0.07604166666666666 0.325 0.03125 0.022916666666666665
1 0.04479166666666667 0.2825520833333333 0.016666666666666666 0.0109375
1 0.10755208333333334 0.23098958333333333 0.025520833333333333 0.013020833333333334
1 0.11510416666666666 0.23515625 0.028125 0.018229166666666668
1 0.10494791666666667 0.25078125 0.025520833333333333 0.015104166666666667
1 0.10026041666666667 0.26901041666666664 0.03177083333333333 0.028645833333333332
4 0.95078125 0.6296875 0.0296875 0.029166666666666667
2 0.6026041666666667 0.1 0.07708333333333334 0.08854166666666667
2 0.8302083333333333 0.14947916666666666 0.028125 0.036458333333333336
2 0.8442708333333333 0.21614583333333334 0.04895833333333333 0.06041666666666667
2 0.16875 0.35859375 0.09270833333333334 0.0609375
2 0.97109375 0.5052083333333334 0.025520833333333333 0.03333333333333333
2 0.96640625 0.6096354166666667 0.018229166666666668 0.025520833333333333
2 0.9763020833333333 0.5791666666666667 0.016145833333333335 0.020833333333333332
2 0.07447916666666667 0.24739583333333334 0.025 0.030208333333333334
2 0.09947916666666666 0.23463541666666668 0.034375 0.030729166666666665
2 0.05963541666666667 0.25833333333333336 0.022395833333333334 0.026041666666666668
2 0.9825520833333333 0.6252604166666667 0.0109375 0.0171875
2 0.09895833333333333 0.19609375 0.027083333333333334 0.0296875
2 0.05286458333333333 0.23333333333333334 0.0171875 0.016666666666666666
