2 0.8869791666666667 0.228125 0.019791666666666666 0.017708333333333333
2 0.984375 0.48072916666666665 0.019791666666666666 0.025
1 0.9567708333333333 0.6216145833333333 0.016666666666666666 0.0140625
1 0.4627604166666667 0.22265625 0.059895833333333336 0.0546875
3 0.2046875 0.12890625 0.022916666666666665 0.024479166666666666
3 0.6986979166666667 0.53984375 0.06510416666666667 0.0421875
1 0.24479166666666666 0.24505208333333334 0.046875 0.04010416666666667
1 0.18177083333333333 0.2359375 0.040625 0.03125
1 0.0671875 0.28151041666666665 0.021875 0.015104166666666667
1 0.04375 0.30520833333333336 0.01875 0.013541666666666667
1 0.03359375 0.3223958333333333 0.018229166666666668 0.015625
1 0.1140625 0.3658854166666667 0.0375 0.025520833333333333
1 0.06354166666666666 0.23151041666666666 0.014583333333333334 0.013020833333333334
1 0.5734375 0.014583333333333334 0.0125 0.023958333333333335
2 0.09895833333333333 0.19609375 0.027083333333333334 0.028645833333333332
2 0.9721354166666667 0.6278645833333333 0.013020833333333334 0.018229166666666668
0 0.8049479166666667 0.1421875 0.08489583333333334 0.07916666666666666
0 0.7877604166666666 0.2578125 0.2713541666666667 0.26666666666666666
2 0.03828125 0.27447916666666666 0.019270833333333334 0.021875
2 0.025520833333333333 0.2830729166666667 0.0125 0.016145833333333335
2 0.06536458333333334 0.2598958333333333 0.024479166666666666 0.026041666666666668
2 0.14895833333333333 0.22135416666666666 0.053125 0.042708333333333334
2 0.25416666666666665 0.19765625 0.090625 0.05572916666666667
2 0.6731770833333334 0.140625 0.05260416666666667 0.052083333333333336
2 0.9341145833333333 0.4166666666666667 0.03802083333333333 0.05520833333333333
2 0.09244791666666667 0.24270833333333333 0.0453125 0.035416666666666666
1 0.04973958333333333 0.2981770833333333 0.021354166666666667 0.0171875
3 0.86171875 0.159375 0.016145833333333335 0.016666666666666666
2 0.04348958333333333 0.33489583333333334 0.027604166666666666 0.022916666666666665
