2 0.3 0.1801470588235294 0.03414634146341464 0.027573529411764705
2 0.39878048780487807 0.16773897058823528 0.03983739837398374 0.03400735294117647
1 0.8699186991869918 0.6148897058823529 0.032520325203252036 0.02389705882352941
1 0.8626016260162601 0.6672794117647058 0.04227642276422764 0.03860294117647059
1 0.848780487804878 0.6980698529411765 0.04552845528455285 0.057904411764705885
1 0.8703252032520326 0.6392463235294118 0.03008130081300813 0.02297794117647059
4 0.13658536585365855 0.2545955882352941 0.061788617886178863 0.08823529411764706
1 0.4947154471544715 0.18382352941176472 0.026829268292682926 0.03125
4 0.7821138211382114 0.3704044117647059 0.06016260162601626 0.058823529411764705
2 0.6882113821138212 0.3079044117647059 0.08373983739837398 0.06801470588235294
2 0.091869918699187 0.45358455882352944 0.0943089430894309 0.109375
2 0.1288617886178862 0.32536764705882354 0.091869918699187 0.09191176470588236
1 0.24634146341463414 0.22748161764705882 0.03902439024390244 0.046875
1 0.5422764227642276 0.22288602941176472 0.04065040650406504 0.03952205882352941
1 0.6886178861788618 0.3570772058823529 0.04227642276422764 0.04871323529411765
1 0.8199186991869919 0.3134191176470588 0.013821138211382113 0.02022058823529412
1 0.7520325203252033 0.2601102941176471 0.014634146341463415 0.01838235294117647
2 0.8252032520325203 0.33777573529411764 0.024390243902439025 0.02665441176470588
2 0.7170731707317073 0.27205882352941174 0.05853658536585366 0.04044117647058824
1 0.6959349593495935 0.22564338235294118 0.016260162601626018 0.030330882352941176
