1 0.22479674796747967 0.9466911764705882 0.052845528455284556 0.06985294117647059
1 0.1772357723577236 0.9140625 0.04390243902439024 0.050551470588235295
1 0.17113821138211383 0.8690257352941176 0.05447154471544716 0.05238970588235294
3 0.2845528455284553 0.2182904411764706 0.013008130081300813 0.017463235294117647
0 0.16219512195121952 0.34972426470588236 0.16016260162601625 0.17371323529411764
1 0.4817073170731707 0.16911764705882354 0.02032520325203252 0.027573529411764705
1 0.5056910569105691 0.17095588235294118 0.01951219512195122 0.02022058823529412
1 0.5373983739837398 0.1636029411764706 0.01788617886178862 0.02022058823529412
1 0.5626016260162602 0.1636029411764706 0.02113821138211382 0.022058823529411766
1 0.5861788617886179 0.16176470588235295 0.01788617886178862 0.02022058823529412
1 0.6048780487804878 0.16636029411764705 0.01951219512195122 0.01838235294117647
2 0.7288617886178862 0.22012867647058823 0.07723577235772358 0.043198529411764705
2 0.8105691056910569 0.24586397058823528 0.05203252032520325 0.043198529411764705
2 0.8597560975609756 0.27068014705882354 0.034959349593495934 0.035845588235294115
1 0.5231707317073171 0.17049632352941177 0.025203252032520326 0.021139705882352942
1 0.07764227642276422 0.44669117647058826 0.015447154471544716 0.02389705882352941
1 0.07398373983739838 0.4710477941176471 0.016260162601626018 0.02665441176470588
3 0.05772357723577236 0.5193014705882353 0.013008130081300813 0.02389705882352941
