2 0.8041666666666667 0.12591911764705882 0.046875 0.08088235294117647
1 0.11119791666666666 0.8920036764705882 0.03802083333333333 0.1056985294117647
1 0.025520833333333333 0.8405330882352942 0.025 0.0744485294117647
1 0.05026041666666667 0.8465073529411765 0.027604166666666666 0.09375
2 0.07682291666666667 0.26838235294117646 0.030729166666666665 0.06801470588235294
3 0.6614583333333334 0.8129595588235294 0.09270833333333334 0.09650735294117647
1 0.8263020833333333 0.16773897058823528 0.0140625 0.02665441176470588
1 0.6286458333333333 0.3235294117647059 0.07395833333333333 0.11397058823529412
1 0.7255208333333333 0.6259191176470589 0.1 0.15808823529411764
1 0.8098958333333334 0.5110294117647058 0.06770833333333333 0.09558823529411764
1 0.032552083333333336 0.6341911764705882 0.03177083333333333 0.04411764705882353
1 0.015885416666666666 0.4756433823529412 0.015104166666666667 0.02665441176470588
2 0.11067708333333333 0.4710477941176471 0.0890625 0.14613970588235295
2 0.43255208333333334 0.07950367647058823 0.13385416666666666 0.10018382352941177
3 0.3268229166666667 0.05376838235294118 0.0171875 0.05974264705882353
1 0.8497395833333333 0.19255514705882354 0.0140625 0.02665441176470588
1 0.8393229166666667 0.18198529411764705 0.015104166666666667 0.03308823529411765
1 0.8700520833333333 0.22242647058823528 0.011979166666666667 0.022058823529411766
