2 0.1693548387096774 0.32996323529411764 0.14193548387096774 0.10294117647058823
1 0.10887096774193548 0.4797794117647059 0.08225806451612903 0.11029411764705882
1 0.13306451612903225 0.5652573529411765 0.1032258064516129 0.10661764705882353
1 0.1125 0.7169117647058824 0.10080645161290322 0.09191176470588236
1 0.15725806451612903 0.39659926470588236 0.07419354838709677 0.09834558823529412
2 0.8185483870967742 0.5528492647058824 0.016129032258064516 0.02849264705882353
2 0.785483870967742 0.5165441176470589 0.024193548387096774 0.03676470588235294
1 0.7314516129032258 0.42325367647058826 0.020967741935483872 0.021139705882352942
2 0.6403225806451613 0.35018382352941174 0.06935483870967742 0.08455882352941177
1 0.7504032258064516 0.45955882352941174 0.02338709677419355 0.022058823529411766
1 0.7560483870967742 0.4806985294117647 0.021774193548387097 0.025735294117647058
1 0.7713709677419355 0.5064338235294118 0.021774193548387097 0.022058823529411766
2 0.8056451612903226 0.5349264705882353 0.020967741935483872 0.029411764705882353
2 0.8379032258064516 0.6102941176470589 0.016129032258064516 0.025735294117647058
2 0.8524193548387097 0.6364889705882353 0.012903225806451613 0.015625
1 0.7681451612903226 0.7693014705882353 0.049193548387096775 0.06066176470588235
4 0.807258064516129 0.5105698529411765 0.037096774193548385 0.05238970588235294
