1 0.41646586345381525 0.19071691176470587 0.016867469879518072 0.024816176470588234
1 0.40441767068273093 0.1870404411764706 0.012048192771084338 0.02297794117647059
1 0.39397590361445783 0.18336397058823528 0.012048192771084338 0.030330882352941176
1 0.38032128514056224 0.17647058823529413 0.013654618473895583 0.025735294117647058
1 0.3686746987951807 0.17463235294117646 0.014457831325301205 0.02022058823529412
1 0.3614457831325301 0.18566176470588236 0.01285140562248996 0.022058823529411766
1 0.3485943775100402 0.18841911764705882 0.011244979919678716 0.02022058823529412
1 0.3333333333333333 0.18520220588235295 0.017670682730923693 0.02849264705882353
1 0.5461847389558233 0.22931985294117646 0.0321285140562249 0.024816176470588234
1 0.25622489959839356 0.22242647058823528 0.020883534136546186 0.03860294117647059
1 0.1670682730923695 0.24540441176470587 0.017670682730923693 0.04044117647058824
1 0.15220883534136545 0.2522977941176471 0.016867469879518072 0.03216911764705882
1 0.14216867469879518 0.25735294117647056 0.014457831325301205 0.03676470588235294
1 0.12289156626506025 0.2697610294117647 0.01927710843373494 0.035845588235294115
1 0.10682730923694779 0.27941176470588236 0.014457831325301205 0.03308823529411765
1 0.0963855421686747 0.2913602941176471 0.01285140562248996 0.02389705882352941
1 0.14056224899598393 0.6259191176470589 0.07550200803212852 0.0900735294117647
1 0.19598393574297188 0.7104779411764706 0.09477911646586346 0.08455882352941177
1 0.17751004016064256 0.8083639705882353 0.08514056224899598 0.06158088235294118
1 0.11726907630522089 0.4977022058823529 0.078714859437751 0.08915441176470588
2 0.8008032128514057 0.3874080882352941 0.02248995983935743 0.03400735294117647
1 0.691566265060241 0.27297794117647056 0.017670682730923693 0.016544117647058824
1 0.6453815261044177 0.2578125 0.018473895582329317 0.021139705882352942
3 0.7911646586345381 0.4260110294117647 0.017670682730923693 0.03216911764705882
3 0.7819277108433735 0.41544117647058826 0.012048192771084338 0.029411764705882353
3 0.8168674698795181 0.4921875 0.02248995983935743 0.03952205882352941
3 0.8261044176706828 0.5170036764705882 0.020080321285140562 0.04136029411764706
3 0.7951807228915663 0.39889705882352944 0.014457831325301205 0.022058823529411766
