1 0.5682730923694779 0.2348345588235294 0.018473895582329317 0.021139705882352942
1 0.593574297188755 0.22977941176470587 0.014457831325301205 0.02389705882352941
1 0.16265060240963855 0.359375 0.06987951807228916 0.0900735294117647
1 0.24819277108433735 0.7959558823529411 0.10120481927710843 0.1213235294117647
3 0.3469879518072289 0.8193933823529411 0.06104417670682731 0.07077205882352941
2 0.3682730923694779 0.14338235294117646 0.04417670682730924 0.025735294117647058
2 0.42088353413654617 0.16222426470588236 0.05140562248995984 0.02849264705882353
2 0.7923694779116466 0.4540441176470588 0.05220883534136546 0.07169117647058823
2 0.6497991967871486 0.2270220588235294 0.027309236947791166 0.01838235294117647
2 0.6702811244979919 0.2265625 0.015261044176706828 0.019301470588235295
1 0.5301204819277109 0.2026654411764706 0.017670682730923693 0.021139705882352942
1 0.5397590361445783 0.21553308823529413 0.020883534136546186 0.03216911764705882
1 0.6666666666666666 0.36121323529411764 0.035341365461847386 0.04963235294117647
1 0.5927710843373494 0.26746323529411764 0.027309236947791166 0.03860294117647059
1 0.6867469879518072 0.23621323529411764 0.00963855421686747 0.016544117647058824
1 0.6771084337349398 0.23713235294117646 0.01285140562248996 0.016544117647058824
1 0.6662650602409639 0.23851102941176472 0.015261044176706828 0.017463235294117647
1 0.6558232931726907 0.23759191176470587 0.012048192771084338 0.017463235294117647
1 0.6461847389558233 0.23988970588235295 0.018473895582329317 0.02022058823529412
1 0.6935742971887551 0.2624080882352941 0.008835341365461847 0.019301470588235295
2 0.7016064257028113 0.25045955882352944 0.013654618473895583 0.021139705882352942
2 0.6947791164658634 0.22840073529411764 0.014457831325301205 0.015625
1 0.42248995983935744 0.3717830882352941 0.040160642570281124 0.10202205882352941
1 0.2819277108433735 0.15762867647058823 0.011244979919678716 0.019301470588235295
1 0.3 0.15762867647058823 0.012048192771084338 0.017463235294117647
2 0.24819277108433735 0.14705882352941177 0.01606425702811245 0.014705882352941176
2 0.41606425702811245 0.24632352941176472 0.07710843373493977 0.07169117647058823
2 0.26465863453815264 0.16590073529411764 0.02650602409638554 0.02665441176470588
2 0.2891566265060241 0.17784926470588236 0.040160642570281124 0.03768382352941176
2 0.21124497991967872 0.16084558823529413 0.014457831325301205 0.01838235294117647
2 0.2281124497991968 0.16681985294117646 0.01927710843373494 0.021139705882352942
2 0.23373493975903614 0.17325367647058823 0.02248995983935743 0.024816176470588234
2 0.24096385542168675 0.18336397058823528 0.02891566265060241 0.02849264705882353
1 0.20602409638554217 0.21231617647058823 0.015261044176706828 0.03125
1 0.8943775100401606 0.6617647058823529 0.021686746987951807 0.03125
2 0.8734939759036144 0.7477022058823529 0.058634538152610445 0.109375
3 0.7767068273092369 0.47380514705882354 0.02891566265060241 0.03400735294117647
3 0.7943775100401607 0.4834558823529412 0.036947791164658635 0.04411764705882353
3 0.7614457831325301 0.7596507352941176 0.06907630522088354 0.050551470588235295
3 0.6811244979919678 0.2858455882352941 0.01927710843373494 0.02389705882352941
1 0.6995983935742972 0.33455882352941174 0.020883534136546186 0.03125
2 0.8991967871485944 0.7472426470588235 0.03293172690763052 0.06801470588235294
2 0.8803212851405623 0.8386948529411765 0.0321285140562249 0.05606617647058824
1 0.8076305220883534 0.5 0.03614457831325301 0.04411764705882353
1 0.8156626506024096 0.5376838235294118 0.0393574297188755 0.04595588235294118
1 0.8293172690763052 0.5684742647058824 0.0393574297188755 0.04136029411764706
1 0.8116465863453816 0.5891544117647058 0.05060240963855422 0.042279411764705885
1 0.8457831325301205 0.5946691176470589 0.036947791164658635 0.034926470588235295
1 0.8542168674698796 0.6144301470588235 0.03614457831325301 0.035845588235294115
1 0.8056224899598393 0.609375 0.05140562248995984 0.051470588235294115
1 0.8421686746987952 0.6433823529411765 0.04257028112449799 0.05330882352941176
1 0.8365461847389558 0.6727941176470589 0.05381526104417671 0.04779411764705882
1 0.8975903614457831 0.6939338235294118 0.028112449799196786 0.03308823529411765
1 0.8718875502008032 0.6369485294117647 0.02971887550200803 0.04963235294117647
1 0.6196787148594377 0.23529411764705882 0.020080321285140562 0.027573529411764705
