2 0.5060483870967742 0.48943014705882354 0.1975806451612903 0.16084558823529413
2 0.30443548387096775 0.3313419117647059 0.2056451612903226 0.14613970588235295
1 0.7387096774193549 0.9407169117647058 0.04516129032258064 0.03400735294117647
2 0.5024193548387097 0.1792279411764706 0.02258064516129032 0.03125
1 0.4866935483870968 0.18244485294117646 0.013709677419354839 0.02665441176470588
1 0.5262096774193549 0.22380514705882354 0.021774193548387097 0.02849264705882353
1 0.4786290322580645 0.22334558823529413 0.02661290322580645 0.03860294117647059
2 0.4729838709677419 0.14613970588235295 0.01532258064516129 0.01838235294117647
2 0.7205645161290323 0.5776654411764706 0.07016129032258064 0.0818014705882353
1 0.739516129032258 0.8800551470588235 0.05806451612903226 0.06893382352941177
3 0.7834677419354839 0.7389705882352942 0.04435483870967742 0.027573529411764705
4 0.8145161290322581 0.6576286764705882 0.0467741935483871 0.06158088235294118
2 0.7564516129032258 0.4756433823529412 0.04516129032258064 0.05238970588235294
2 0.834274193548387 0.5716911764705882 0.01532258064516129 0.02022058823529412
3 0.7310483870967742 0.4149816176470588 0.021774193548387097 0.02297794117647059
4 0.8080645161290323 0.5105698529411765 0.03870967741935484 0.050551470588235295
