2 0.5276497695852534 0.10294117647058823 0.02488479262672811 0.027573529411764705
2 0.6299539170506913 0.3290441176470588 0.12626728110599078 0.07904411764705882
2 0.7857142857142857 0.31985294117647056 0.08571428571428572 0.06801470588235294
1 0.7806451612903226 0.45174632352941174 0.05714285714285714 0.03400735294117647
1 0.8009216589861751 0.5128676470588235 0.060829493087557605 0.03125
0 0.3101382488479263 0.2610294117647059 0.36589861751152075 0.22242647058823528
2 0.5299539170506913 0.1640625 0.09216589861751152 0.043198529411764705
0 0.06451612903225806 0.42049632352941174 0.09400921658986175 0.08915441176470588
0 0.020737327188940093 0.4774816176470588 0.034101382488479264 0.04503676470588235
1 0.07004608294930875 0.5257352941176471 0.029493087557603687 0.016544117647058824
