2 0.5703125 0.06015625 0.028125 0.0296875
1 0.160546875 0.1953125 0.01953125 0.015625
2 0.570703125 0.059765625 0.02890625 0.03046875
2 0.55 0.018359375 0.015625 0.01328125
2 0.62109375 0.078125 0.0265625 0.028125
1 0.65234375 0.06328125 0.0109375 0.0171875
2 0.534765625 0.0296875 0.01953125 0.01875
2 0.5671875 0.024609375 0.015625 0.01484375
2 0.3125 0.9328125 0.0390625 0.0375
1 0.615234375 0.9125 0.03046875 0.046875
2 0.624609375 0.038671875 0.01484375 0.01640625
2 0.515234375 0.040625 0.02265625 0.0203125
2 0.541015625 0.0546875 0.02734375 0.025
1 0.64140625 0.05859375 0.0109375 0.0171875
2 0.55703125 0.034765625 0.0203125 0.01796875
2 0.9296875 0.32109375 0.021875 0.021875
2 0.4984375 0.05234375 0.0265625 0.025
1 0.439453125 0.075 0.01484375 0.0265625
2 0.483984375 0.0359375 0.02265625 0.01875
1 0.8765625 0.275 0.028125 0.021875
1 0.466796875 0.065234375 0.01328125 0.02890625
1 0.40703125 0.1125 0.0203125 0.0390625
1 0.428125 0.08984375 0.015625 0.0296875
2 0.452734375 0.050390625 0.02890625 0.02578125
1 0.751171875 0.18125 0.03359375 0.03125
1 0.81484375 0.22734375 0.034375 0.025
1 0.213671875 0.717578125 0.03828125 0.04609375
2 0.673828125 0.06640625 0.02265625 0.021875
1 0.3328125 0.190234375 0.0328125 0.05078125
1 0.3828125 0.161328125 0.028125 0.04921875
1 0.2296875 0.79609375 0.034375 0.0453125
2 0.687109375 0.0828125 0.02265625 0.0203125
2 0.51328125 0.08125 0.0375 0.0421875
1 0.2046875 0.219921875 0.0328125 0.02578125
1 0.32734375 0.282421875 0.0421875 0.06484375
2 0.51796875 0.92265625 0.0640625 0.06875
1 0.19453125 0.603125 0.0515625 0.0546875
1 0.2203125 0.441796875 0.05 0.06171875
1 0.2109375 0.203515625 0.03125 0.02578125
2 0.702734375 0.15390625 0.04609375 0.046875
2 0.650390625 0.165625 0.05390625 0.059375
1 0.283984375 0.297265625 0.04140625 0.05859375
2 0.763671875 0.351953125 0.07578125 0.11640625
2 0.259375 0.696875 0.0765625 0.134375
2 0.659765625 0.809375 0.09609375 0.115625
2 0.544140625 0.721875 0.10234375 0.178125
2 0.483203125 0.168359375 0.06015625 0.07109375
2 0.857421875 0.46796875 0.06328125 0.121875
2 0.69375 0.450390625 0.0921875 0.16953125
2 0.819140625 0.62578125 0.08359375 0.1203125
2 0.647265625 0.037109375 0.01484375 0.01484375
2 0.8390625 0.230859375 0.0265625 0.03671875
4 0.6515625 0.9046875 0.08125 0.06875
2 0.56640625 0.928125 0.034375 0.0328125
4 0.324609375 0.8296875 0.10078125 0.171875
