2 0.7487903225806452 0.9379595588235294 0.1153225806451613 0.12224264705882353
1 0.050806451612903224 0.5813419117647058 0.027419354838709678 0.03952205882352941
1 0.08064516129032258 0.5625 0.043548387096774194 0.04595588235294118
1 0.2830645161290323 0.5551470588235294 0.11451612903225807 0.08455882352941177
1 0.6673387096774194 0.19990808823529413 0.050806451612903224 0.05606617647058824
1 0.5512096774193549 0.6089154411764706 0.15080645161290324 0.10018382352941177
1 0.885483870967742 0.4508272058823529 0.0467741935483871 0.06341911764705882
1 0.8201612903225807 0.4572610294117647 0.05967741935483871 0.07628676470588236
1 0.847983870967742 0.49356617647058826 0.05403225806451613 0.06433823529411764
1 0.8705645161290323 0.46875 0.03790322580645161 0.058823529411764705
1 0.896774193548387 0.5142463235294118 0.056451612903225805 0.04871323529411765
1 0.9112903225806451 0.5404411764705882 0.0467741935483871 0.04963235294117647
1 0.8875 0.5459558823529411 0.050806451612903224 0.07169117647058823
1 0.8991935483870968 0.5997242647058824 0.054838709677419356 0.06525735294117647
2 0.4774193548387097 0.08363970588235294 0.03064516129032258 0.02389705882352941
2 0.49516129032258066 0.1135110294117647 0.06935483870967742 0.03952205882352941
1 0.9245967741935484 0.6567095588235294 0.042741935483870966 0.06158088235294118
0 0.8318548387096775 0.9053308823529411 0.16048387096774194 0.1875
