2 0.29878048780487804 0.17830882352941177 0.034959349593495934 0.03860294117647059
1 0.8699186991869918 0.6162683823529411 0.03739837398373984 0.043198529411764705
1 0.7386178861788618 0.7049632352941176 0.08048780487804878 0.10110294117647059
1 0.8471544715447155 0.7022058823529411 0.05040650406504065 0.05698529411764706
1 0.8735772357723577 0.6323529411764706 0.038211382113821135 0.042279411764705885
2 0.3967479674796748 0.1640625 0.04227642276422764 0.03768382352941176
1 0.49552845528455286 0.18566176470588236 0.028455284552845527 0.03308823529411765
2 0.3556910569105691 0.2568933823529412 0.15203252032520326 0.08363970588235294
2 0.37886178861788616 0.20542279411764705 0.13170731707317074 0.06158088235294118
2 0.20447154471544715 0.2775735294117647 0.0886178861788618 0.07536764705882353
0 0.12764227642276424 0.4021139705882353 0.2032520325203252 0.28952205882352944
1 0.693089430894309 0.23115808823529413 0.023577235772357725 0.02665441176470588
1 0.6365853658536585 0.2270220588235294 0.02926829268292683 0.03125
2 0.5597560975609757 0.2555147058823529 0.12764227642276424 0.07904411764705882
2 0.6971544715447154 0.2780330882352941 0.07560975609756097 0.05606617647058824
1 0.8004065040650407 0.38556985294117646 0.028455284552845527 0.035845588235294115
2 0.8223577235772358 0.3005514705882353 0.01869918699186992 0.022058823529411766
2 0.776829268292683 0.2927389705882353 0.038211382113821135 0.03216911764705882
4 0.13455284552845528 0.25137867647058826 0.06747967479674796 0.07261029411764706
1 0.5369918699186992 0.20082720588235295 0.03983739837398374 0.035845588235294115
