2 0.4736111111111111 0.07077205882352941 0.075 0.05698529411764706
2 0.01990740740740741 0.5965073529411765 0.028703703703703703 0.03860294117647059
4 0.1574074074074074 0.1130514705882353 0.024074074074074074 0.022058823529411766
2 0.7430555555555556 0.1332720588235294 0.0712962962962963 0.051470588235294115
2 0.19814814814814816 0.07950367647058823 0.018518518518518517 0.021139705882352942
1 0.3282407407407407 0.17876838235294118 0.049074074074074076 0.06709558823529412
1 0.21944444444444444 0.07950367647058823 0.012962962962962963 0.017463235294117647
1 0.22685185185185186 0.17325367647058823 0.03333333333333333 0.035845588235294115
1 0.20601851851851852 0.09834558823529412 0.013888888888888888 0.016544117647058824
2 0.19953703703703704 0.09696691176470588 0.019444444444444445 0.02297794117647059
2 0.15046296296296297 0.12775735294117646 0.017592592592592594 0.016544117647058824
2 0.14212962962962963 0.14154411764705882 0.019444444444444445 0.02022058823529412
1 0.10925925925925926 0.17095588235294118 0.011111111111111112 0.012867647058823529
2 0.10092592592592593 0.19439338235294118 0.020370370370370372 0.02665441176470588
4 0.12731481481481483 0.1636029411764706 0.026851851851851852 0.029411764705882353
2 0.060648148148148145 0.265625 0.021296296296296296 0.029411764705882353
2 0.05555555555555555 0.6810661764705882 0.03148148148148148 0.03308823529411765
2 0.0962962962962963 0.6410845588235294 0.06666666666666667 0.09466911764705882
2 0.5402777777777777 0.9526654411764706 0.062037037037037036 0.03400735294117647
