2 0.7165322580645161 0.40625 0.0814516129032258 0.09191176470588236
1 0.17096774193548386 0.6847426470588235 0.07903225806451612 0.0661764705882353
1 0.7217741935483871 0.36994485294117646 0.02258064516129032 0.024816176470588234
1 0.8076612903225806 0.5409007352941176 0.04596774193548387 0.03768382352941176
1 0.8088709677419355 0.5625 0.0467741935483871 0.042279411764705885
1 0.7963709677419355 0.5877757352941176 0.05241935483870968 0.046875
1 0.7911290322580645 0.6337316176470589 0.05806451612903226 0.05974264705882353
1 0.5733870967741935 0.40027573529411764 0.0532258064516129 0.0818014705882353
1 0.6693548387096774 0.5142463235294118 0.054838709677419356 0.09466911764705882
1 0.2584677419354839 0.7228860294117647 0.07016129032258064 0.13878676470588236
1 0.8302419354838709 0.7077205882352942 0.055645161290322584 0.06066176470588235
1 0.8366935483870968 0.7490808823529411 0.04596774193548387 0.05514705882352941
1 0.7778225806451613 0.7550551470588235 0.06370967741935483 0.07628676470588236
1 0.5903225806451613 0.23161764705882354 0.024193548387096774 0.029411764705882353
1 0.5556451612903226 0.20496323529411764 0.024193548387096774 0.025735294117647058
1 0.4338709677419355 0.18428308823529413 0.025806451612903226 0.02849264705882353
2 0.8681451612903226 0.6980698529411765 0.050806451612903224 0.08363970588235294
2 0.8564516129032258 0.7573529411764706 0.05161290322580645 0.09926470588235294
2 0.5141129032258065 0.20863970588235295 0.075 0.03860294117647059
2 0.3717741935483871 0.18290441176470587 0.08387096774193549 0.042279411764705885
2 0.8233870967741935 0.5330882352941176 0.07580645161290323 0.09375
2 0.2794354838709677 0.18060661764705882 0.03951612903225806 0.030330882352941176
1 0.30201612903225805 0.19347426470588236 0.02338709677419355 0.02665441176470588
1 0.25443548387096776 0.19071691176470587 0.013709677419354839 0.024816176470588234
2 0.6366935483870968 0.22380514705882354 0.028225806451612902 0.02297794117647059
1 0.19475806451612904 0.21553308823529413 0.013709677419354839 0.02849264705882353
