2 0.9848958333333333 0.48723958333333334 0.016666666666666666 0.021354166666666667
2 0.9770833333333333 0.47317708333333336 0.019791666666666666 0.0296875
2 0.8888020833333333 0.22708333333333333 0.024479166666666666 0.01875
3 0.20260416666666667 0.13515625 0.01875 0.0234375
2 0.04348958333333333 0.2721354166666667 0.0171875 0.019270833333333334
2 0.07838541666666667 0.25 0.033854166666666664 0.030208333333333334
1 0.034375 0.31223958333333335 0.016666666666666666 0.0078125
1 0.15390625 0.34817708333333336 0.049479166666666664 0.027604166666666666
2 0.06041666666666667 0.2609375 0.01875 0.025
4 0.0203125 0.28125 0.027083333333333334 0.029166666666666667
2 0.053125 0.23359375 0.014583333333333334 0.0171875
2 0.09921875 0.196875 0.025520833333333333 0.026041666666666668
2 0.9794270833333333 0.5705729166666667 0.016145833333333335 0.025520833333333333
2 0.9640625 0.60859375 0.016666666666666666 0.0203125
2 0.9252604166666667 0.5755208333333334 0.03177083333333333 0.040625
2 0.5963541666666666 0.01953125 0.040625 0.034895833333333334
1 0.9169270833333333 0.40729166666666666 0.034895833333333334 0.027083333333333334
1 0.5208333333333334 0.009635416666666667 0.011458333333333333 0.018229166666666668
2 0.5765625 0.012239583333333333 0.026041666666666668 0.0234375
1 0.013802083333333333 0.30234375 0.011979166666666667 0.0109375
1 0.7994791666666666 0.08958333333333333 0.011458333333333333 0.017708333333333333
