2 0.484765625 0.034375 0.02109375 0.015625
2 0.505078125 0.0484375 0.02265625 0.021875
2 0.8375 0.23203125 0.028125 0.0328125
2 0.505859375 0.0234375 0.01640625 0.0140625
1 0.817578125 0.373828125 0.03671875 0.03828125
2 0.51328125 0.0375 0.0203125 0.01875
2 0.52265625 0.9640625 0.0390625 0.0375
1 0.486328125 0.06171875 0.01328125 0.0265625
2 0.646484375 0.03671875 0.01484375 0.0140625
2 0.54609375 0.02890625 0.025 0.025
2 0.525 0.033203125 0.015625 0.01640625
2 0.82578125 0.62421875 0.0703125 0.1203125
1 0.50546875 0.06015625 0.0140625 0.0265625
1 0.4453125 0.064453125 0.0125 0.02265625
1 0.52109375 0.0625 0.0125 0.0265625
2 0.570703125 0.06015625 0.02890625 0.0296875
1 0.181640625 0.216796875 0.02890625 0.02265625
1 0.471875 0.068359375 0.0125 0.02734375
2 0.9296875 0.32109375 0.021875 0.021875
1 0.455859375 0.06640625 0.01171875 0.0234375
1 0.538671875 0.065625 0.01328125 0.025
1 0.7828125 0.6328125 0.053125 0.0578125
2 0.53828125 0.05 0.0296875 0.025
2 0.45234375 0.050390625 0.028125 0.02578125
1 0.796875 0.362890625 0.046875 0.04609375
1 0.437109375 0.090234375 0.01640625 0.03203125
2 0.67421875 0.06640625 0.021875 0.0203125
4 0.591796875 0.853125 0.07890625 0.078125
2 0.687109375 0.0828125 0.02265625 0.0203125
1 0.73828125 0.756640625 0.0453125 0.06015625
1 0.758203125 0.702734375 0.04609375 0.05546875
2 0.653125 0.730859375 0.121875 0.17578125
2 0.857421875 0.467578125 0.06328125 0.12265625
2 0.543359375 0.721875 0.10078125 0.18125
1 0.881640625 0.26640625 0.01953125 0.0234375
2 0.66484375 0.825 0.0828125 0.1015625
4 0.65234375 0.9046875 0.0859375 0.071875
2 0.577734375 0.92421875 0.04765625 0.0484375
2 0.483984375 0.956640625 0.04140625 0.03984375
2 0.50859375 0.92890625 0.0359375 0.04375
