1 0.41646586345381525 0.18979779411764705 0.016867469879518072 0.024816176470588234
1 0.40441767068273093 0.1870404411764706 0.012048192771084338 0.02297794117647059
1 0.39397590361445783 0.18336397058823528 0.012048192771084338 0.030330882352941176
1 0.38032128514056224 0.17601102941176472 0.013654618473895583 0.024816176470588234
1 0.3682730923694779 0.17463235294117646 0.013654618473895583 0.02022058823529412
1 0.3614457831325301 0.18520220588235295 0.01285140562248996 0.02297794117647059
1 0.3485943775100402 0.18841911764705882 0.011244979919678716 0.02022058823529412
1 0.3333333333333333 0.18428308823529413 0.017670682730923693 0.02849264705882353
1 0.5481927710843374 0.22977941176470587 0.02650602409638554 0.025735294117647058
1 0.25622489959839356 0.22242647058823528 0.020883534136546186 0.03860294117647059
1 0.1678714859437751 0.24632352941176472 0.017670682730923693 0.04044117647058824
1 0.15220883534136545 0.25275735294117646 0.016867469879518072 0.03308823529411765
1 0.14216867469879518 0.25735294117647056 0.014457831325301205 0.03676470588235294
1 0.12329317269076305 0.2697610294117647 0.018473895582329317 0.035845588235294115
1 0.10682730923694779 0.27941176470588236 0.014457831325301205 0.03308823529411765
1 0.0963855421686747 0.2913602941176471 0.01285140562248996 0.02389705882352941
2 0.8008032128514057 0.3874080882352941 0.02248995983935743 0.03400735294117647
1 0.6927710843373494 0.2734375 0.015261044176706828 0.017463235294117647
1 0.6453815261044177 0.2578125 0.018473895582329317 0.021139705882352942
3 0.8389558232931726 0.5850183823529411 0.018473895582329317 0.015625
3 0.7959839357429719 0.390625 0.017670682730923693 0.03125
1 0.727710843373494 0.4342830882352941 0.030522088353413655 0.050551470588235295
1 0.6863453815261045 0.41268382352941174 0.03775100401606426 0.04595588235294118
1 0.41847389558232934 0.38465073529411764 0.08353413654618475 0.08547794117647059
1 0.6389558232931727 0.5193014705882353 0.06345381526104418 0.07536764705882353
1 0.3244979919678715 0.49172794117647056 0.09477911646586346 0.09375
1 0.20562248995983937 0.6364889705882353 0.09799196787148594 0.09099264705882353
