2 0.30121951219512194 0.1796875 0.036585365853658534 0.03400735294117647
2 0.39796747967479673 0.16544117647058823 0.034959349593495934 0.03308823529411765
2 0.483739837398374 0.16636029411764705 0.03414634146341464 0.029411764705882353
1 0.3410569105691057 0.18658088235294118 0.02195121951219512 0.04044117647058824
1 0.3065040650406504 0.1957720588235294 0.01788617886178862 0.029411764705882353
1 0.2821138211382114 0.4618566176470588 0.0910569105691057 0.09650735294117647
1 0.20284552845528456 0.2192095588235294 0.028455284552845527 0.046875
2 0.7540650406504065 0.2881433823529412 0.04959349593495935 0.046875
1 0.4 0.23345588235294118 0.055284552845528454 0.04963235294117647
1 0.34796747967479674 0.21783088235294118 0.04552845528455285 0.04963235294117647
1 0.4540650406504065 0.1948529411764706 0.03983739837398374 0.04411764705882353
1 0.5207317073170732 0.19761029411764705 0.03983739837398374 0.04595588235294118
1 0.5699186991869919 0.20818014705882354 0.03414634146341464 0.030330882352941176
1 0.5910569105691057 0.24356617647058823 0.04878048780487805 0.04779411764705882
1 0.8731707317073171 0.6199448529411765 0.04552845528455285 0.06709558823529412
2 0.7967479674796748 0.2766544117647059 0.01788617886178862 0.01838235294117647
2 0.7849593495934959 0.29549632352941174 0.02195121951219512 0.024816176470588234
2 0.8296747967479675 0.30330882352941174 0.015447154471544716 0.01838235294117647
2 0.8150406504065041 0.3056066176470588 0.02032520325203252 0.02297794117647059
1 0.23983739837398374 0.20772058823529413 0.02113821138211382 0.03676470588235294
1 0.7459349593495935 0.2541360294117647 0.01707317073170732 0.019301470588235295
1 0.7313008130081301 0.2532169117647059 0.01869918699186992 0.021139705882352942
1 0.7012195121951219 0.24770220588235295 0.026829268292682926 0.03216911764705882
1 0.6691056910569105 0.22472426470588236 0.02113821138211382 0.024816176470588234
1 0.6439024390243903 0.23575367647058823 0.02926829268292683 0.03216911764705882
