2 0.8046875 0.12729779411764705 0.04479166666666667 0.07996323529411764
1 0.1109375 0.8920036764705882 0.03854166666666667 0.10753676470588236
1 0.02578125 0.8409926470588235 0.0265625 0.07536764705882353
1 0.04973958333333333 0.8465073529411765 0.03177083333333333 0.0974264705882353
2 0.0765625 0.2679227941176471 0.03125 0.06709558823529412
3 0.334375 0.05330882352941176 0.014583333333333334 0.05514705882352941
3 0.8065104166666667 0.4420955882352941 0.044270833333333336 0.07904411764705882
3 0.8190104166666666 0.4724264705882353 0.0484375 0.07904411764705882
1 0.8265625 0.16819852941176472 0.014583333333333334 0.027573529411764705
1 0.8666666666666667 0.5188419117647058 0.036458333333333336 0.06893382352941177
2 0.009895833333333333 0.6397058823529411 0.01875 0.0661764705882353
1 0.8703125 0.2265625 0.010416666666666666 0.021139705882352942
