1 0.16265060240963855 0.359375 0.0714859437751004 0.0900735294117647
1 0.24819277108433735 0.7950367647058824 0.10120481927710843 0.1213235294117647
3 0.3457831325301205 0.8198529411764706 0.060240963855421686 0.06985294117647059
2 0.3682730923694779 0.14338235294117646 0.04417670682730924 0.025735294117647058
1 0.516867469879518 0.21966911764705882 0.028112449799196786 0.03308823529411765
1 0.4389558232931727 0.2835477941176471 0.04096385542168675 0.06158088235294118
1 0.3759036144578313 0.2835477941176471 0.046586345381526104 0.06709558823529412
2 0.42088353413654617 0.16222426470588236 0.05140562248995984 0.02849264705882353
2 0.7931726907630522 0.45450367647058826 0.05381526104417671 0.07261029411764706
1 0.5783132530120482 0.20909926470588236 0.01606425702811245 0.021139705882352942
1 0.6008032128514056 0.2104779411764706 0.01606425702811245 0.01838235294117647
1 0.6461847389558233 0.2109375 0.012048192771084338 0.019301470588235295
1 0.565863453815261 0.2261029411764706 0.023293172690763052 0.022058823529411766
1 0.5919678714859438 0.22748161764705882 0.01606425702811245 0.021139705882352942
2 0.5449799196787148 0.24908088235294118 0.06345381526104418 0.04963235294117647
2 0.5020080321285141 0.29963235294117646 0.078714859437751 0.09191176470588236
2 0.6738955823293172 0.2261029411764706 0.02248995983935743 0.022058823529411766
2 0.6654618473895583 0.22886029411764705 0.024899598393574297 0.027573529411764705
2 0.623293172690763 0.22977941176470587 0.03855421686746988 0.03308823529411765
1 0.6518072289156627 0.23713235294117646 0.015261044176706828 0.02022058823529412
1 0.6807228915662651 0.27389705882352944 0.018473895582329317 0.02389705882352941
1 0.6028112449799197 0.24034926470588236 0.018473895582329317 0.024816176470588234
1 0.5887550200803213 0.24770220588235295 0.020883534136546186 0.030330882352941176
2 0.6642570281124498 0.25643382352941174 0.0321285140562249 0.03125
2 0.6305220883534136 0.28952205882352944 0.043373493975903614 0.05514705882352941
1 0.7594377510040161 0.45818014705882354 0.04899598393574297 0.05422794117647059
1 0.7040160642570281 0.46277573529411764 0.04417670682730924 0.06525735294117647
1 0.7469879518072289 0.5482536764705882 0.05783132530120482 0.08547794117647059
2 0.6124497991967871 0.359375 0.07791164658634538 0.09926470588235294
2 0.553012048192771 0.7095588235294118 0.20803212851405622 0.32536764705882354
2 0.2923694779116466 0.18198529411764705 0.036947791164658635 0.03308823529411765
1 0.2855421686746988 0.14751838235294118 0.012048192771084338 0.017463235294117647
1 0.3004016064257028 0.15027573529411764 0.011244979919678716 0.015625
1 0.3325301204819277 0.16084558823529413 0.01927710843373494 0.025735294117647058
2 0.2678714859437751 0.16727941176470587 0.02650602409638554 0.025735294117647058
1 0.26385542168674697 0.18520220588235295 0.015261044176706828 0.024816176470588234
2 0.23132530120481928 0.17049632352941177 0.02570281124497992 0.02297794117647059
2 0.23694779116465864 0.17325367647058823 0.020883534136546186 0.024816176470588234
2 0.20602409638554217 0.17784926470588236 0.018473895582329317 0.02665441176470588
2 0.2397590361445783 0.18474264705882354 0.02971887550200803 0.029411764705882353
1 0.20642570281124498 0.20772058823529413 0.01606425702811245 0.03308823529411765
1 0.22208835341365463 0.20450367647058823 0.013654618473895583 0.02665441176470588
1 0.18995983935742972 0.20955882352941177 0.012048192771084338 0.022058823529411766
2 0.87429718875502 0.7458639705882353 0.058634538152610445 0.109375
3 0.691566265060241 0.30974264705882354 0.01927710843373494 0.03676470588235294
1 0.6995983935742972 0.33455882352941174 0.020883534136546186 0.03125
2 0.8975903614457831 0.7490808823529411 0.03132530120481928 0.06433823529411764
2 0.9016064257028112 0.8019301470588235 0.023293172690763052 0.04503676470588235
2 0.8811244979919679 0.8386948529411765 0.0321285140562249 0.05606617647058824
1 0.8112449799196787 0.5321691176470589 0.04176706827309237 0.03125
1 0.8196787148594378 0.5606617647058824 0.04738955823293173 0.03308823529411765
1 0.8184738955823293 0.5859375 0.05301204819277108 0.030330882352941176
1 0.810843373493976 0.6020220588235294 0.0570281124497992 0.04044117647058824
1 0.8060240963855422 0.6374080882352942 0.061847389558232935 0.05238970588235294
1 0.8373493975903614 0.6663602941176471 0.04899598393574297 0.04963235294117647
1 0.8024096385542169 0.8570772058823529 0.05622489959839357 0.057904411764705885
1 0.844578313253012 0.8717830882352942 0.0393574297188755 0.050551470588235295
1 0.8947791164658635 0.6943933823529411 0.02891566265060241 0.03216911764705882
2 0.6795180722891566 0.21737132352941177 0.01606425702811245 0.017463235294117647
1 0.5646586345381526 0.21323529411764705 0.017670682730923693 0.022058823529411766
1 0.8530120481927711 0.5799632352941176 0.030522088353413655 0.029411764705882353
1 0.8682730923694779 0.6783088235294118 0.024096385542168676 0.03676470588235294
1 0.8775100401606426 0.6337316176470589 0.028112449799196786 0.024816176470588234
1 0.87429718875502 0.6516544117647058 0.02650602409638554 0.02389705882352941
1 0.8481927710843373 0.6332720588235294 0.033734939759036145 0.03125
