2 0.8041666666666667 0.12683823529411764 0.04583333333333333 0.08088235294117647
1 0.11145833333333334 0.8924632352941176 0.03854166666666667 0.10661764705882353
1 0.02578125 0.8409926470588235 0.025520833333333333 0.07536764705882353
1 0.05026041666666667 0.8465073529411765 0.0296875 0.09558823529411764
2 0.0765625 0.26838235294117646 0.03125 0.06801470588235294
1 0.8265625 0.16773897058823528 0.014583333333333334 0.02665441176470588
1 0.6658854166666667 0.051011029411764705 0.0328125 0.04871323529411765
1 0.040364583333333336 0.5873161764705882 0.028645833333333332 0.04779411764705882
1 0.020052083333333335 0.6397058823529411 0.0234375 0.03308823529411765
1 0.03333333333333333 0.6999080882352942 0.030208333333333334 0.046875
1 0.017708333333333333 0.5868566176470589 0.020833333333333332 0.035845588235294115
1 0.0125 0.6424632352941176 0.020833333333333332 0.03308823529411765
1 0.005729166666666666 0.6856617647058824 0.010416666666666666 0.025735294117647058
1 0.018229166666666668 0.703125 0.021875 0.04044117647058824
1 0.00546875 0.7293198529411765 0.009895833333333333 0.02297794117647059
1 0.020052083333333335 0.7591911764705882 0.0265625 0.03308823529411765
2 0.012760416666666666 0.5657169117647058 0.0234375 0.06525735294117647
3 0.32760416666666664 0.050551470588235295 0.015625 0.05698529411764706
