3 0.8934959349593496 0.5165441176470589 0.04065040650406504 0.06985294117647059
3 0.8589430894308943 0.5868566176470589 0.05609756097560976 0.078125
3 0.9573170731707317 0.5087316176470589 0.02032520325203252 0.035845588235294115
3 0.967479674796748 0.5160845588235294 0.024390243902439025 0.03768382352941176
0 0.865040650406504 0.24724264705882354 0.04552845528455285 0.05514705882352941
2 0.3800813008130081 0.9646139705882353 0.14065040650406505 0.06893382352941177
1 0.183739837398374 0.9048713235294118 0.05365853658536585 0.06893382352941177
1 0.21544715447154472 0.9356617647058824 0.06504065040650407 0.07720588235294118
1 0.25853658536585367 0.9586397058823529 0.056910569105691054 0.07169117647058823
1 0.49146341463414633 0.16911764705882354 0.023577235772357725 0.029411764705882353
1 0.4402439024390244 0.17463235294117646 0.026829268292682926 0.034926470588235295
1 0.7146341463414634 0.30193014705882354 0.06341463414634146 0.06341911764705882
1 0.5422764227642276 0.15900735294117646 0.024390243902439025 0.034926470588235295
2 0.6284552845528455 0.18152573529411764 0.07804878048780488 0.03768382352941176
2 0.7479674796747967 0.22288602941176472 0.06341463414634146 0.04136029411764706
2 0.8142276422764227 0.24816176470588236 0.05121951219512195 0.03676470588235294
2 0.8630081300813008 0.27297794117647056 0.034959349593495934 0.034926470588235295
3 0.07195121951219512 0.59375 0.03008130081300813 0.04411764705882353
1 0.07439024390243902 0.45588235294117646 0.02195121951219512 0.03125
1 0.06707317073170732 0.5271139705882353 0.025203252032520326 0.043198529411764705
