2 0.7165322580645161 0.4053308823529412 0.0814516129032258 0.09375
1 0.17096774193548386 0.6847426470588235 0.07903225806451612 0.0661764705882353
1 0.7209677419354839 0.3694852941176471 0.024193548387096774 0.025735294117647058
1 0.3943548387096774 0.8088235294117647 0.12903225806451613 0.11397058823529412
1 0.3858870967741935 0.9223345588235294 0.08790322580645162 0.10386029411764706
2 0.3379032258064516 0.18106617647058823 0.04838709677419355 0.03308823529411765
2 0.8278225806451613 0.6649816176470589 0.07822580645161291 0.1332720588235294
2 0.2754032258064516 0.26746323529411764 0.075 0.09375
2 0.2794354838709677 0.17738970588235295 0.03951612903225806 0.03125
1 0.30362903225806454 0.1870404411764706 0.020161290322580645 0.02849264705882353
1 0.33225806451612905 0.20174632352941177 0.027419354838709678 0.043198529411764705
1 0.36008064516129035 0.22196691176470587 0.031451612903225803 0.04503676470588235
1 0.2786290322580645 0.19117647058823528 0.020161290322580645 0.03308823529411765
2 0.6338709677419355 0.22104779411764705 0.027419354838709678 0.02665441176470588
2 0.6580645161290323 0.22012867647058823 0.027419354838709678 0.03216911764705882
1 0.584274193548387 0.20772058823529413 0.013709677419354839 0.02022058823529412
1 0.6254032258064516 0.23253676470588236 0.01532258064516129 0.02022058823529412
1 0.6399193548387097 0.23621323529411764 0.01532258064516129 0.01838235294117647
3 0.6596774193548387 0.27849264705882354 0.01935483870967742 0.02389705882352941
