1 0.08629032258064516 0.6277573529411765 0.08709677419354839 0.08455882352941177
1 0.0935483870967742 0.7210477941176471 0.09032258064516129 0.07628676470588236
2 0.11693548387096774 0.33409926470588236 0.06774193548387097 0.09650735294117647
1 0.1342741935483871 0.3828125 0.06048387096774194 0.08363970588235294
2 0.8233870967741935 0.5436580882352942 0.014516129032258065 0.02665441176470588
2 0.7794354838709677 0.5027573529411765 0.031451612903225803 0.034926470588235295
1 0.8048387096774193 0.5877757352941176 0.025806451612903226 0.02665441176470588
2 0.8096774193548387 0.6599264705882353 0.03387096774193549 0.04595588235294118
1 0.7471774193548387 0.4554227941176471 0.028225806451612902 0.02297794117647059
4 0.8032258064516129 0.5036764705882353 0.03870967741935484 0.05330882352941176
3 0.4020161290322581 0.14659926470588236 0.018548387096774192 0.02665441176470588
3 0.7657258064516129 0.8869485294117647 0.042741935483870966 0.027573529411764705
0 0.05120967741935484 0.4765625 0.06854838709677419 0.1957720588235294
1 0.8225806451612904 0.6176470588235294 0.017741935483870968 0.01838235294117647
