2 0.7673469387755102 0.33409926470588236 0.014693877551020407 0.019301470588235295
2 0.7510204081632653 0.3290441176470588 0.022857142857142857 0.022058823529411766
3 0.13714285714285715 0.36994485294117646 0.02122448979591837 0.057904411764705885
2 0.5779591836734694 0.22840073529411764 0.019591836734693877 0.013786764705882353
2 0.10163265306122449 0.4250919117647059 0.05795918367346939 0.13694852941176472
3 0.19510204081632654 0.25735294117647056 0.009795918367346938 0.025735294117647058
4 0.4648979591836735 0.21966911764705882 0.07918367346938776 0.03676470588235294
2 0.45510204081632655 0.24540441176470587 0.07591836734693877 0.034926470588235295
2 0.7306122448979592 0.35202205882352944 0.05551020408163265 0.04595588235294118
2 0.6448979591836734 0.31433823529411764 0.0783673469387755 0.05698529411764706
2 0.7334693877551021 0.3805147058823529 0.06612244897959184 0.05698529411764706
1 0.8130612244897959 0.4728860294117647 0.031020408163265307 0.04871323529411765
1 0.7775510204081633 0.45818014705882354 0.036734693877551024 0.05974264705882353
