2 0.2995934959349594 0.1792279411764706 0.03170731707317073 0.034926470588235295
2 0.3983739837398374 0.16498161764705882 0.03739837398373984 0.02849264705882353
1 0.8691056910569106 0.6217830882352942 0.03577235772357724 0.050551470588235295
1 0.8479674796747968 0.7081801470588235 0.04390243902439024 0.04503676470588235
1 0.8577235772357723 0.6654411764705882 0.04227642276422764 0.03676470588235294
3 0.8089430894308943 0.5317095588235294 0.03577235772357724 0.04136029411764706
2 0.3886178861788618 0.3405330882352941 0.1983739837398374 0.12408088235294118
1 0.7902439024390244 0.3694852941176471 0.02926829268292683 0.03860294117647059
1 0.11788617886178862 0.4572610294117647 0.061788617886178863 0.06158088235294118
1 0.13495934959349593 0.7063419117647058 0.07479674796747968 0.05974264705882353
4 0.14227642276422764 0.2532169117647059 0.07154471544715447 0.08915441176470588
2 0.8455284552845529 0.32215073529411764 0.014634146341463415 0.02297794117647059
1 0.85 0.3717830882352941 0.01707317073170732 0.02849264705882353
