1 0.41606425702811245 0.18933823529411764 0.01606425702811245 0.025735294117647058
1 0.40562248995983935 0.1875 0.01285140562248996 0.02389705882352941
1 0.39397590361445783 0.18336397058823528 0.012048192771084338 0.030330882352941176
1 0.3791164658634538 0.17647058823529413 0.01285140562248996 0.02389705882352941
1 0.3686746987951807 0.17417279411764705 0.01285140562248996 0.021139705882352942
1 0.3614457831325301 0.18382352941176472 0.01285140562248996 0.02389705882352941
1 0.348995983935743 0.18841911764705882 0.012048192771084338 0.02022058823529412
1 0.3333333333333333 0.18428308823529413 0.017670682730923693 0.030330882352941176
1 0.5477911646586345 0.22931985294117646 0.02570281124497992 0.02665441176470588
1 0.39437751004016064 0.21277573529411764 0.035341365461847386 0.035845588235294115
1 0.25542168674698795 0.22242647058823528 0.020883534136546186 0.03860294117647059
1 0.1678714859437751 0.24816176470588236 0.01606425702811245 0.042279411764705885
1 0.15261044176706828 0.2532169117647059 0.017670682730923693 0.03400735294117647
1 0.142570281124498 0.2578125 0.013654618473895583 0.03768382352941176
1 0.12369477911646587 0.2697610294117647 0.017670682730923693 0.035845588235294115
1 0.10803212851405622 0.27849264705882354 0.015261044176706828 0.03308823529411765
1 0.09598393574297188 0.29181985294117646 0.012048192771084338 0.02297794117647059
2 0.8008032128514057 0.38786764705882354 0.02248995983935743 0.034926470588235295
1 0.6919678714859437 0.2734375 0.015261044176706828 0.017463235294117647
1 0.6449799196787148 0.2587316176470588 0.01927710843373494 0.021139705882352942
2 0.7923694779116466 0.3400735294117647 0.013654618473895583 0.014705882352941176
1 0.5156626506024097 0.23069852941176472 0.030522088353413655 0.03125
1 0.7160642570281125 0.296875 0.012048192771084338 0.01838235294117647
1 0.7522088353413655 0.32077205882352944 0.012048192771084338 0.016544117647058824
1 0.6072289156626506 0.71875 0.0963855421686747 0.06801470588235294
2 0.706425702811245 0.3506433823529412 0.05381526104417671 0.05422794117647059
1 0.7690763052208835 0.3625919117647059 0.015261044176706828 0.024816176470588234
