1 0.41526104417670684 0.19209558823529413 0.014457831325301205 0.022058823529411766
1 0.40522088353413654 0.19025735294117646 0.010441767068273093 0.02389705882352941
1 0.39397590361445783 0.18520220588235295 0.013654618473895583 0.02849264705882353
1 0.378714859437751 0.17509191176470587 0.013654618473895583 0.02297794117647059
1 0.3670682730923695 0.17509191176470587 0.011244979919678716 0.02297794117647059
1 0.3606425702811245 0.1875 0.01285140562248996 0.022058823529411766
1 0.3481927710843373 0.1879595588235294 0.012048192771084338 0.02297794117647059
1 0.3333333333333333 0.18474264705882354 0.01927710843373494 0.029411764705882353
1 0.25582329317269076 0.22288602941176472 0.021686746987951807 0.043198529411764705
1 0.16546184738955824 0.24586397058823528 0.020883534136546186 0.04136029411764706
1 0.142570281124498 0.2587316176470588 0.013654618473895583 0.03952205882352941
1 0.12248995983935743 0.26838235294117646 0.012048192771084338 0.034926470588235295
1 0.10722891566265061 0.2821691176470588 0.013654618473895583 0.027573529411764705
1 0.09598393574297188 0.2881433823529412 0.010441767068273093 0.02297794117647059
1 0.5465863453815261 0.23023897058823528 0.02971887550200803 0.02665441176470588
2 0.7863453815261044 0.32306985294117646 0.014457831325301205 0.013786764705882353
2 0.7646586345381526 0.3157169117647059 0.01285140562248996 0.015625
2 0.7196787148594378 0.3023897058823529 0.02570281124497992 0.027573529411764705
1 0.7939759036144578 0.34237132352941174 0.008835341365461847 0.01011029411764706
1 0.8024096385542169 0.35018382352941174 0.008032128514056224 0.011029411764705883
1 0.7927710843373494 0.3708639705882353 0.00963855421686747 0.017463235294117647
3 0.7931726907630522 0.5119485294117647 0.028112449799196786 0.04411764705882353
3 0.7943775100401607 0.41681985294117646 0.01606425702811245 0.02849264705882353
2 0.4433734939759036 0.18979779411764705 0.046586345381526104 0.050551470588235295
1 0.18473895582329317 0.2766544117647059 0.04497991967871486 0.06433823529411764
1 0.21887550200803213 0.4742647058823529 0.08433734939759036 0.0900735294117647
1 0.6923694779116466 0.27159926470588236 0.01927710843373494 0.021139705882352942
1 0.697991967871486 0.32169117647058826 0.01927710843373494 0.027573529411764705
1 0.6449799196787148 0.2578125 0.020883534136546186 0.024816176470588234
