1 0.41606425702811245 0.19117647058823528 0.017670682730923693 0.02389705882352941
1 0.40441767068273093 0.1875 0.012048192771084338 0.022058823529411766
1 0.39357429718875503 0.18382352941176472 0.011244979919678716 0.03125
1 0.38032128514056224 0.17693014705882354 0.013654618473895583 0.02665441176470588
1 0.3682730923694779 0.17509191176470587 0.015261044176706828 0.019301470588235295
1 0.36224899598393573 0.18612132352941177 0.01285140562248996 0.021139705882352942
1 0.3481927710843373 0.18658088235294118 0.010441767068273093 0.02389705882352941
1 0.3329317269076305 0.18566176470588236 0.016867469879518072 0.027573529411764705
1 0.5481927710843374 0.22977941176470587 0.028112449799196786 0.02389705882352941
1 0.25662650602409637 0.22242647058823528 0.020080321285140562 0.03860294117647059
1 0.16666666666666666 0.24402573529411764 0.018473895582329317 0.03952205882352941
1 0.15180722891566265 0.25275735294117646 0.01606425702811245 0.03125
1 0.14216867469879518 0.25735294117647056 0.014457831325301205 0.03676470588235294
1 0.12248995983935743 0.27068014705882354 0.020080321285140562 0.035845588235294115
1 0.10602409638554217 0.2803308823529412 0.014457831325301205 0.03308823529411765
1 0.09598393574297188 0.29044117647058826 0.013654618473895583 0.02389705882352941
1 0.14096385542168674 0.6263786764705882 0.07630522088353414 0.08915441176470588
1 0.19558232931726907 0.7095588235294118 0.09558232931726908 0.08455882352941177
1 0.1755020080321285 0.8056066176470589 0.08112449799196787 0.06525735294117647
2 0.8012048192771084 0.3869485294117647 0.023293172690763052 0.03308823529411765
3 0.3132530120481928 0.24816176470588236 0.027309236947791166 0.058823529411764705
3 0.10120481927710843 0.3010110294117647 0.020883534136546186 0.03952205882352941
3 0.6755020080321286 0.27068014705882354 0.011244979919678716 0.015625
1 0.6927710843373494 0.27389705882352944 0.015261044176706828 0.01838235294117647
1 0.6461847389558233 0.2578125 0.018473895582329317 0.021139705882352942
2 0.2321285140562249 0.35340073529411764 0.1718875502008032 0.10386029411764706
2 0.7947791164658634 0.33777573529411764 0.010441767068273093 0.013786764705882353
2 0.7855421686746988 0.34512867647058826 0.014457831325301205 0.019301470588235295
4 0.6947791164658634 0.47610294117647056 0.20883534136546184 0.19852941176470587
