3 0.37943548387096776 0.1870404411764706 0.02338709677419355 0.03768382352941176
1 0.4221774193548387 0.8520220588235294 0.1346774193548387 0.07536764705882353
2 0.7637096774193548 0.5569852941176471 0.0467741935483871 0.0625
1 0.6983870967741935 0.5487132352941176 0.0532258064516129 0.04779411764705882
1 0.4241935483870968 0.7261029411764706 0.1338709677419355 0.09375
1 0.7741935483870968 0.8772977941176471 0.04032258064516129 0.04503676470588235
1 0.7689516129032258 0.9145220588235294 0.04112903225806452 0.04779411764705882
1 0.7584677419354838 0.9214154411764706 0.03790322580645161 0.043198529411764705
1 0.7375 0.9333639705882353 0.04758064516129032 0.06158088235294118
3 0.7774193548387097 0.7541360294117647 0.03064516129032258 0.021139705882352942
3 0.7766129032258065 0.7660845588235294 0.025806451612903226 0.02297794117647059
2 0.8125 0.6594669117647058 0.029838709677419355 0.035845588235294115
1 0.7862903225806451 0.6089154411764706 0.03225806451612903 0.02665441176470588
1 0.7391129032258065 0.43704044117647056 0.029838709677419355 0.03216911764705882
1 0.49435483870967745 0.19439338235294118 0.01935483870967742 0.02297794117647059
1 0.5125 0.1948529411764706 0.01532258064516129 0.027573529411764705
