2 0.7169354838709677 0.40670955882352944 0.08064516129032258 0.09099264705882353
1 0.17096774193548386 0.6856617647058824 0.07903225806451612 0.0661764705882353
1 0.7209677419354839 0.3694852941176471 0.02258064516129032 0.025735294117647058
1 0.8088709677419355 0.5409007352941176 0.0467741935483871 0.03768382352941176
1 0.8088709677419355 0.5625 0.04838709677419355 0.042279411764705885
1 0.8008064516129032 0.5900735294117647 0.05806451612903226 0.04963235294117647
1 0.7915322580645161 0.6351102941176471 0.06048387096774194 0.06433823529411764
1 0.4068548387096774 0.3740808823529412 0.04435483870967742 0.0900735294117647
1 0.5883064516129032 0.5271139705882353 0.062096774193548386 0.08547794117647059
1 0.603225806451613 0.640625 0.07580645161290323 0.1213235294117647
1 0.42943548387096775 0.5243566176470589 0.05725806451612903 0.12224264705882353
1 0.41451612903225804 0.7987132352941176 0.06290322580645161 0.125
1 0.4467741935483871 0.9540441176470589 0.07419354838709677 0.09191176470588236
1 0.25725806451612904 0.7265625 0.06935483870967742 0.140625
1 0.6487903225806452 0.37316176470588236 0.042741935483870966 0.06066176470588235
1 0.8286290322580645 0.7081801470588235 0.05725806451612903 0.05606617647058824
1 0.7834677419354839 0.7693014705882353 0.06370967741935483 0.08088235294117647
1 0.8133064516129033 0.8115808823529411 0.050806451612903224 0.06433823529411764
1 0.8060483870967742 0.8970588235294118 0.050806451612903224 0.04779411764705882
1 0.6576612903225807 0.3125 0.036290322580645164 0.04411764705882353
2 0.8689516129032258 0.6989889705882353 0.049193548387096775 0.08731617647058823
2 0.8556451612903225 0.7559742647058824 0.0532258064516129 0.10753676470588236
2 0.32661290322580644 0.17371323529411764 0.05967741935483871 0.03125
2 0.5818548387096775 0.2927389705882353 0.05887096774193548 0.06341911764705882
2 0.45 0.19393382352941177 0.07741935483870968 0.04044117647058824
2 0.4060483870967742 0.2601102941176471 0.0717741935483871 0.07720588235294118
2 0.8233870967741935 0.5340073529411765 0.07580645161290323 0.09558823529411764
2 0.660483870967742 0.21875 0.02903225806451613 0.025735294117647058
2 0.21451612903225806 0.16314338235294118 0.01935483870967742 0.019301470588235295
2 0.23225806451612904 0.18106617647058823 0.025806451612903226 0.022058823529411766
2 0.2778225806451613 0.1796875 0.03467741935483871 0.02849264705882353
1 0.3532258064516129 0.1640625 0.017741935483870968 0.02665441176470588
3 0.21653225806451612 0.4852941176470588 0.04758064516129032 0.10294117647058823
1 0.19435483870967743 0.21553308823529413 0.012903225806451613 0.02849264705882353
2 0.5951612903225807 0.23161764705882354 0.05 0.03860294117647059
