2 0.2991869918699187 0.17876838235294118 0.04227642276422764 0.03768382352941176
2 0.39715447154471545 0.1636029411764706 0.046341463414634146 0.04411764705882353
2 0.7963414634146342 0.5009191176470589 0.0951219512195122 0.10661764705882353
2 0.6853658536585366 0.6865808823529411 0.13008130081300814 0.29411764705882354
1 0.8727642276422765 0.6199448529411765 0.046341463414634146 0.06158088235294118
1 0.34552845528455284 0.1870404411764706 0.02113821138211382 0.04503676470588235
3 0.2483739837398374 0.2113970588235294 0.013821138211382113 0.03308823529411765
3 0.508130081300813 0.8474264705882353 0.061788617886178863 0.058823529411764705
1 0.8556910569105691 0.6714154411764706 0.05121951219512195 0.05238970588235294
1 0.8463414634146341 0.7086397058823529 0.05853658536585366 0.05514705882352941
1 0.7121951219512195 0.32536764705882354 0.03739837398373984 0.04779411764705882
1 0.7105691056910569 0.3538602941176471 0.04552845528455285 0.05330882352941176
1 0.7361788617886179 0.3938419117647059 0.044715447154471545 0.05606617647058824
1 0.8138211382113821 0.2922794117647059 0.013008130081300813 0.014705882352941176
1 0.7695121951219512 0.27297794117647056 0.013821138211382113 0.01838235294117647
2 0.832520325203252 0.3258272058823529 0.02113821138211382 0.02297794117647059
2 0.8357723577235773 0.3570772058823529 0.026016260162601626 0.03952205882352941
1 0.5483739837398374 0.21001838235294118 0.03333333333333333 0.03768382352941176
1 0.7207317073170731 0.265625 0.025203252032520326 0.025735294117647058
1 0.666260162601626 0.2261029411764706 0.026829268292682926 0.025735294117647058
1 0.6361788617886179 0.2265625 0.03170731707317073 0.03768382352941176
1 0.6577235772357723 0.25505514705882354 0.030894308943089432 0.03216911764705882
2 0.7634146341463415 0.3157169117647059 0.055284552845528454 0.05422794117647059
2 0.7979674796747968 0.3694852941176471 0.05609756097560976 0.0661764705882353
1 0.4841463414634146 0.20863970588235295 0.04959349593495935 0.04779411764705882
1 0.5040650406504065 0.23621323529411764 0.04878048780487805 0.051470588235294115
1 0.3752032520325203 0.20726102941176472 0.03333333333333333 0.04503676470588235
1 0.2329268292682927 0.2509191176470588 0.05609756097560976 0.05514705882352941
3 0.8455284552845529 0.7389705882352942 0.03739837398373984 0.03308823529411765
2 0.29308943089430894 0.35799632352941174 0.2008130081300813 0.13143382352941177
1 0.06300813008130081 0.5381433823529411 0.04796747967479675 0.07077205882352941
4 0.13414634146341464 0.2601102941176471 0.06666666666666667 0.09191176470588236
1 0.11666666666666667 0.3005514705882353 0.034959349593495934 0.04963235294117647
