2 0.5304147465437788 0.10845588235294118 0.02857142857142857 0.029411764705882353
3 0.37465437788018435 0.8120404411764706 0.04331797235023042 0.05606617647058824
1 0.5557603686635945 0.11626838235294118 0.014746543778801843 0.02849264705882353
2 0.36589861751152075 0.265625 0.12165898617511521 0.08639705882352941
2 0.07327188940092166 0.46691176470588236 0.04331797235023042 0.04044117647058824
2 0.14423963133640552 0.32215073529411764 0.047004608294930875 0.050551470588235295
1 0.059907834101382486 0.5188419117647058 0.029493087557603687 0.011948529411764705
3 0.4414746543778802 0.12178308823529412 0.012903225806451613 0.030330882352941176
3 0.4308755760368664 0.12408088235294118 0.011981566820276499 0.029411764705882353
1 0.8516129032258064 0.5707720588235294 0.060829493087557605 0.05330882352941176
1 0.7764976958525346 0.6162683823529411 0.06359447004608294 0.06341911764705882
1 0.7391705069124423 0.6148897058823529 0.06820276497695853 0.07536764705882353
2 0.9096774193548387 0.29733455882352944 0.03133640552995392 0.02665441176470588
2 0.46728110599078343 0.17279411764705882 0.09953917050691244 0.04779411764705882
1 0.315668202764977 0.7256433823529411 0.07465437788018434 0.046875
1 0.19400921658986175 0.6916360294117647 0.06359447004608294 0.02665441176470588
