1 0.17258064516129032 0.6870404411764706 0.07903225806451612 0.06709558823529412
1 0.7298387096774194 0.3837316176470588 0.025806451612903226 0.030330882352941176
1 0.7431451612903226 0.3984375 0.025 0.030330882352941176
1 0.7504032258064516 0.4117647058823529 0.025 0.03125
1 0.8060483870967742 0.5188419117647058 0.050806451612903224 0.04503676470588235
1 0.7911290322580645 0.5367647058823529 0.041935483870967745 0.04595588235294118
1 0.44314516129032255 0.18520220588235295 0.031451612903225803 0.02849264705882353
1 0.3963709677419355 0.18382352941176472 0.031451612903225803 0.03308823529411765
1 0.5161290322580645 0.24632352941176472 0.03225806451612903 0.03676470588235294
1 0.5483870967741935 0.28308823529411764 0.03064516129032258 0.04779411764705882
1 0.5241935483870968 0.19990808823529413 0.025806451612903226 0.02297794117647059
1 0.5556451612903226 0.2026654411764706 0.02258064516129032 0.02297794117647059
1 0.5838709677419355 0.20909926470588236 0.020967741935483872 0.024816176470588234
2 0.6008064516129032 0.4963235294117647 0.1693548387096774 0.23345588235294118
1 0.6068548387096774 0.25045955882352944 0.021774193548387097 0.03216911764705882
2 0.2806451612903226 0.1792279411764706 0.04032258064516129 0.034926470588235295
2 0.8673387096774193 0.7738970588235294 0.050806451612903224 0.09926470588235294
2 0.2254032258064516 0.18658088235294118 0.031451612903225803 0.03308823529411765
1 0.3709677419354839 0.16865808823529413 0.01935483870967742 0.02297794117647059
1 0.3209677419354839 0.1557904411764706 0.014516129032258065 0.02665441176470588
1 0.22620967741935483 0.19623161764705882 0.013709677419354839 0.02665441176470588
2 0.6407258064516129 0.22931985294117646 0.02661290322580645 0.02665441176470588
1 0.8040322580645162 0.5863970588235294 0.0467741935483871 0.03308823529411765
1 0.792741935483871 0.6052389705882353 0.04516129032258064 0.035845588235294115
1 0.8459677419354839 0.6378676470588235 0.035483870967741936 0.03125
1 0.8048387096774193 0.6360294117647058 0.05 0.04044117647058824
1 0.8125 0.6613051470588235 0.05241935483870968 0.050551470588235295
1 0.8415322580645161 0.6842830882352942 0.036290322580645164 0.03768382352941176
