2 0.3975609756097561 0.16498161764705882 0.03577235772357724 0.03400735294117647
2 0.30040650406504066 0.1796875 0.034959349593495934 0.030330882352941176
1 0.34146341463414637 0.1879595588235294 0.01951219512195122 0.04136029411764706
1 0.30528455284552847 0.19301470588235295 0.02032520325203252 0.034926470588235295
4 0.8398373983739837 0.40441176470588236 0.08292682926829269 0.11397058823529412
2 0.47804878048780486 0.16038602941176472 0.04065040650406504 0.03952205882352941
2 0.8731707317073171 0.3681066176470588 0.016260162601626018 0.024816176470588234
0 0.693089430894309 0.2509191176470588 0.17479674796747968 0.11580882352941177
1 0.6760162601626016 0.3115808823529412 0.044715447154471545 0.05330882352941176
1 0.6479674796747967 0.3547794117647059 0.04552845528455285 0.06066176470588235
2 0.85 0.32306985294117646 0.01869918699186992 0.019301470588235295
1 0.2097560975609756 0.37316176470588236 0.08780487804878048 0.08455882352941177
1 0.22235772357723577 0.44347426470588236 0.07560975609756097 0.08915441176470588
1 0.8723577235772357 0.625 0.04878048780487805 0.07352941176470588
1 0.20284552845528456 0.2182904411764706 0.03333333333333333 0.046875
1 0.24227642276422764 0.20909926470588236 0.022764227642276424 0.03952205882352941
1 0.8036585365853659 0.2757352941176471 0.01056910569105691 0.02022058823529412
1 0.816260162601626 0.3405330882352941 0.016260162601626018 0.02849264705882353
1 0.8321138211382114 0.3400735294117647 0.012195121951219513 0.022058823529411766
