2 0.3975609756097561 0.16498161764705882 0.03577235772357724 0.03400735294117647
2 0.3008130081300813 0.1796875 0.03414634146341464 0.030330882352941176
1 0.34146341463414637 0.1870404411764706 0.01951219512195122 0.03952205882352941
1 0.30528455284552847 0.19255514705882354 0.02032520325203252 0.03400735294117647
1 0.6117886178861789 0.29090073529411764 0.04796747967479675 0.05606617647058824
1 0.7630081300813009 0.3717830882352941 0.03170731707317073 0.04503676470588235
1 0.07235772357723577 0.46920955882352944 0.04552845528455285 0.057904411764705885
4 0.8398373983739837 0.4025735294117647 0.08292682926829269 0.11397058823529412
2 0.4788617886178862 0.16038602941176472 0.04227642276422764 0.04136029411764706
2 0.7048780487804878 0.27527573529411764 0.07154471544715447 0.05238970588235294
2 0.3776422764227642 0.2509191176470588 0.16016260162601625 0.08823529411764706
2 0.4434959349593496 0.38097426470588236 0.2252032520325203 0.14613970588235295
2 0.8739837398373984 0.3671875 0.016260162601626018 0.024816176470588234
2 0.759349593495935 0.3203125 0.06666666666666667 0.05238970588235294
2 0.8032520325203252 0.28262867647058826 0.022764227642276424 0.024816176470588234
2 0.8178861788617886 0.3010110294117647 0.024390243902439025 0.024816176470588234
1 0.7731707317073171 0.26516544117647056 0.014634146341463415 0.021139705882352942
2 0.8378048780487805 0.3226102941176471 0.01869918699186992 0.02389705882352941
1 0.8719512195121951 0.625 0.04959349593495935 0.07536764705882353
1 0.20203252032520325 0.21875 0.03333333333333333 0.04595588235294118
1 0.2426829268292683 0.20863970588235295 0.02032520325203252 0.04044117647058824
1 0.817479674796748 0.33869485294117646 0.02032520325203252 0.03216911764705882
1 0.7922764227642276 0.3639705882352941 0.026829268292682926 0.034926470588235295
