2 0.5299539170506913 0.109375 0.027649769585253458 0.03125
3 0.3737327188940092 0.8175551470588235 0.041474654377880185 0.057904411764705885
1 0.5525345622119816 0.1015625 0.010138248847926268 0.019301470588235295
2 0.5728110599078341 0.1015625 0.02488479262672811 0.024816176470588234
1 0.5557603686635945 0.11948529411764706 0.012903225806451613 0.025735294117647058
2 0.22995391705069124 0.2421875 0.05806451612903226 0.05606617647058824
2 0.6557603686635944 0.2803308823529412 0.12811059907834102 0.08639705882352941
2 0.06912442396313365 0.49034926470588236 0.04055299539170507 0.03952205882352941
2 0.13317972350230414 0.39889705882352944 0.052534562211981564 0.051470588235294115
3 0.44193548387096776 0.12178308823529412 0.011981566820276499 0.030330882352941176
3 0.4304147465437788 0.12454044117647059 0.011059907834101382 0.02849264705882353
3 0.3225806451612903 0.14384191176470587 0.012903225806451613 0.02297794117647059
1 0.8525345622119815 0.5698529411764706 0.060829493087557605 0.05330882352941176
1 0.776036866359447 0.6153492647058824 0.06451612903225806 0.06341911764705882
1 0.14746543778801843 0.6594669117647058 0.047926267281105994 0.030330882352941176
1 0.9382488479262673 0.6534926470588235 0.04055299539170507 0.022058823529411766
