3 0.9345528455284553 0.6121323529411765 0.03983739837398374 0.05514705882352941
1 0.6959349593495935 0.7123161764705882 0.12357723577235773 0.08823529411764706
2 0.7069105691056911 0.21507352941176472 0.07886178861788617 0.04411764705882353
2 0.8040650406504065 0.24356617647058823 0.056910569105691054 0.03860294117647059
2 0.8483739837398374 0.2633272058823529 0.038211382113821135 0.035845588235294115
1 0.5292682926829269 0.16590073529411764 0.022764227642276424 0.02297794117647059
1 0.49959349593495933 0.16636029411764705 0.023577235772357725 0.025735294117647058
1 0.47479674796747967 0.16865808823529413 0.01951219512195122 0.030330882352941176
1 0.5597560975609757 0.1714154411764706 0.028455284552845527 0.02665441176470588
1 0.42560975609756097 0.18520220588235295 0.03170731707317073 0.03400735294117647
1 0.40934959349593497 0.18474264705882354 0.025203252032520326 0.03308823529411765
2 0.4434959349593496 0.2192095588235294 0.11138211382113822 0.06158088235294118
2 0.07682926829268293 0.39659926470588236 0.01707317073170732 0.02849264705882353
