1 0.1588709677419355 0.4273897058823529 0.08064516129032258 0.10110294117647059
1 0.09032258064516129 0.5243566176470589 0.06129032258064516 0.09466911764705882
1 0.1338709677419355 0.703125 0.10161290322580645 0.08639705882352941
2 0.744758064516129 0.9163602941176471 0.055645161290322584 0.10477941176470588
3 0.38911290322580644 0.20680147058823528 0.03306451612903226 0.042279411764705885
3 0.4181451612903226 0.20818014705882354 0.02661290322580645 0.03952205882352941
3 0.42943548387096775 0.24448529411764705 0.03306451612903226 0.04595588235294118
3 0.3580645161290323 0.2844669117647059 0.0467741935483871 0.078125
1 0.5596774193548387 0.25965073529411764 0.024193548387096774 0.03400735294117647
1 0.5854838709677419 0.28079044117647056 0.02258064516129032 0.02849264705882353
1 0.6181451612903226 0.3088235294117647 0.020161290322580645 0.029411764705882353
1 0.6879032258064516 0.39981617647058826 0.03064516129032258 0.034926470588235295
1 0.8294354838709678 0.6245404411764706 0.020161290322580645 0.021139705882352942
1 0.630241935483871 0.38556985294117646 0.049193548387096775 0.05606617647058824
1 0.6830645161290323 0.44347426470588236 0.03870967741935484 0.04503676470588235
1 0.6870967741935484 0.49402573529411764 0.0467741935483871 0.05606617647058824
1 0.7241935483870968 0.6158088235294118 0.05 0.0625
1 0.6661290322580645 0.6424632352941176 0.06774193548387097 0.07904411764705882
1 0.6891129032258064 0.7670036764705882 0.0717741935483871 0.07996323529411764
1 0.7391129032258065 0.7647058823529411 0.05403225806451613 0.08455882352941177
1 0.7782258064516129 0.7146139705882353 0.03387096774193549 0.05238970588235294
3 0.7193548387096774 0.41544117647058826 0.01935483870967742 0.02022058823529412
1 0.6645161290322581 0.3635110294117647 0.02903225806451613 0.035845588235294115
2 0.7411290322580645 0.41130514705882354 0.03064516129032258 0.03768382352941176
2 0.8358870967741936 0.5804227941176471 0.01532258064516129 0.02849264705882353
1 0.5173387096774194 0.17693014705882354 0.013709677419354839 0.017463235294117647
1 0.14596774193548387 0.37454044117647056 0.07580645161290323 0.09283088235294118
0 0.8080645161290323 0.5211397058823529 0.054838709677419356 0.07536764705882353
1 0.7471774193548387 0.5045955882352942 0.029838709677419355 0.03676470588235294
