3 0.9361788617886179 0.6387867647058824 0.044715447154471545 0.06066176470588235
3 0.0540650406504065 0.5349264705882353 0.02195121951219512 0.029411764705882353
2 0.6865853658536586 0.20726102941176472 0.08048780487804878 0.04503676470588235
3 0.1016260162601626 0.6148897058823529 0.03902439024390244 0.04963235294117647
4 0.1926829268292683 0.2913602941176471 0.06666666666666667 0.0661764705882353
1 0.2601626016260163 0.24126838235294118 0.01951219512195122 0.02297794117647059
1 0.5975609756097561 0.1723345588235294 0.022764227642276424 0.02665441176470588
1 0.6227642276422765 0.17279411764705882 0.02926829268292683 0.029411764705882353
1 0.6747967479674797 0.1801470588235294 0.024390243902439025 0.02389705882352941
1 0.47520325203252034 0.17003676470588236 0.02195121951219512 0.03308823529411765
1 0.8044715447154471 0.22242647058823528 0.025203252032520326 0.02389705882352941
2 0.8825203252032521 0.27481617647058826 0.023577235772357725 0.025735294117647058
2 0.08617886178861789 0.4250919117647059 0.030894308943089432 0.043198529411764705
1 0.5032520325203252 0.1640625 0.027642276422764227 0.03216911764705882
1 0.5398373983739837 0.1636029411764706 0.027642276422764227 0.025735294117647058
