2 0.9846354166666667 0.48671875 0.016145833333333335 0.0203125
2 0.9768229166666667 0.47317708333333336 0.0203125 0.030729166666666665
2 0.8885416666666667 0.22708333333333333 0.023958333333333335 0.017708333333333333
3 0.13333333333333333 0.37005208333333334 0.042708333333333334 0.0203125
3 0.026822916666666665 0.32734375 0.0140625 0.008854166666666666
1 0.07369791666666667 0.3109375 0.028645833333333332 0.01875
1 0.06484375 0.2559895833333333 0.0171875 0.008854166666666666
1 0.07265625 0.2638020833333333 0.0203125 0.013020833333333334
1 0.053385416666666664 0.26614583333333336 0.0171875 0.010416666666666666
1 0.040364583333333336 0.29791666666666666 0.018229166666666668 0.011458333333333333
0 0.8088541666666667 0.08984375 0.04375 0.05677083333333333
1 0.740625 0.15859375 0.03229166666666667 0.0390625
2 0.7942708333333334 0.11432291666666666 0.030208333333333334 0.03802083333333333
2 0.7575520833333333 0.12135416666666667 0.044270833333333336 0.04583333333333333
2 0.453125 0.11927083333333334 0.121875 0.065625
2 0.18515625 0.19635416666666666 0.0578125 0.046875
1 0.5677083333333334 0.15182291666666667 0.052083333333333336 0.05572916666666667
1 0.4861979166666667 0.034375 0.019270833333333334 0.03125
2 0.9671875 0.478125 0.021875 0.034375
2 0.5744791666666667 0.31484375 0.184375 0.1453125
3 0.10182291666666667 0.20026041666666666 0.0171875 0.015104166666666667
2 0.9833333333333333 0.6135416666666667 0.011458333333333333 0.017708333333333333
2 0.09895833333333333 0.19609375 0.027083333333333334 0.0296875
2 0.053385416666666664 0.23229166666666667 0.016145833333333335 0.017708333333333333
2 0.51328125 0.007552083333333333 0.033854166666666664 0.0140625
4 0.6075520833333333 0.009635416666666667 0.03697916666666667 0.018229166666666668
