2 0.98828125 0.4609375 0.018229166666666668 0.03125
2 0.9846354166666667 0.4861979166666667 0.018229166666666668 0.0203125
2 0.9768229166666667 0.47265625 0.018229166666666668 0.028645833333333332
2 0.8877604166666667 0.22838541666666667 0.0203125 0.018229166666666668
2 0.7697916666666667 0.06354166666666666 0.017708333333333333 0.020833333333333332
1 0.8005208333333333 0.07630208333333334 0.008333333333333333 0.011979166666666667
1 0.8104166666666667 0.10963541666666667 0.0125 0.016145833333333335
1 0.22213541666666667 0.16927083333333334 0.030729166666666665 0.03229166666666667
1 0.034895833333333334 0.31015625 0.015625 0.009895833333333333
1 0.036458333333333336 0.27239583333333334 0.013541666666666667 0.009375
4 0.815625 0.07421875 0.021875 0.024479166666666666
2 0.9544270833333334 0.6033854166666667 0.0265625 0.028645833333333332
2 0.9822916666666667 0.5916666666666667 0.0125 0.01875
2 0.23411458333333332 0.253125 0.09947916666666666 0.06354166666666666
2 0.03333333333333333 0.28958333333333336 0.01875 0.017708333333333333
1 0.703125 0.14088541666666668 0.03125 0.044270833333333336
1 0.875 0.25104166666666666 0.029166666666666667 0.030208333333333334
1 0.39765625 0.1171875 0.04635416666666667 0.04791666666666667
1 0.47291666666666665 0.40651041666666665 0.06979166666666667 0.04635416666666667
2 0.7614583333333333 0.125 0.03854166666666667 0.041666666666666664
2 0.4434895833333333 0.024739583333333332 0.050520833333333334 0.0359375
2 0.61328125 0.017708333333333333 0.0328125 0.027083333333333334
4 0.5932291666666667 0.009895833333333333 0.028125 0.01875
2 0.79609375 0.06354166666666666 0.015104166666666667 0.015625
