2 0.4736111111111111 0.07077205882352941 0.075 0.05698529411764706
2 0.01990740740740741 0.5965073529411765 0.028703703703703703 0.03860294117647059
2 0.06805555555555555 0.6098345588235294 0.04351851851851852 0.06709558823529412
1 0.5361111111111111 0.7977941176470589 0.04259259259259259 0.08088235294117647
1 0.5893518518518519 0.8046875 0.04351851851851852 0.07077205882352941
0 0.09953703703703703 0.36672794117647056 0.18425925925925926 0.3327205882352941
2 0.1625 0.10799632352941177 0.017592592592592594 0.017463235294117647
2 0.1962962962962963 0.1015625 0.022222222222222223 0.024816176470588234
2 0.2162037037037037 0.06066176470588235 0.012037037037037037 0.012867647058823529
2 0.12129629629629629 0.15762867647058823 0.012962962962962963 0.019301470588235295
0 0.09675925925925925 0.18612132352941177 0.030555555555555555 0.043198529411764705
2 0.14166666666666666 0.14659926470588236 0.022222222222222223 0.02665441176470588
2 0.11805555555555555 0.18520220588235295 0.025 0.030330882352941176
2 0.02962962962962963 0.6553308823529411 0.018518518518518517 0.029411764705882353
2 0.5412037037037037 0.953125 0.06574074074074074 0.03676470588235294
