1 0.41445783132530123 0.19071691176470587 0.01606425702811245 0.024816176470588234
1 0.4036144578313253 0.19071691176470587 0.008835341365461847 0.02297794117647059
1 0.3931726907630522 0.18612132352941177 0.015261044176706828 0.030330882352941176
1 0.3779116465863454 0.17601102941176472 0.013654618473895583 0.024816176470588234
1 0.36626506024096384 0.17555147058823528 0.01285140562248996 0.022058823529411766
1 0.3606425702811245 0.18658088235294118 0.01285140562248996 0.02389705882352941
1 0.3477911646586345 0.18520220588235295 0.014457831325301205 0.02665441176470588
1 0.3313253012048193 0.18428308823529413 0.018473895582329317 0.03216911764705882
1 0.25542168674698795 0.22196691176470587 0.020883534136546186 0.043198529411764705
1 0.1642570281124498 0.24540441176470587 0.018473895582329317 0.04044117647058824
1 0.14096385542168674 0.25919117647058826 0.013654618473895583 0.03676470588235294
1 0.12329317269076305 0.26700367647058826 0.013654618473895583 0.03768382352941176
1 0.10722891566265061 0.28170955882352944 0.012048192771084338 0.030330882352941176
1 0.09558232931726908 0.2890625 0.011244979919678716 0.02297794117647059
1 0.5465863453815261 0.22977941176470587 0.02971887550200803 0.027573529411764705
1 0.45863453815261046 0.20634191176470587 0.017670682730923693 0.03216911764705882
1 0.4899598393574297 0.22426470588235295 0.02248995983935743 0.04044117647058824
1 0.40401606425702813 0.21507352941176472 0.035341365461847386 0.03860294117647059
1 0.744578313253012 0.30606617647058826 0.014457831325301205 0.01838235294117647
1 0.8437751004016064 0.5795036764705882 0.02971887550200803 0.03216911764705882
3 0.6220883534136546 0.7504595588235294 0.06506024096385542 0.05606617647058824
3 0.357429718875502 0.21691176470588236 0.020883534136546186 0.042279411764705885
1 0.672289156626506 0.2927389705882353 0.017670682730923693 0.024816176470588234
1 0.7983935742971887 0.4016544117647059 0.020883534136546186 0.025735294117647058
1 0.6911646586345381 0.27297794117647056 0.018473895582329317 0.01838235294117647
1 0.6441767068273092 0.25827205882352944 0.020883534136546186 0.022058823529411766
