1 0.061224489795918366 0.4880514705882353 0.02122448979591837 0.07169117647058823
1 0.1510204081632653 0.35891544117647056 0.026122448979591838 0.05606617647058824
2 0.7473469387755102 0.32628676470588236 0.012244897959183673 0.012867647058823529
1 0.7261224489795919 0.31985294117647056 0.013877551020408163 0.014705882352941176
1 0.6983673469387756 0.29181985294117646 0.008979591836734694 0.011948529411764705
1 0.6783673469387755 0.2821691176470588 0.014693877551020407 0.016544117647058824
2 0.10163265306122449 0.42325367647058826 0.0563265306122449 0.13511029411764705
1 0.23918367346938776 0.23023897058823528 0.009795918367346938 0.013786764705882353
2 0.24489795918367346 0.22288602941176472 0.02122448979591837 0.017463235294117647
0 0.7742857142857142 0.3446691176470588 0.044897959183673466 0.04963235294117647
1 0.6448979591836734 0.25643382352941174 0.013061224489795919 0.014705882352941176
4 0.5946938775510204 0.23759191176470587 0.04979591836734694 0.03216911764705882
1 0.5579591836734694 0.23345588235294118 0.02040816326530612 0.02022058823529412
1 0.46938775510204084 0.21001838235294118 0.02122448979591837 0.019301470588235295
