3 0.9333333333333333 0.6135110294117647 0.04390243902439024 0.057904411764705885
1 0.9191056910569105 0.5666360294117647 0.043089430894308944 0.06709558823529412
2 0.7048780487804878 0.21645220588235295 0.07967479674796749 0.03952205882352941
2 0.8036585365853659 0.24356617647058823 0.04959349593495935 0.03860294117647059
2 0.8560975609756097 0.26838235294117646 0.03739837398373984 0.029411764705882353
1 0.5573170731707318 0.1645220588235294 0.028455284552845527 0.027573529411764705
1 0.5317073170731708 0.16222426470588236 0.026016260162601626 0.02849264705882353
1 0.5016260162601626 0.16819852941176472 0.022764227642276424 0.02389705882352941
1 0.4715447154471545 0.16773897058823528 0.01951219512195122 0.030330882352941176
2 0.39959349593495935 0.20955882352941177 0.08048780487804878 0.04595588235294118
2 0.3394308943089431 0.29090073529411764 0.13577235772357724 0.07261029411764706
2 0.44634146341463415 0.21645220588235295 0.11219512195121951 0.05606617647058824
1 0.5402439024390244 0.3157169117647059 0.07560975609756097 0.07077205882352941
4 0.6186991869918699 0.22288602941176472 0.11544715447154472 0.07261029411764706
