3 0.8536290322580645 0.5491727941176471 0.025 0.03768382352941176
2 0.6713709677419355 0.5073529411764706 0.15403225806451612 0.21875
1 0.7016129032258065 0.6438419117647058 0.08225806451612903 0.1332720588235294
1 0.6048387096774194 0.6806066176470589 0.09032258064516129 0.14430147058823528
1 0.3987903225806452 0.6429227941176471 0.08306451612903226 0.15533088235294118
1 0.5020161290322581 0.8051470588235294 0.09435483870967742 0.13970588235294118
1 0.3713709677419355 0.9016544117647058 0.10564516129032259 0.12867647058823528
1 0.6653225806451613 0.2601102941176471 0.017741935483870968 0.022058823529411766
2 0.3870967741935484 0.27068014705882354 0.08709677419354839 0.09283088235294118
2 0.26370967741935486 0.17049632352941177 0.04032258064516129 0.03400735294117647
2 0.22983870967741934 0.18474264705882354 0.037096774193548385 0.03308823529411765
1 0.8040322580645162 0.5170036764705882 0.041935483870967745 0.03400735294117647
1 0.8076612903225806 0.5464154411764706 0.04596774193548387 0.03216911764705882
1 0.8056451612903226 0.5657169117647058 0.05967741935483871 0.03952205882352941
1 0.8028225806451613 0.5868566176470589 0.050806451612903224 0.05974264705882353
2 0.8786290322580645 0.8106617647058824 0.03951612903225806 0.07904411764705882
2 0.8875 0.7302389705882353 0.03951612903225806 0.08731617647058823
1 0.7520161290322581 0.4085477941176471 0.025 0.03400735294117647
3 0.7286290322580645 0.3740808823529412 0.02661290322580645 0.03308823529411765
3 0.7366935483870968 0.3864889705882353 0.02338709677419355 0.03952205882352941
1 0.7322580645161291 0.38327205882352944 0.03064516129032258 0.03308823529411765
1 0.7451612903225806 0.3947610294117647 0.03064516129032258 0.035845588235294115
