2 0.8044270833333333 0.12591911764705882 0.04635416666666667 0.08088235294117647
1 0.11119791666666666 0.8920036764705882 0.03802083333333333 0.1056985294117647
1 0.02578125 0.8405330882352942 0.025520833333333333 0.0744485294117647
1 0.05026041666666667 0.8469669117647058 0.028645833333333332 0.09466911764705882
2 0.0765625 0.26838235294117646 0.03125 0.06801470588235294
3 0.34010416666666665 0.04825367647058824 0.011458333333333333 0.06341911764705882
3 0.346875 0.05284926470588235 0.013541666666666667 0.06525735294117647
1 0.8265625 0.16773897058823528 0.014583333333333334 0.02665441176470588
1 0.87421875 0.37454044117647056 0.027604166666666666 0.050551470588235295
1 0.8528645833333334 0.21461397058823528 0.016145833333333335 0.030330882352941176
1 0.7286458333333333 0.10340073529411764 0.028125 0.04871323529411765
1 0.6447916666666667 0.03354779411764706 0.030208333333333334 0.05238970588235294
1 0.005729166666666666 0.6681985294117647 0.010416666666666666 0.025735294117647058
1 0.7216145833333333 0.4834558823529412 0.08177083333333333 0.11580882352941177
1 0.40963541666666664 0.06847426470588236 0.049479166666666664 0.07261029411764706
1 0.13854166666666667 0.2522977941176471 0.027083333333333334 0.05422794117647059
1 0.23932291666666666 0.5620404411764706 0.0984375 0.10202205882352941
1 0.9130208333333333 0.30744485294117646 0.008333333333333333 0.019301470588235295
2 0.035416666666666666 0.5459558823529411 0.035416666666666666 0.08823529411764706
3 0.31875 0.05376838235294118 0.017708333333333333 0.05238970588235294
