2 0.8046875 0.12729779411764705 0.04479166666666667 0.07996323529411764
1 0.8606770833333334 0.5307904411764706 0.043229166666666666 0.06893382352941177
1 0.11119791666666666 0.8920036764705882 0.0390625 0.10753676470588236
1 0.02578125 0.8414522058823529 0.0265625 0.07628676470588236
1 0.049479166666666664 0.8465073529411765 0.03229166666666667 0.0974264705882353
2 0.0765625 0.2679227941176471 0.03125 0.06709558823529412
1 0.8265625 0.16819852941176472 0.014583333333333334 0.027573529411764705
1 0.81015625 0.1488970588235294 0.0203125 0.03308823529411765
1 0.8213541666666667 0.8699448529411765 0.06770833333333333 0.13511029411764705
1 0.9229166666666667 0.32536764705882354 0.009375 0.01838235294117647
0 0.023697916666666666 0.46369485294117646 0.04739583333333333 0.17003676470588236
