2 0.9848958333333333 0.4869791666666667 0.016666666666666666 0.020833333333333332
2 0.9770833333333333 0.4734375 0.019791666666666666 0.030208333333333334
2 0.8888020833333333 0.22734375 0.024479166666666666 0.018229166666666668
3 0.12604166666666666 0.29765625 0.036458333333333336 0.022395833333333334
3 0.11276041666666667 0.3255208333333333 0.030729166666666665 0.023958333333333335
3 0.10651041666666666 0.3359375 0.0390625 0.019791666666666666
3 0.27265625 0.090625 0.015104166666666667 0.023958333333333335
1 0.023697916666666666 0.2947916666666667 0.011979166666666667 0.007291666666666667
1 0.09791666666666667 0.2046875 0.016666666666666666 0.013541666666666667
1 0.12083333333333333 0.19375 0.01875 0.017708333333333333
2 0.08697916666666666 0.24557291666666667 0.030208333333333334 0.028645833333333332
2 0.06692708333333333 0.25416666666666665 0.025520833333333333 0.026041666666666668
2 0.05286458333333333 0.23411458333333332 0.015104166666666667 0.016145833333333335
1 0.95859375 0.45729166666666665 0.025520833333333333 0.0125
1 0.9638020833333333 0.47708333333333336 0.0203125 0.013541666666666667
1 0.95390625 0.47760416666666666 0.0203125 0.013541666666666667
1 0.9440104166666666 0.47890625 0.0265625 0.0171875
1 0.9361979166666666 0.46510416666666665 0.030729166666666665 0.015625
4 0.94921875 0.5213541666666667 0.043229166666666666 0.04895833333333333
2 0.95234375 0.628125 0.019270833333333334 0.020833333333333332
2 0.9450520833333333 0.5877604166666667 0.034895833333333334 0.0421875
2 0.8151041666666666 0.14322916666666666 0.03229166666666667 0.03958333333333333
2 0.83515625 0.215625 0.0578125 0.06979166666666667
4 0.41380208333333335 0.03177083333333333 0.05260416666666667 0.046875
2 0.09895833333333333 0.19661458333333334 0.027083333333333334 0.025520833333333333
1 0.5369791666666667 0.008333333333333333 0.015625 0.015625
