3 0.3778225806451613 0.18336397058823528 0.02338709677419355 0.03768382352941176
1 0.42782258064516127 0.8538602941176471 0.14112903225806453 0.07904411764705882
1 0.7681451612903226 0.7715992647058824 0.05241935483870968 0.03400735294117647
0 0.46088709677419354 0.35018382352941174 0.5475806451612903 0.3400735294117647
1 0.5919354838709677 0.8285845588235294 0.09838709677419355 0.06525735294117647
1 0.7741935483870968 0.8777573529411765 0.04032258064516129 0.04595588235294118
1 0.7685483870967742 0.9136029411764706 0.041935483870967745 0.04779411764705882
1 0.7584677419354838 0.9204963235294118 0.03790322580645161 0.043198529411764705
1 0.7375 0.9333639705882353 0.04758064516129032 0.06158088235294118
2 0.8129032258064516 0.6580882352941176 0.02903225806451613 0.034926470588235295
2 0.8326612903225806 0.5932904411764706 0.016935483870967744 0.030330882352941176
1 0.8403225806451613 0.6263786764705882 0.00967741935483871 0.011948529411764705
1 0.494758064516129 0.19347426470588236 0.018548387096774192 0.02297794117647059
1 0.5125 0.1948529411764706 0.01532258064516129 0.027573529411764705
4 0.062096774193548386 0.5436580882352942 0.10967741935483871 0.18290441176470587
