1 0.17258064516129032 0.6870404411764706 0.07903225806451612 0.06709558823529412
1 0.7298387096774194 0.3828125 0.025806451612903226 0.02849264705882353
1 0.742741935483871 0.39889705882352944 0.024193548387096774 0.029411764705882353
1 0.7495967741935484 0.4117647058823529 0.025 0.03125
1 0.25766129032258067 0.28170955882352944 0.028225806451612902 0.06158088235294118
1 0.3245967741935484 0.21231617647058823 0.03467741935483871 0.03860294117647059
1 0.392741935483871 0.5041360294117647 0.07580645161290323 0.12591911764705882
1 0.6254032258064516 0.35799632352941174 0.049193548387096775 0.06158088235294118
1 0.7129032258064516 0.43612132352941174 0.05161290322580645 0.06158088235294118
1 0.6427419354838709 0.2693014705882353 0.020967741935483872 0.025735294117647058
1 0.31290322580645163 0.20128676470588236 0.025806451612903226 0.04044117647058824
2 0.8366935483870968 0.6985294117647058 0.06693548387096775 0.12316176470588236
2 0.26733870967741935 0.21966911764705882 0.05887096774193548 0.06066176470588235
2 0.6221774193548387 0.30974264705882354 0.0814516129032258 0.07904411764705882
2 0.29274193548387095 0.18336397058823528 0.03870967741935484 0.03216911764705882
2 0.25 0.16681985294117646 0.02903225806451613 0.024816176470588234
1 0.8657258064516129 0.6332720588235294 0.029838709677419355 0.03125
1 0.8879032258064516 0.7789522058823529 0.03387096774193549 0.035845588235294115
1 0.5717741935483871 0.20772058823529413 0.014516129032258065 0.022058823529411766
2 0.6540322580645161 0.22931985294117646 0.024193548387096774 0.02297794117647059
2 0.635483870967742 0.23069852941176472 0.025806451612903226 0.025735294117647058
2 0.6834677419354839 0.25 0.02338709677419355 0.025735294117647058
