2 0.3983739837398374 0.1640625 0.03577235772357724 0.03400735294117647
2 0.30040650406504066 0.1801470588235294 0.036585365853658534 0.03125
1 0.3426829268292683 0.18933823529411764 0.02032520325203252 0.04411764705882353
1 0.308130081300813 0.19347426470588236 0.02113821138211382 0.035845588235294115
4 0.8422764227642277 0.4053308823529412 0.08292682926829269 0.11397058823529412
2 0.4788617886178862 0.16130514705882354 0.04065040650406504 0.03952205882352941
3 0.8471544715447155 0.47518382352941174 0.03414634146341464 0.05514705882352941
1 0.35528455284552846 0.33639705882352944 0.07804878048780488 0.0900735294117647
2 0.5211382113821138 0.20863970588235295 0.11707317073170732 0.05330882352941176
2 0.5808943089430895 0.2555147058823529 0.11951219512195121 0.06801470588235294
2 0.8715447154471545 0.3630514705882353 0.022764227642276424 0.034926470588235295
2 0.8276422764227642 0.30284926470588236 0.016260162601626018 0.021139705882352942
2 0.8016260162601626 0.2835477941176471 0.022764227642276424 0.02665441176470588
1 0.7804878048780488 0.2780330882352941 0.011382113821138212 0.024816176470588234
1 0.7939024390243903 0.2697610294117647 0.012195121951219513 0.017463235294117647
1 0.766260162601626 0.2619485294117647 0.00894308943089431 0.01838235294117647
1 0.7548780487804878 0.26378676470588236 0.012195121951219513 0.02022058823529412
2 0.8276422764227642 0.2858455882352941 0.014634146341463415 0.016544117647058824
1 0.7284552845528456 0.24586397058823528 0.02113821138211382 0.03216911764705882
1 0.20243902439024392 0.265625 0.05203252032520325 0.05330882352941176
1 0.2528455284552846 0.21369485294117646 0.04227642276422764 0.057904411764705885
1 0.6723577235772358 0.24448529411764705 0.032520325203252036 0.03860294117647059
1 0.8731707317073171 0.6240808823529411 0.04715447154471545 0.06985294117647059
1 0.2032520325203252 0.21783088235294118 0.03414634146341464 0.04779411764705882
