2 0.2709677419354839 0.17463235294117646 0.03870967741935484 0.034926470588235295
1 0.5120967741935484 0.2532169117647059 0.035483870967741936 0.046875
2 0.603225806451613 0.2426470588235294 0.05161290322580645 0.03676470588235294
1 0.6205645161290323 0.4025735294117647 0.06532258064516129 0.08455882352941177
1 0.7032258064516129 0.39889705882352944 0.0467741935483871 0.05330882352941176
1 0.6858870967741936 0.45266544117647056 0.06048387096774194 0.07261029411764706
1 0.7326612903225806 0.42784926470588236 0.042741935483870966 0.03952205882352941
1 0.7362903225806452 0.4655330882352941 0.05967741935483871 0.06341911764705882
1 0.730241935483871 0.38235294117647056 0.021774193548387097 0.027573529411764705
1 0.7431451612903226 0.39889705882352944 0.025 0.027573529411764705
1 0.7504032258064516 0.4131433823529412 0.025 0.030330882352941176
1 0.7979838709677419 0.5087316176470589 0.04758064516129032 0.05606617647058824
1 0.7951612903225806 0.5445772058823529 0.0532258064516129 0.0744485294117647
2 0.8762096774193548 0.7192095588235294 0.04435483870967742 0.08547794117647059
2 0.8540322580645161 0.7481617647058824 0.054838709677419356 0.11397058823529412
