1 0.7448979591836735 0.3166360294117647 0.010612244897959184 0.011948529411764705
1 0.7261224489795919 0.3180147058823529 0.012244897959183673 0.01838235294117647
1 0.6453061224489796 0.2568933823529412 0.013877551020408163 0.017463235294117647
2 0.7661224489795918 0.3327205882352941 0.013877551020408163 0.01838235294117647
2 0.7502040816326531 0.32858455882352944 0.022857142857142857 0.021139705882352942
3 0.18122448979591838 0.32950367647058826 0.0163265306122449 0.05974264705882353
1 0.22408163265306122 0.22150735294117646 0.008979591836734694 0.014705882352941176
1 0.062448979591836734 0.4724264705882353 0.022040816326530613 0.07169117647058823
2 0.10204081632653061 0.4264705882352941 0.062040816326530614 0.13970588235294118
4 0.5946938775510204 0.23851102941176472 0.04979591836734694 0.03216911764705882
2 0.5191836734693878 0.2619485294117647 0.08816326530612245 0.042279411764705885
