1 0.7423387096774193 0.4499080882352941 0.025 0.024816176470588234
1 0.6754032258064516 0.5657169117647058 0.06370967741935483 0.05422794117647059
2 0.7975806451612903 0.5923713235294118 0.03225806451612903 0.04503676470588235
2 0.8133064516129033 0.6585477941176471 0.031451612903225803 0.04503676470588235
1 0.510483870967742 0.1948529411764706 0.020967741935483872 0.027573529411764705
1 0.4939516129032258 0.19439338235294118 0.020161290322580645 0.024816176470588234
4 0.5375 0.31893382352941174 0.1620967741935484 0.11580882352941177
2 0.11935483870967742 0.4053308823529412 0.15806451612903225 0.13051470588235295
1 0.7608870967741935 0.9292279411764706 0.03951612903225806 0.04595588235294118
1 0.7733870967741936 0.8727022058823529 0.03870967741935484 0.046875
0 0.8346774193548387 0.59375 0.04032258064516129 0.051470588235294115
