2 0.9846354166666667 0.48671875 0.016145833333333335 0.0203125
2 0.9768229166666667 0.47317708333333336 0.0203125 0.030729166666666665
2 0.8885416666666667 0.22708333333333333 0.023958333333333335 0.017708333333333333
3 0.8630208333333333 0.1578125 0.015625 0.014583333333333334
3 0.11822916666666666 0.3619791666666667 0.041666666666666664 0.020833333333333332
3 0.029947916666666668 0.3268229166666667 0.015104166666666667 0.0078125
1 0.16640625 0.30442708333333335 0.04739583333333333 0.027604166666666666
1 0.14765625 0.19140625 0.028645833333333332 0.0234375
1 0.11432291666666666 0.22604166666666667 0.025520833333333333 0.021875
1 0.109375 0.24479166666666666 0.029166666666666667 0.020833333333333332
1 0.08958333333333333 0.2833333333333333 0.028125 0.016666666666666666
0 0.8015625 0.06848958333333334 0.03229166666666667 0.04114583333333333
1 0.7729166666666667 0.17005208333333333 0.030208333333333334 0.0359375
1 0.8067708333333333 0.13567708333333334 0.020833333333333332 0.0265625
2 0.7947916666666667 0.08645833333333333 0.019791666666666666 0.028125
2 0.7731770833333333 0.08619791666666667 0.025520833333333333 0.0328125
2 0.7127604166666667 0.12213541666666666 0.06510416666666667 0.049479166666666664
2 0.4354166666666667 0.11927083333333334 0.096875 0.06354166666666666
1 0.4861979166666667 0.034375 0.019270833333333334 0.03125
2 0.9671875 0.478125 0.021875 0.034375
2 0.8895833333333333 0.5200520833333333 0.05520833333333333 0.06614583333333333
2 0.98359375 0.5994791666666667 0.011979166666666667 0.01875
2 0.09895833333333333 0.19609375 0.027083333333333334 0.0296875
2 0.05234375 0.23359375 0.0140625 0.016145833333333335
1 0.026822916666666665 0.2830729166666667 0.0109375 0.009895833333333333
1 0.0265625 0.2950520833333333 0.0125 0.0109375
2 0.5140625 0.007291666666666667 0.034375 0.013541666666666667
4 0.60703125 0.008854166666666666 0.03697916666666667 0.016666666666666666
