2 0.8052083333333333 0.12867647058823528 0.04375 0.07904411764705882
2 0.7807291666666667 0.11534926470588236 0.051041666666666666 0.07628676470588236
2 0.8786458333333333 0.23575367647058823 0.023958333333333335 0.04503676470588235
1 0.8598958333333333 0.5298713235294118 0.040625 0.0744485294117647
1 0.1109375 0.8929227941176471 0.03958333333333333 0.109375
1 0.02578125 0.8419117647058824 0.027604166666666666 0.07720588235294118
1 0.04869791666666667 0.8455882352941176 0.034895833333333334 0.09926470588235294
2 0.07630208333333334 0.2679227941176471 0.03177083333333333 0.06709558823529412
3 0.8190104166666666 0.5519301470588235 0.058854166666666666 0.09466911764705882
1 0.8268229166666666 0.16819852941176472 0.015104166666666667 0.027573529411764705
1 0.8963541666666667 0.26700367647058826 0.009375 0.02665441176470588
2 0.18802083333333333 0.14981617647058823 0.04375 0.09926470588235294
2 0.921875 0.3249080882352941 0.014583333333333334 0.03768382352941176
2 0.909375 0.34375 0.023958333333333335 0.05514705882352941
2 0.8200520833333333 0.328125 0.0703125 0.11029411764705882
2 0.1625 0.3993566176470588 0.11770833333333333 0.16636029411764705
2 0.032552083333333336 0.5482536764705882 0.0328125 0.08547794117647059
3 0.04244791666666667 0.7536764705882353 0.034895833333333334 0.03676470588235294
3 0.0453125 0.7794117647058824 0.036458333333333336 0.034926470588235295
3 0.3255208333333333 0.06066176470588235 0.019791666666666666 0.06433823529411764
1 0.8473958333333333 0.19209558823529413 0.014583333333333334 0.025735294117647058
