1 0.14779116465863454 0.35110294117647056 0.01927710843373494 0.01838235294117647
1 0.142570281124498 0.35983455882352944 0.023293172690763052 0.019301470588235295
1 0.13333333333333333 0.3805147058823529 0.02570281124497992 0.01838235294117647
1 0.12971887550200803 0.3947610294117647 0.02650602409638554 0.021139705882352942
1 0.12409638554216867 0.40579044117647056 0.02650602409638554 0.019301470588235295
1 0.1180722891566265 0.4260110294117647 0.02570281124497992 0.02297794117647059
1 0.11004016064257029 0.4485294117647059 0.02891566265060241 0.02389705882352941
1 0.10200803212851406 0.47472426470588236 0.02891566265060241 0.02849264705882353
1 0.09477911646586346 0.5032169117647058 0.02891566265060241 0.030330882352941176
1 0.08152610441767068 0.6649816176470589 0.02971887550200803 0.03216911764705882
1 0.08473895582329317 0.7274816176470589 0.024899598393574297 0.03400735294117647
1 0.09036144578313253 0.7495404411764706 0.02650602409638554 0.02665441176470588
1 0.10321285140562249 0.8143382352941176 0.02650602409638554 0.02389705882352941
1 0.11124497991967872 0.8354779411764706 0.024899598393574297 0.01838235294117647
2 0.7200803212851405 0.9149816176470589 0.11325301204819277 0.16084558823529413
1 0.1751004016064257 0.2624080882352941 0.024096385542168676 0.02297794117647059
1 0.21887550200803213 0.24632352941176472 0.028112449799196786 0.029411764705882353
1 0.20401606425702812 0.2734375 0.0321285140562249 0.03768382352941176
1 0.7433734939759036 0.19990808823529413 0.02971887550200803 0.035845588235294115
1 0.810843373493976 0.2421875 0.020080321285140562 0.02665441176470588
1 0.7779116465863454 0.23988970588235295 0.04096385542168675 0.03676470588235294
1 0.8052208835341366 0.28079044117647056 0.03775100401606426 0.050551470588235295
1 0.8417670682730923 0.3290441176470588 0.0321285140562249 0.05330882352941176
2 0.9389558232931727 0.4131433823529412 0.02891566265060241 0.05606617647058824
2 0.41405622489959837 0.08318014705882353 0.018473895582329317 0.011948529411764705
2 0.42088353413654617 0.09650735294117647 0.024096385542168676 0.016544117647058824
0 0.3742971887550201 0.10891544117647059 0.06746987951807229 0.057904411764705885
2 0.6160642570281124 0.1052389705882353 0.040160642570281124 0.02665441176470588
2 0.5706827309236948 0.08318014705882353 0.023293172690763052 0.015625
2 0.44497991967871486 0.0739889705882353 0.017670682730923693 0.013786764705882353
1 0.8751004016064257 0.32950367647058826 0.024899598393574297 0.02665441176470588
1 0.8827309236947791 0.3492647058823529 0.02248995983935743 0.029411764705882353
1 0.9080321285140562 0.3805147058823529 0.02650602409638554 0.03125
