1 0.41526104417670684 0.18841911764705882 0.01606425702811245 0.025735294117647058
1 0.40602409638554215 0.19209558823529413 0.010441767068273093 0.02022058823529412
1 0.39518072289156625 0.18382352941176472 0.014457831325301205 0.03125
1 0.3791164658634538 0.17738970588235295 0.01285140562248996 0.02389705882352941
1 0.3686746987951807 0.17693014705882354 0.01285140562248996 0.02297794117647059
1 0.3602409638554217 0.1875 0.013654618473895583 0.022058823529411766
1 0.3497991967871486 0.1870404411764706 0.015261044176706828 0.024816176470588234
1 0.3321285140562249 0.18428308823529413 0.021686746987951807 0.03216911764705882
1 0.25542168674698795 0.22242647058823528 0.020883534136546186 0.04044117647058824
1 0.16546184738955824 0.24724264705882354 0.017670682730923693 0.034926470588235295
1 0.14176706827309238 0.25965073529411764 0.013654618473895583 0.03768382352941176
1 0.12329317269076305 0.2693014705882353 0.012048192771084338 0.03125
1 0.10883534136546184 0.28262867647058826 0.013654618473895583 0.02849264705882353
1 0.09718875502008033 0.2890625 0.00963855421686747 0.02297794117647059
1 0.5465863453815261 0.22840073529411764 0.028112449799196786 0.02297794117647059
1 0.45863453815261046 0.20680147058823528 0.01606425702811245 0.034926470588235295
1 0.4887550200803213 0.22334558823529413 0.018473895582329317 0.03676470588235294
1 0.40281124497991966 0.21553308823529413 0.03453815261044177 0.03768382352941176
2 0.797991967871486 0.33777573529411764 0.008835341365461847 0.015625
1 0.5265060240963856 0.46139705882352944 0.07309236947791165 0.08272058823529412
1 0.802008032128514 0.36672794117647056 0.012048192771084338 0.016544117647058824
1 0.8526104417670682 0.5919117647058824 0.04257028112449799 0.05514705882352941
1 0.7654618473895582 0.36902573529411764 0.01927710843373494 0.02665441176470588
1 0.6923694779116466 0.2725183823529412 0.020883534136546186 0.019301470588235295
1 0.6449799196787148 0.2587316176470588 0.020883534136546186 0.02297794117647059
