1 0.1642570281124498 0.3616727941176471 0.06666666666666667 0.09283088235294118
1 0.25020080321285143 0.7936580882352942 0.09236947791164658 0.11672794117647059
3 0.3437751004016064 0.8042279411764706 0.06746987951807229 0.06801470588235294
1 0.3112449799196787 0.15119485294117646 0.013654618473895583 0.015625
1 0.3437751004016064 0.15762867647058823 0.014457831325301205 0.021139705882352942
2 0.2457831325301205 0.1567095588235294 0.020883534136546186 0.019301470588235295
2 0.3606425702811245 0.18933823529411764 0.05461847389558233 0.03860294117647059
2 0.37670682730923694 0.17371323529411764 0.043373493975903614 0.03308823529411765
2 0.4971887550200803 0.28400735294117646 0.10763052208835341 0.08455882352941177
2 0.3678714859437751 0.14292279411764705 0.046586345381526104 0.024816176470588234
2 0.42088353413654617 0.16130514705882354 0.05140562248995984 0.030330882352941176
1 0.5401606425702812 0.20220588235294118 0.02650602409638554 0.03125
1 0.5606425702811245 0.21645220588235295 0.027309236947791166 0.030330882352941176
2 0.6437751004016065 0.2270220588235294 0.02650602409638554 0.022058823529411766
2 0.6634538152610442 0.22426470588235295 0.02248995983935743 0.022058823529411766
2 0.7959839357429719 0.45174632352941174 0.05461847389558233 0.07996323529411764
1 0.6899598393574298 0.36534926470588236 0.046586345381526104 0.06525735294117647
1 0.659437751004016 0.32215073529411764 0.033734939759036145 0.046875
1 0.8076305220883534 0.5248161764705882 0.05220883534136546 0.04963235294117647
1 0.8843373493975903 0.7077205882352942 0.033734939759036145 0.034926470588235295
2 0.7285140562248996 0.4494485294117647 0.10602409638554217 0.1213235294117647
1 0.608433734939759 0.22288602941176472 0.015261044176706828 0.021139705882352942
1 0.6180722891566265 0.23023897058823528 0.018473895582329317 0.02665441176470588
1 0.6694779116465863 0.23667279411764705 0.010441767068273093 0.013786764705882353
1 0.6771084337349398 0.2421875 0.011244979919678716 0.017463235294117647
1 0.6947791164658634 0.23115808823529413 0.00963855421686747 0.015625
1 0.7052208835341366 0.25183823529411764 0.01285140562248996 0.01838235294117647
1 0.6670682730923695 0.2532169117647059 0.018473895582329317 0.021139705882352942
2 0.7795180722891566 0.5905330882352942 0.1389558232931727 0.1645220588235294
2 0.7072289156626506 0.6792279411764706 0.16947791164658635 0.23529411764705882
0 0.8377510040160643 0.5983455882352942 0.09959839357429719 0.14705882352941177
2 0.8923694779116466 0.7743566176470589 0.0321285140562249 0.06893382352941177
2 0.8811244979919679 0.8455882352941176 0.030522088353413655 0.05330882352941176
3 0.6879518072289157 0.29181985294117646 0.015261044176706828 0.02849264705882353
3 0.6967871485943775 0.29871323529411764 0.013654618473895583 0.027573529411764705
1 0.7032128514056225 0.32858455882352944 0.024899598393574297 0.035845588235294115
2 0.44899598393574297 0.9287683823529411 0.20722891566265061 0.14246323529411764
2 0.2891566265060241 0.17601102941176472 0.033734939759036145 0.03400735294117647
2 0.26827309236947794 0.16865808823529413 0.02891566265060241 0.02849264705882353
1 0.22570281124497993 0.16084558823529413 0.011244979919678716 0.012867647058823529
1 0.21365461847389558 0.17555147058823528 0.011244979919678716 0.01838235294117647
2 0.2819277108433735 0.15441176470588236 0.024096385542168676 0.016544117647058824
1 0.6542168674698795 0.29641544117647056 0.020080321285140562 0.03216911764705882
