2 0.30040650406504066 0.1792279411764706 0.034959349593495934 0.029411764705882353
2 0.3983739837398374 0.16681985294117646 0.04065040650406504 0.03400735294117647
1 0.8691056910569106 0.6148897058823529 0.03414634146341464 0.025735294117647058
1 0.8617886178861789 0.6677389705882353 0.04065040650406504 0.03952205882352941
1 0.8471544715447155 0.6989889705882353 0.04390243902439024 0.05606617647058824
4 0.13739837398373983 0.2541360294117647 0.061788617886178863 0.08547794117647059
1 0.7878048780487805 0.2725183823529412 0.00975609756097561 0.013786764705882353
1 0.8544715447154472 0.33318014705882354 0.00975609756097561 0.015625
1 0.8369918699186992 0.3336397058823529 0.01056910569105691 0.01838235294117647
1 0.8292682926829268 0.36075367647058826 0.016260162601626018 0.02297794117647059
1 0.8093495934959349 0.33731617647058826 0.01707317073170732 0.02389705882352941
2 0.7959349593495935 0.3005514705882353 0.027642276422764227 0.027573529411764705
1 0.7300813008130081 0.25735294117647056 0.016260162601626018 0.02389705882352941
2 0.6593495934959349 0.2665441176470588 0.08455284552845528 0.04595588235294118
2 0.10203252032520325 0.3506433823529412 0.07398373983739838 0.08547794117647059
1 0.4947154471544715 0.18336397058823528 0.023577235772357725 0.02665441176470588
1 0.49065040650406505 0.2104779411764706 0.046341463414634146 0.04044117647058824
1 0.22764227642276422 0.24678308823529413 0.04552845528455285 0.050551470588235295
1 0.12560975609756098 0.2844669117647059 0.02032520325203252 0.03216911764705882
2 0.8260162601626017 0.3000919117647059 0.01788617886178862 0.021139705882352942
1 0.6955284552845529 0.22748161764705882 0.01869918699186992 0.03216911764705882
