2 0.8044270833333333 0.12729779411764705 0.0453125 0.07996323529411764
1 0.1109375 0.8920036764705882 0.03854166666666667 0.10753676470588236
1 0.025520833333333333 0.8409926470588235 0.026041666666666668 0.07536764705882353
1 0.04973958333333333 0.8460477941176471 0.030729166666666665 0.09650735294117647
2 0.0765625 0.2679227941176471 0.03125 0.06709558823529412
1 0.8265625 0.16819852941176472 0.014583333333333334 0.027573529411764705
1 0.5817708333333333 0.13189338235294118 0.05520833333333333 0.09283088235294118
1 0.9145833333333333 0.359375 0.0125 0.027573529411764705
1 0.17578125 0.17601102941176472 0.025520833333333333 0.06709558823529412
2 0.04739583333333333 0.5418198529411765 0.05416666666666667 0.10018382352941177
2 0.01484375 0.4852941176470588 0.019270833333333334 0.05698529411764706
3 0.32526041666666666 0.05422794117647059 0.016145833333333335 0.058823529411764705
1 0.8708333333333333 0.2265625 0.011458333333333333 0.02297794117647059
2 0.038802083333333334 0.3161764705882353 0.0140625 0.027573529411764705
