2 0.9885416666666667 0.459375 0.01875 0.03125
2 0.9859375 0.48541666666666666 0.015625 0.020833333333333332
2 0.97578125 0.47239583333333335 0.0171875 0.027083333333333334
2 0.8880208333333334 0.228125 0.020833333333333332 0.01875
0 0.9890625 0.5932291666666667 0.021875 0.03125
1 0.8239583333333333 0.13463541666666667 0.016666666666666666 0.0171875
2 0.02109375 0.31875 0.0171875 0.016666666666666666
1 0.04583333333333333 0.27005208333333336 0.014583333333333334 0.008854166666666666
2 0.6708333333333333 0.13072916666666667 0.10104166666666667 0.06979166666666667
4 0.8171875 0.07421875 0.023958333333333335 0.0265625
