2 0.7165322580645161 0.40808823529411764 0.07983870967741935 0.08823529411764706
1 0.17096774193548386 0.6856617647058824 0.07903225806451612 0.0661764705882353
1 0.7205645161290323 0.36856617647058826 0.02338709677419355 0.027573529411764705
1 0.42338709677419356 0.5703125 0.08387096774193549 0.1332720588235294
1 0.7592741935483871 0.9315257352941176 0.06693548387096775 0.03768382352941176
1 0.24475806451612903 0.25965073529411764 0.031451612903225803 0.05974264705882353
1 0.16774193548387098 0.3005514705882353 0.041935483870967745 0.058823529411764705
1 0.4229838709677419 0.1801470588235294 0.025 0.02389705882352941
1 0.4129032258064516 0.19393382352941177 0.017741935483870968 0.02389705882352941
1 0.39395161290322583 0.19852941176470587 0.02338709677419355 0.029411764705882353
1 0.4661290322580645 0.23713235294117646 0.03064516129032258 0.042279411764705885
1 0.48508064516129035 0.19255514705882354 0.021774193548387097 0.02297794117647059
1 0.5056451612903226 0.1948529411764706 0.016129032258064516 0.025735294117647058
1 0.5758064516129032 0.21231617647058823 0.014516129032258065 0.022058823529411766
2 0.555241935483871 0.3382352941176471 0.13629032258064516 0.11580882352941177
2 0.8370967741935483 0.6989889705882353 0.07096774193548387 0.12408088235294118
2 0.822983870967742 0.5372242647058824 0.07661290322580645 0.10386029411764706
2 0.2794354838709677 0.17601102941176472 0.03467741935483871 0.030330882352941176
2 0.2616935483870968 0.16498161764705882 0.025 0.02665441176470588
2 0.32661290322580644 0.171875 0.03387096774193549 0.029411764705882353
1 0.2870967741935484 0.1948529411764706 0.016129032258064516 0.027573529411764705
1 0.6233870967741936 0.23115808823529413 0.014516129032258065 0.019301470588235295
2 0.6689516129032258 0.22472426470588236 0.016935483870967744 0.019301470588235295
3 0.775 0.4600183823529412 0.03870967741935484 0.046875
2 0.6471774193548387 0.22748161764705882 0.028225806451612902 0.02297794117647059
