2 0.9885416666666667 0.46119791666666665 0.017708333333333333 0.030729166666666665
2 0.98515625 0.4864583333333333 0.018229166666666668 0.019791666666666666
2 0.9760416666666667 0.47317708333333336 0.017708333333333333 0.030729166666666665
2 0.8875 0.228125 0.022916666666666665 0.01875
1 0.8401041666666667 0.15234375 0.016666666666666666 0.021354166666666667
2 0.79921875 0.09765625 0.021354166666666667 0.024479166666666666
2 0.7973958333333333 0.07708333333333334 0.017708333333333333 0.01875
2 0.04973958333333333 0.23671875 0.0171875 0.019270833333333334
1 0.026822916666666665 0.3015625 0.0140625 0.008333333333333333
2 0.9552083333333333 0.60703125 0.020833333333333332 0.025520833333333333
3 0.05546875 0.334375 0.027604166666666666 0.0125
2 0.8505208333333333 0.48125 0.057291666666666664 0.07083333333333333
2 0.7888020833333333 0.12916666666666668 0.0328125 0.03229166666666667
4 0.6067708333333334 0.01796875 0.057291666666666664 0.034895833333333334
1 0.5747395833333333 0.41302083333333334 0.07239583333333334 0.04583333333333333
2 0.9786458333333333 0.6026041666666667 0.0125 0.017708333333333333
