1 0.14779116465863454 0.3515625 0.02570281124497992 0.021139705882352942
1 0.14417670682730924 0.3625919117647059 0.028112449799196786 0.021139705882352942
1 0.13694779116465863 0.3791360294117647 0.023293172690763052 0.02297794117647059
1 0.13132530120481928 0.39246323529411764 0.020080321285140562 0.02389705882352941
1 0.12650602409638553 0.4071691176470588 0.02650602409638554 0.022058823529411766
1 0.12008032128514057 0.4264705882352941 0.028112449799196786 0.025735294117647058
1 0.11285140562248996 0.44715073529411764 0.02650602409638554 0.02849264705882353
1 0.10281124497991968 0.4728860294117647 0.02891566265060241 0.030330882352941176
1 0.09598393574297188 0.5032169117647058 0.028112449799196786 0.03216911764705882
1 0.08714859437751005 0.7297794117647058 0.028112449799196786 0.03125
1 0.09036144578313253 0.7555147058823529 0.028112449799196786 0.025735294117647058
1 0.10401606425702811 0.8134191176470589 0.028112449799196786 0.02389705882352941
2 0.6220883534136546 0.10983455882352941 0.0393574297188755 0.024816176470588234
2 0.5718875502008032 0.08363970588235294 0.024096385542168676 0.01838235294117647
0 0.38795180722891565 0.0978860294117647 0.04497991967871486 0.04136029411764706
2 0.3072289156626506 0.4039522058823529 0.11485943775100402 0.24908088235294118
3 0.7951807228915663 0.21323529411764705 0.014457831325301205 0.027573529411764705
2 0.7128514056224899 0.9048713235294118 0.11325301204819277 0.18841911764705882
3 0.9514056224899599 0.5919117647058824 0.024899598393574297 0.027573529411764705
2 0.4610441767068273 0.09834558823529412 0.027309236947791166 0.027573529411764705
2 0.42931726907630524 0.09191176470588236 0.024899598393574297 0.02022058823529412
2 0.41445783132530123 0.109375 0.030522088353413655 0.025735294117647058
3 0.7289156626506024 0.15900735294117646 0.013654618473895583 0.02389705882352941
3 0.29036144578313255 0.14476102941176472 0.015261044176706828 0.013786764705882353
1 0.9265060240963855 0.4572610294117647 0.021686746987951807 0.030330882352941176
1 0.8429718875502008 0.40119485294117646 0.04417670682730924 0.05422794117647059
1 0.44377510040160645 0.16957720588235295 0.04899598393574297 0.03768382352941176
3 0.3401606425702811 0.25137867647058826 0.03453815261044177 0.05238970588235294
3 0.2963855421686747 0.26424632352941174 0.027309236947791166 0.030330882352941176
3 0.2465863453815261 0.3717830882352941 0.024096385542168676 0.04871323529411765
2 0.3309236947791165 0.13051470588235295 0.0321285140562249 0.03308823529411765
3 0.948995983935743 0.5661764705882353 0.020080321285140562 0.022058823529411766
1 0.18634538152610441 0.2734375 0.01927710843373494 0.030330882352941176
1 0.7726907630522089 0.9306066176470589 0.05783132530120482 0.0744485294117647
