2 0.67421875 0.159375 0.0203125 0.019791666666666666
2 0.7106770833333333 0.18359375 0.021354166666666667 0.0203125
2 0.7213541666666666 0.16822916666666668 0.013541666666666667 0.013541666666666667
2 0.6434895833333333 0.14583333333333334 0.018229166666666668 0.014583333333333334
2 0.5572916666666666 0.1375 0.030208333333333334 0.019791666666666666
0 0.18958333333333333 0.22057291666666667 0.041666666666666664 0.028645833333333332
2 0.13177083333333334 0.88125 0.057291666666666664 0.090625
4 0.07213541666666666 0.8377604166666667 0.058854166666666666 0.1015625
1 0.36770833333333336 0.16640625 0.01875 0.025520833333333333
1 0.2981770833333333 0.26796875 0.0453125 0.044270833333333336
1 0.5684895833333333 0.18333333333333332 0.018229166666666668 0.029166666666666667
1 0.036458333333333336 0.6916666666666667 0.034375 0.019791666666666666
2 0.24401041666666667 0.2565104166666667 0.06614583333333333 0.04739583333333333
2 0.6328125 0.16432291666666668 0.03125 0.025520833333333333
2 0.059375 0.4200520833333333 0.034375 0.05260416666666667
2 0.5104166666666666 0.17916666666666667 0.06145833333333333 0.03125
2 0.10598958333333333 0.40286458333333336 0.06510416666666667 0.0671875
2 0.60703125 0.15182291666666667 0.03177083333333333 0.022395833333333334
2 0.0421875 0.4276041666666667 0.015625 0.0375
2 0.7333333333333333 0.17734375 0.017708333333333333 0.019270833333333334
1 0.7963541666666667 0.25885416666666666 0.027083333333333334 0.023958333333333335
