2 0.8872395833333333 0.22838541666666667 0.0203125 0.019270833333333334
2 0.97734375 0.47239583333333335 0.0203125 0.028125
3 0.86171875 0.159375 0.013020833333333334 0.0125
3 0.190625 0.14010416666666667 0.021875 0.023958333333333335
3 0.8479166666666667 0.5911458333333334 0.04583333333333333 0.01875
3 0.8520833333333333 0.6010416666666667 0.041666666666666664 0.021875
3 0.9770833333333333 0.43385416666666665 0.01875 0.008333333333333333
3 0.9776041666666667 0.4427083333333333 0.016666666666666666 0.007291666666666667
1 0.95859375 0.6130208333333333 0.018229166666666668 0.009375
1 0.95390625 0.6270833333333333 0.019270833333333334 0.013541666666666667
1 0.9190104166666667 0.6138020833333333 0.030729166666666665 0.019270833333333334
1 0.8559895833333333 0.5171875 0.0453125 0.026041666666666668
1 0.825 0.14401041666666667 0.020833333333333332 0.0296875
0 0.071875 0.240625 0.07916666666666666 0.06354166666666666
0 0.03229166666666667 0.27708333333333335 0.029166666666666667 0.021875
4 0.9830729166666666 0.609375 0.0234375 0.025
1 0.4127604166666667 0.3109375 0.0703125 0.05416666666666667
1 0.11432291666666666 0.25026041666666665 0.030729166666666665 0.025520833333333333
1 0.0515625 0.28567708333333336 0.020833333333333332 0.0203125
1 0.07317708333333334 0.3059895833333333 0.028645833333333332 0.016145833333333335
1 0.8018229166666667 0.08541666666666667 0.0109375 0.013541666666666667
2 0.16927083333333334 0.35963541666666665 0.09270833333333334 0.06614583333333333
2 0.16302083333333334 0.25677083333333334 0.07291666666666667 0.05625
2 0.9833333333333333 0.590625 0.011458333333333333 0.016666666666666666
2 0.39010416666666664 0.12473958333333333 0.12604166666666666 0.0765625
2 0.7895833333333333 0.06614583333333333 0.015625 0.017708333333333333
2 0.8125 0.12161458333333333 0.026041666666666668 0.030729166666666665
2 0.7682291666666666 0.1390625 0.04895833333333333 0.0375
2 0.634375 0.13072916666666667 0.09791666666666667 0.06041666666666667
2 0.09895833333333333 0.19583333333333333 0.027083333333333334 0.029166666666666667
