3 0.8288617886178862 0.5606617647058824 0.07560975609756097 0.11764705882352941
1 0.2739837398373984 0.23207720588235295 0.022764227642276424 0.03216911764705882
0 0.8833333333333333 0.28308823529411764 0.05609756097560976 0.08272058823529412
2 0.46991869918699186 0.2766544117647059 0.16747967479674797 0.08823529411764706
2 0.8520325203252033 0.3079044117647059 0.06666666666666667 0.0625
2 0.11626016260162601 0.34329044117647056 0.03414634146341464 0.03216911764705882
2 0.1073170731707317 0.3639705882352941 0.027642276422764227 0.029411764705882353
2 0.2097560975609756 0.27527573529411764 0.055284552845528454 0.043198529411764705
2 0.2008130081300813 0.29411764705882354 0.04878048780487805 0.05330882352941176
0 0.08089430894308942 0.44669117647058826 0.08048780487804878 0.11397058823529412
3 0.09796747967479674 0.5960477941176471 0.046341463414634146 0.057904411764705885
3 0.108130081300813 0.6498161764705882 0.04227642276422764 0.058823529411764705
3 0.10203252032520325 0.6769301470588235 0.05772357723577236 0.057904411764705885
1 0.15691056910569107 0.3037683823529412 0.011382113821138212 0.017463235294117647
2 0.8516260162601627 0.25827205882352944 0.02195121951219512 0.02389705882352941
