2 0.2991869918699187 0.17876838235294118 0.04227642276422764 0.03768382352941176
2 0.3975609756097561 0.1636029411764706 0.04552845528455285 0.04411764705882353
2 0.7963414634146342 0.5009191176470589 0.0951219512195122 0.10661764705882353
2 0.6841463414634147 0.6870404411764706 0.13089430894308943 0.296875
1 0.8731707317073171 0.6194852941176471 0.04715447154471545 0.0625
1 0.3459349593495935 0.18612132352941177 0.02195121951219512 0.04503676470588235
1 0.8552845528455284 0.6714154411764706 0.05203252032520325 0.05238970588235294
1 0.8471544715447155 0.7113970588235294 0.056910569105691054 0.05698529411764706
2 0.47235772357723577 0.2509191176470588 0.14796747967479676 0.08455882352941177
2 0.6634146341463415 0.3102022058823529 0.0991869918699187 0.078125
2 0.5365853658536586 0.4352022058823529 0.22764227642276422 0.13694852941176472
1 0.42276422764227645 0.5661764705882353 0.12682926829268293 0.09558823529411764
1 0.26422764227642276 0.22058823529411764 0.04878048780487805 0.05514705882352941
1 0.2813008130081301 0.23759191176470587 0.05365853658536585 0.05238970588235294
1 0.20934959349593496 0.27389705882352944 0.06097560975609756 0.0625
2 0.13089430894308943 0.2858455882352941 0.07154471544715447 0.08088235294117647
2 0.07113821138211382 0.42325367647058826 0.06747967479674796 0.11121323529411764
2 0.8 0.27849264705882354 0.02113821138211382 0.01838235294117647
2 0.7365853658536585 0.28079044117647056 0.055284552845528454 0.04136029411764706
2 0.782520325203252 0.32766544117647056 0.04959349593495935 0.043198529411764705
1 0.7699186991869919 0.27389705882352944 0.01951219512195122 0.029411764705882353
1 0.698780487804878 0.24494485294117646 0.03008130081300813 0.030330882352941176
1 0.7508130081300813 0.25827205882352944 0.02032520325203252 0.02022058823529412
1 0.8235772357723578 0.35202205882352944 0.02113821138211382 0.02389705882352941
1 0.8256097560975609 0.39108455882352944 0.028455284552845527 0.03216911764705882
1 0.7719512195121951 0.41590073529411764 0.038211382113821135 0.043198529411764705
3 0.8272357723577236 0.6024816176470589 0.06097560975609756 0.05422794117647059
3 0.7995934959349593 0.5974264705882353 0.046341463414634146 0.04595588235294118
1 0.759349593495935 0.5523897058823529 0.06504065040650407 0.07169117647058823
1 0.6451219512195122 0.2270220588235294 0.034959349593495934 0.042279411764705885
4 0.1329268292682927 0.25827205882352944 0.06422764227642276 0.09375
1 0.08699186991869919 0.34512867647058826 0.026016260162601626 0.043198529411764705
1 0.8296747967479675 0.33088235294117646 0.023577235772357725 0.02389705882352941
