2 0.2991869918699187 0.18106617647058823 0.04227642276422764 0.03860294117647059
2 0.3959349593495935 0.1640625 0.04715447154471545 0.04136029411764706
1 0.341869918699187 0.18612132352941177 0.026829268292682926 0.046875
1 0.46504065040650405 0.17876838235294118 0.03414634146341464 0.03768382352941176
4 0.6105691056910569 0.2619485294117647 0.12682926829268293 0.08088235294117647
2 0.27967479674796747 0.2545955882352941 0.13983739837398373 0.0900735294117647
1 0.35528455284552846 0.20726102941176472 0.04065040650406504 0.04871323529411765
1 0.38333333333333336 0.18887867647058823 0.038211382113821135 0.04136029411764706
1 0.45365853658536587 0.19761029411764705 0.04227642276422764 0.04411764705882353
1 0.4121951219512195 0.4678308823529412 0.10569105691056911 0.09558823529411764
2 0.526829268292683 0.22058823529411764 0.1008130081300813 0.05330882352941176
2 0.5345528455284553 0.3460477941176471 0.1910569105691057 0.1056985294117647
2 0.717479674796748 0.2849264705882353 0.06260162601626017 0.04411764705882353
1 0.6439024390243903 0.2270220588235294 0.024390243902439025 0.03308823529411765
1 0.7032520325203252 0.23988970588235295 0.02113821138211382 0.022058823529411766
1 0.7617886178861789 0.25919117647058826 0.01788617886178862 0.022058823529411766
2 0.7203252032520325 0.2578125 0.04715447154471545 0.03400735294117647
2 0.7703252032520326 0.28079044117647056 0.036585365853658534 0.030330882352941176
2 0.8008130081300813 0.2890625 0.022764227642276424 0.02297794117647059
2 0.8130081300813008 0.28860294117647056 0.01951219512195122 0.02022058823529412
1 0.801219512195122 0.31295955882352944 0.015447154471544716 0.02297794117647059
1 0.7617886178861789 0.3005514705882353 0.022764227642276424 0.02389705882352941
1 0.8044715447154471 0.42371323529411764 0.034959349593495934 0.05330882352941176
1 0.7621951219512195 0.40119485294117646 0.03983739837398374 0.05606617647058824
2 0.774390243902439 0.33547794117647056 0.05121951219512195 0.051470588235294115
1 0.8719512195121951 0.6263786764705882 0.046341463414634146 0.06525735294117647
1 0.8463414634146341 0.7077205882352942 0.05365853658536585 0.06433823529411764
1 0.2097560975609756 0.2192095588235294 0.016260162601626018 0.035845588235294115
1 0.05203252032520325 0.47380514705882354 0.027642276422764227 0.057904411764705885
