2 0.3008130081300813 0.17830882352941177 0.03577235772357724 0.029411764705882353
2 0.3983739837398374 0.16590073529411764 0.04065040650406504 0.03400735294117647
1 0.8695121951219512 0.6158088235294118 0.034959349593495934 0.027573529411764705
1 0.8613821138211382 0.6681985294117647 0.03983739837398374 0.04044117647058824
1 0.8455284552845529 0.6994485294117647 0.04227642276422764 0.05514705882352941
4 0.13739837398373983 0.2541360294117647 0.061788617886178863 0.08363970588235294
2 0.833739837398374 0.2844669117647059 0.01056910569105691 0.013786764705882353
2 0.8378048780487805 0.29641544117647056 0.012195121951219513 0.015625
1 0.765040650406504 0.2578125 0.013008130081300813 0.013786764705882353
1 0.7634146341463415 0.2702205882352941 0.014634146341463415 0.01838235294117647
2 0.8150406504065041 0.2936580882352941 0.01869918699186992 0.021139705882352942
2 0.7995934959349593 0.3014705882352941 0.026829268292682926 0.027573529411764705
4 0.6979674796747968 0.26746323529411764 0.07886178861788617 0.06433823529411764
2 0.4146341463414634 0.21783088235294118 0.13658536585365855 0.0625
2 0.11422764227642276 0.3056066176470588 0.07073170731707316 0.08915441176470588
1 0.49796747967479676 0.18382352941176472 0.026829268292682926 0.029411764705882353
1 0.47804878048780486 0.19898897058823528 0.03414634146341464 0.035845588235294115
1 0.2845528455284553 0.21277573529411764 0.04552845528455285 0.03952205882352941
1 0.2097560975609756 0.23897058823529413 0.027642276422764227 0.04044117647058824
1 0.23089430894308943 0.2509191176470588 0.04065040650406504 0.058823529411764705
1 0.35528455284552846 0.2532169117647059 0.056910569105691054 0.06158088235294118
3 0.3508130081300813 0.171875 0.01707317073170732 0.03125
1 0.6215447154471545 0.21277573529411764 0.028455284552845527 0.02849264705882353
