2 0.98828125 0.46041666666666664 0.018229166666666668 0.03125
2 0.9872395833333333 0.48541666666666666 0.0140625 0.01875
2 0.97734375 0.47239583333333335 0.018229166666666668 0.028125
2 0.8877604166666667 0.22786458333333334 0.0203125 0.018229166666666668
3 0.15807291666666667 0.14244791666666667 0.018229166666666668 0.018229166666666668
0 0.9888020833333333 0.60546875 0.0140625 0.021354166666666667
1 0.04739583333333333 0.2786458333333333 0.016666666666666666 0.0125
4 0.815625 0.07421875 0.021875 0.024479166666666666
2 0.9734375 0.63984375 0.013541666666666667 0.013020833333333334
2 0.85546875 0.3619791666666667 0.0671875 0.078125
2 0.9520833333333333 0.58828125 0.021875 0.0265625
1 0.7338541666666667 0.49973958333333335 0.057291666666666664 0.034895833333333334
1 0.017708333333333333 0.3078125 0.010416666666666666 0.007291666666666667
2 0.16067708333333333 0.21875 0.05364583333333333 0.040625
2 0.09114583333333333 0.24765625 0.034375 0.03177083333333333
2 0.05416666666666667 0.2453125 0.019791666666666666 0.01875
2 0.05755208333333333 0.2625 0.024479166666666666 0.019791666666666666
2 0.27395833333333336 0.15364583333333334 0.07604166666666666 0.059375
1 0.06067708333333333 0.271875 0.019270833333333334 0.014583333333333334
4 0.5934895833333333 0.009635416666666667 0.0296875 0.018229166666666668
