1 0.41566265060240964 0.19255514705882354 0.013654618473895583 0.021139705882352942
1 0.40522088353413654 0.19025735294117646 0.010441767068273093 0.02389705882352941
1 0.39437751004016064 0.18520220588235295 0.01285140562248996 0.02849264705882353
1 0.378714859437751 0.17463235294117646 0.013654618473895583 0.022058823529411766
1 0.3678714859437751 0.17509191176470587 0.011244979919678716 0.02297794117647059
1 0.3606425702811245 0.18841911764705882 0.01285140562248996 0.022058823529411766
1 0.3485943775100402 0.18841911764705882 0.011244979919678716 0.022058823529411766
1 0.3333333333333333 0.18428308823529413 0.01927710843373494 0.02849264705882353
1 0.25582329317269076 0.22288602941176472 0.021686746987951807 0.043198529411764705
1 0.16586345381526105 0.24586397058823528 0.021686746987951807 0.04136029411764706
1 0.142570281124498 0.25827205882352944 0.013654618473895583 0.04044117647058824
1 0.12248995983935743 0.2688419117647059 0.012048192771084338 0.03400735294117647
1 0.10722891566265061 0.28262867647058826 0.013654618473895583 0.02665441176470588
1 0.09598393574297188 0.2881433823529412 0.010441767068273093 0.02297794117647059
1 0.5457831325301205 0.23069852941176472 0.03293172690763052 0.027573529411764705
2 0.7281124497991968 0.3203125 0.028112449799196786 0.035845588235294115
2 0.7835341365461848 0.32215073529411764 0.010441767068273093 0.015625
2 0.6947791164658634 0.3180147058823529 0.040160642570281124 0.03308823529411765
2 0.6453815261044177 0.3616727941176471 0.08112449799196787 0.06341911764705882
2 0.757429718875502 0.34375 0.024096385542168676 0.027573529411764705
2 0.7971887550200804 0.34099264705882354 0.010441767068273093 0.011029411764705883
1 0.7943775100401607 0.35431985294117646 0.008032128514056224 0.01011029411764706
1 0.793574297188755 0.3704044117647059 0.00963855421686747 0.014705882352941176
1 0.6008032128514056 0.25183823529411764 0.01606425702811245 0.02022058823529412
3 0.7963855421686747 0.39981617647058826 0.012048192771084338 0.022058823529411766
2 0.44417670682730925 0.19025735294117646 0.04819277108433735 0.04779411764705882
3 0.3309236947791165 0.8170955882352942 0.05943775100401606 0.05330882352941176
2 0.12610441767068273 0.3272058823529412 0.10763052208835341 0.10294117647058823
2 0.08313253012048193 0.5036764705882353 0.0570281124497992 0.12867647058823528
1 0.3377510040160643 0.6020220588235294 0.11164658634538152 0.11213235294117647
1 0.6895582329317269 0.27205882352941174 0.016867469879518072 0.02022058823529412
1 0.7578313253012048 0.37545955882352944 0.020080321285140562 0.030330882352941176
1 0.6445783132530121 0.2568933823529412 0.021686746987951807 0.024816176470588234
