2 0.8046875 0.12729779411764705 0.04479166666666667 0.07996323529411764
1 0.1109375 0.8920036764705882 0.03854166666666667 0.10753676470588236
1 0.02578125 0.8409926470588235 0.0265625 0.07536764705882353
1 0.04973958333333333 0.8465073529411765 0.03177083333333333 0.0974264705882353
2 0.0765625 0.2679227941176471 0.03125 0.06709558823529412
3 0.8236979166666667 0.43106617647058826 0.043229166666666666 0.07352941176470588
3 0.83984375 0.4696691176470588 0.044270833333333336 0.07720588235294118
3 0.37005208333333334 0.03768382352941176 0.0140625 0.05330882352941176
1 0.8265625 0.16819852941176472 0.014583333333333334 0.027573529411764705
1 0.8658854166666666 0.5238970588235294 0.0390625 0.07352941176470588
2 0.058333333333333334 0.5785845588235294 0.058333333333333334 0.12040441176470588
1 0.8703125 0.2261029411764706 0.010416666666666666 0.022058823529411766
