2 0.3008130081300813 0.17830882352941177 0.03577235772357724 0.029411764705882353
2 0.3983739837398374 0.16590073529411764 0.04065040650406504 0.03400735294117647
1 0.8695121951219512 0.6158088235294118 0.034959349593495934 0.027573529411764705
1 0.8613821138211382 0.6681985294117647 0.03983739837398374 0.04044117647058824
1 0.8455284552845529 0.6994485294117647 0.04227642276422764 0.05514705882352941
4 0.13739837398373983 0.2541360294117647 0.061788617886178863 0.08363970588235294
3 0.3524390243902439 0.1723345588235294 0.01707317073170732 0.03216911764705882
1 0.7495934959349594 0.25827205882352944 0.01951219512195122 0.02389705882352941
1 0.7113821138211383 0.24678308823529413 0.014634146341463415 0.02297794117647059
2 0.8284552845528456 0.2853860294117647 0.013008130081300813 0.015625
2 0.8296747967479675 0.3023897058823529 0.013821138211382113 0.01838235294117647
2 0.7869918699186992 0.28768382352941174 0.026016260162601626 0.025735294117647058
2 0.5703252032520325 0.2265625 0.091869918699187 0.050551470588235295
1 0.6621951219512195 0.22426470588235295 0.01869918699186992 0.02389705882352941
1 0.6760162601626016 0.24034926470588236 0.01869918699186992 0.02849264705882353
2 0.732520325203252 0.2867647058823529 0.05853658536585366 0.042279411764705885
2 0.21585365853658536 0.2610294117647059 0.108130081300813 0.08823529411764706
4 0.32113821138211385 0.2775735294117647 0.19349593495934958 0.11764705882352941
1 0.48739837398373986 0.18979779411764705 0.043089430894308944 0.03952205882352941
1 0.13089430894308943 0.28125 0.02926829268292683 0.04779411764705882
