1 0.17258064516129032 0.6870404411764706 0.07903225806451612 0.06709558823529412
1 0.7298387096774194 0.3828125 0.025806451612903226 0.02849264705882353
1 0.742741935483871 0.3984375 0.024193548387096774 0.02849264705882353
1 0.7495967741935484 0.4117647058823529 0.025 0.03125
1 0.4467741935483871 0.20542279411764705 0.025806451612903226 0.03952205882352941
1 0.2717741935483871 0.33777573529411764 0.04032258064516129 0.078125
1 0.3116935483870968 0.19806985294117646 0.021774193548387097 0.02849264705882353
1 0.33145161290322583 0.20404411764705882 0.020967741935483872 0.03125
0 0.32298387096774195 0.15441176470588236 0.07983870967741935 0.05698529411764706
0 0.8463709677419354 0.6709558823529411 0.15080645161290324 0.30514705882352944
2 0.29193548387096774 0.18382352941176472 0.03870967741935484 0.03308823529411765
2 0.26048387096774195 0.171875 0.03064516129032258 0.027573529411764705
2 0.6358870967741935 0.23023897058823528 0.02661290322580645 0.024816176470588234
1 0.5584677419354839 0.22012867647058823 0.029838709677419355 0.030330882352941176
