0 0.2780487804878049 0.21691176470588236 0.15609756097560976 0.09926470588235294
0 0.32113821138211385 0.28170955882352944 0.35284552845528455 0.2270220588235294
0 0.7654471544715448 0.2339154411764706 0.19593495934959348 0.12959558823529413
3 0.1991869918699187 0.6842830882352942 0.06341463414634146 0.07261029411764706
3 0.06097560975609756 0.5785845588235294 0.026016260162601626 0.04136029411764706
2 0.08008130081300813 0.4319852941176471 0.028455284552845527 0.042279411764705885
2 0.04878048780487805 0.4650735294117647 0.016260162601626018 0.02389705882352941
1 0.06544715447154471 0.49080882352941174 0.02032520325203252 0.029411764705882353
1 0.37642276422764226 0.35983455882352944 0.07804878048780488 0.07261029411764706
1 0.20650406504065041 0.3952205882352941 0.05040650406504065 0.0625
1 0.11341463414634147 0.4462316176470588 0.026829268292682926 0.04136029411764706
2 0.5617886178861788 0.1875 0.1024390243902439 0.04595588235294118
1 0.8439024390243902 0.33318014705882354 0.03414634146341464 0.046875
3 0.6069105691056911 0.16130514705882354 0.01869918699186992 0.02849264705882353
2 0.14227642276422764 0.32628676470588236 0.026016260162601626 0.03676470588235294
