2 0.6556451612903226 0.2192095588235294 0.024193548387096774 0.024816176470588234
2 0.635483870967742 0.22242647058823528 0.03064516129032258 0.029411764705882353
1 0.7 0.46737132352941174 0.056451612903225805 0.06158088235294118
1 0.6346774193548387 0.27619485294117646 0.024193548387096774 0.02849264705882353
1 0.2879032258064516 0.7127757352941176 0.09032258064516129 0.14430147058823528
1 0.8318548387096775 0.5859375 0.05241935483870968 0.05974264705882353
1 0.5975806451612903 0.22104779411764705 0.014516129032258065 0.019301470588235295
1 0.6092741935483871 0.2270220588235294 0.01532258064516129 0.022058823529411766
1 0.7298387096774194 0.3818933823529412 0.024193548387096774 0.03400735294117647
2 0.2814516129032258 0.15211397058823528 0.03225806451612903 0.021139705882352942
2 0.24516129032258063 0.1640625 0.027419354838709678 0.021139705882352942
2 0.2717741935483871 0.17509191176470587 0.043548387096774194 0.02849264705882353
1 0.3241935483870968 0.20496323529411764 0.035483870967741936 0.04411764705882353
1 0.742741935483871 0.3984375 0.027419354838709678 0.03216911764705882
1 0.7516129032258064 0.4108455882352941 0.025806451612903226 0.034926470588235295
2 0.5153225806451613 0.3005514705882353 0.11774193548387096 0.10477941176470588
