2 0.98828125 0.46041666666666664 0.018229166666666668 0.03125
2 0.9872395833333333 0.48541666666666666 0.0140625 0.01875
2 0.97734375 0.47239583333333335 0.018229166666666668 0.028125
2 0.8877604166666667 0.22786458333333334 0.0203125 0.018229166666666668
3 0.12786458333333334 0.159375 0.016145833333333335 0.015625
0 0.9885416666666667 0.6044270833333333 0.014583333333333334 0.0203125
1 0.10598958333333333 0.2546875 0.028645833333333332 0.019791666666666666
1 0.10885416666666667 0.3265625 0.034375 0.020833333333333332
4 0.815625 0.07421875 0.021875 0.024479166666666666
1 0.9497395833333333 0.6263020833333334 0.0171875 0.015104166666666667
1 0.0296875 0.275 0.010416666666666666 0.007291666666666667
2 0.10625 0.23671875 0.03958333333333333 0.03177083333333333
2 0.051041666666666666 0.24895833333333334 0.01875 0.019791666666666666
2 0.051041666666666666 0.28489583333333335 0.022916666666666665 0.020833333333333332
2 0.22421875 0.18463541666666666 0.08385416666666666 0.05677083333333333
2 0.6611979166666667 0.13177083333333334 0.0796875 0.04791666666666667
1 0.36640625 0.16484375 0.0546875 0.05677083333333333
1 0.4674479166666667 0.1671875 0.05677083333333333 0.058333333333333334
4 0.59375 0.009635416666666667 0.029166666666666667 0.018229166666666668
