2 0.276171875 0.8609375 0.04296875 0.0375
2 0.25 0.64375 0.08125 0.13125
4 0.369140625 0.150390625 0.11640625 0.06015625
2 0.32421875 0.1359375 0.0734375 0.046875
1 0.297265625 0.1296875 0.01953125 0.0265625
1 0.450390625 0.089453125 0.01953125 0.03046875
1 0.476171875 0.089453125 0.01953125 0.03359375
1 0.537890625 0.059765625 0.01171875 0.02421875
1 0.52265625 0.0609375 0.0125 0.025
1 0.51015625 0.06015625 0.0140625 0.0296875
1 0.497265625 0.0609375 0.01171875 0.025
1 0.48515625 0.059765625 0.0109375 0.02421875
1 0.473828125 0.0578125 0.01328125 0.025
1 0.45703125 0.06328125 0.0125 0.025
1 0.448828125 0.0609375 0.01171875 0.0265625
2 0.45234375 0.049609375 0.028125 0.02421875
4 0.509765625 0.03359375 0.03828125 0.0375
2 0.534375 0.04921875 0.0265625 0.021875
4 0.550390625 0.027734375 0.03203125 0.03828125
2 0.471484375 0.039453125 0.02109375 0.01953125
2 0.646484375 0.037890625 0.01484375 0.01328125
2 0.6734375 0.066015625 0.021875 0.02109375
2 0.687109375 0.08359375 0.02265625 0.01875
2 0.65390625 0.15703125 0.0921875 0.0515625
1 0.812109375 0.225390625 0.02890625 0.02421875
2 0.855078125 0.2765625 0.05390625 0.053125
2 0.83671875 0.23203125 0.025 0.034375
2 0.92109375 0.341015625 0.034375 0.03671875
1 0.90078125 0.303515625 0.0234375 0.01484375
1 0.88828125 0.28984375 0.0203125 0.01875
2 0.8578125 0.46796875 0.0640625 0.125
2 0.821875 0.625390625 0.08125 0.11953125
1 0.776953125 0.6578125 0.04609375 0.05
1 0.733203125 0.678515625 0.04765625 0.06015625
1 0.751953125 0.697265625 0.03984375 0.06171875
2 0.78359375 0.736328125 0.0546875 0.04765625
2 0.630859375 0.865625 0.07578125 0.071875
