2 0.7165322580645161 0.40625 0.0814516129032258 0.09191176470588236
1 0.17096774193548386 0.6856617647058824 0.07903225806451612 0.0661764705882353
1 0.7217741935483871 0.36994485294117646 0.02258064516129032 0.024816176470588234
1 0.8076612903225806 0.5409007352941176 0.04596774193548387 0.03768382352941176
1 0.8092741935483871 0.5625 0.04758064516129032 0.042279411764705885
1 0.7979838709677419 0.5882352941176471 0.05403225806451613 0.04779411764705882
1 0.7915322580645161 0.6341911764705882 0.05887096774193548 0.06066176470588235
1 0.3907258064516129 0.17784926470588236 0.029838709677419355 0.03400735294117647
1 0.5629032258064516 0.24126838235294118 0.02258064516129032 0.03216911764705882
1 0.25806451612903225 0.7261029411764706 0.06290322580645161 0.14705882352941177
1 0.822983870967742 0.7049632352941176 0.05241935483870968 0.04963235294117647
1 0.8415322580645161 0.7532169117647058 0.03951612903225806 0.05422794117647059
2 0.8685483870967742 0.6985294117647058 0.05 0.08455882352941177
2 0.8560483870967742 0.7568933823529411 0.05241935483870968 0.10202205882352941
2 0.5721774193548387 0.21369485294117646 0.050806451612903224 0.03400735294117647
2 0.48104838709677417 0.2109375 0.0846774193548387 0.043198529411764705
2 0.2786290322580645 0.1792279411764706 0.04112903225806452 0.03125
1 0.255241935483871 0.19025735294117646 0.013709677419354839 0.025735294117647058
1 0.1939516129032258 0.21369485294117646 0.012096774193548387 0.021139705882352942
2 0.6326612903225807 0.23161764705882354 0.025 0.022058823529411766
2 0.6899193548387097 0.25045955882352944 0.020161290322580645 0.021139705882352942
1 0.6560483870967742 0.2339154411764706 0.01532258064516129 0.019301470588235295
1 0.675 0.23023897058823528 0.012903225806451613 0.017463235294117647
3 0.43306451612903224 0.9356617647058824 0.07741935483870968 0.06066176470588235
2 0.8209677419354838 0.5409007352941176 0.07903225806451612 0.1056985294117647
