2 0.27298387096774196 0.171875 0.04435483870967742 0.03676470588235294
1 0.6612903225806451 0.2509191176470588 0.017741935483870968 0.02389705882352941
2 0.43870967741935485 0.21461397058823528 0.0935483870967742 0.05422794117647059
3 0.6459677419354839 0.30193014705882354 0.024193548387096774 0.03952205882352941
3 0.6620967741935484 0.33318014705882354 0.02903225806451613 0.04503676470588235
1 0.730241935483871 0.38235294117647056 0.021774193548387097 0.027573529411764705
1 0.7431451612903226 0.39889705882352944 0.025 0.027573529411764705
1 0.7504032258064516 0.4131433823529412 0.025 0.030330882352941176
1 0.7560483870967742 0.4802389705882353 0.06048387096774194 0.07261029411764706
1 0.8060483870967742 0.5381433823529411 0.05241935483870968 0.05238970588235294
1 0.7995967741935484 0.5969669117647058 0.05725806451612903 0.07261029411764706
2 0.8810483870967742 0.7302389705882353 0.036290322580645164 0.08547794117647059
2 0.8620967741935484 0.7734375 0.0467741935483871 0.09834558823529412
3 0.775 0.4140625 0.02258064516129032 0.03216911764705882
