2 0.6399193548387097 0.22518382352941177 0.03467741935483871 0.029411764705882353
2 0.6411290322580645 0.25183823529411764 0.04032258064516129 0.029411764705882353
1 0.5858870967741936 0.22104779411764705 0.018548387096774192 0.02297794117647059
1 0.6475806451612903 0.2757352941176471 0.025806451612903226 0.03125
1 0.3032258064516129 0.19255514705882354 0.035483870967741936 0.043198529411764705
2 0.27338709677419354 0.1792279411764706 0.041935483870967745 0.03676470588235294
2 0.22056451612903225 0.17371323529411764 0.02661290322580645 0.027573529411764705
2 0.2979838709677419 0.15854779411764705 0.036290322580645164 0.02665441176470588
2 0.8112903225806452 0.9154411764705882 0.05 0.05514705882352941
1 0.7524193548387097 0.40808823529411764 0.025806451612903226 0.03308823529411765
3 0.7294354838709678 0.37224264705882354 0.02661290322580645 0.034926470588235295
3 0.7362903225806452 0.38556985294117646 0.024193548387096774 0.03952205882352941
1 0.7326612903225806 0.3828125 0.029838709677419355 0.03400735294117647
1 0.744758064516129 0.39659926470588236 0.028225806451612902 0.03400735294117647
