2 0.98828125 0.46041666666666664 0.018229166666666668 0.03125
2 0.9869791666666666 0.48515625 0.014583333333333334 0.019270833333333334
2 0.9768229166666667 0.47265625 0.018229166666666668 0.028645833333333332
2 0.8880208333333334 0.228125 0.020833333333333332 0.01875
3 0.16276041666666666 0.15729166666666666 0.0203125 0.020833333333333332
0 0.9458333333333333 0.6231770833333333 0.053125 0.049479166666666664
1 0.8044270833333333 0.096875 0.0140625 0.016666666666666666
1 0.81875 0.11510416666666666 0.0125 0.015625
4 0.8158854166666667 0.07473958333333333 0.022395833333333334 0.024479166666666666
1 0.9421875 0.578125 0.025 0.015625
1 0.7799479166666666 0.44921875 0.06510416666666667 0.033854166666666664
3 0.09947916666666666 0.3546875 0.03125 0.016666666666666666
1 0.7690104166666667 0.1109375 0.018229166666666668 0.025
1 0.7190104166666667 0.11536458333333334 0.025520833333333333 0.033854166666666664
1 0.6747395833333333 0.11432291666666666 0.027604166666666666 0.03802083333333333
1 0.43255208333333334 0.10729166666666666 0.0421875 0.04583333333333333
1 0.3729166666666667 0.28020833333333334 0.06041666666666667 0.058333333333333334
1 0.18541666666666667 0.15286458333333333 0.021875 0.024479166666666666
1 0.5466145833333333 0.044270833333333336 0.015104166666666667 0.034375
1 0.5236979166666667 0.04088541666666667 0.015104166666666667 0.034895833333333334
1 0.49296875 0.039322916666666666 0.0171875 0.0328125
1 0.5138020833333333 0.015104166666666667 0.011979166666666667 0.026041666666666668
1 0.5747395833333333 0.012760416666666666 0.013020833333333334 0.024479166666666666
2 0.6010416666666667 0.02578125 0.03125 0.0265625
2 0.08177083333333333 0.22239583333333332 0.03125 0.030208333333333334
2 0.09427083333333333 0.24661458333333333 0.03333333333333333 0.027604166666666666
2 0.05911458333333333 0.28828125 0.028645833333333332 0.0234375
2 0.7716145833333333 0.084375 0.024479166666666666 0.027083333333333334
2 0.8453125 0.2 0.04479166666666667 0.05416666666666667
