1 0.5141129032258065 0.19944852941176472 0.021774193548387097 0.029411764705882353
1 0.6318548387096774 0.30606617647058826 0.03306451612903226 0.029411764705882353
1 0.5306451612903226 0.19715073529411764 0.016129032258064516 0.024816176470588234
2 0.3911290322580645 0.2619485294117647 0.16612903225806452 0.0900735294117647
1 0.7818548387096774 0.7228860294117647 0.042741935483870966 0.05238970588235294
1 0.7645161290322581 0.9159007352941176 0.03064516129032258 0.04136029411764706
2 0.7903225806451613 0.4889705882352941 0.020967741935483872 0.029411764705882353
2 0.8096774193548387 0.6631433823529411 0.027419354838709678 0.04503676470588235
1 0.7068548387096775 0.42325367647058826 0.02661290322580645 0.03952205882352941
2 0.8375 0.5845588235294118 0.01532258064516129 0.022058823529411766
2 0.7741935483870968 0.4944852941176471 0.03225806451612903 0.04044117647058824
1 0.7435483870967742 0.9287683823529411 0.02903225806451613 0.03216911764705882
