2 0.7165322580645161 0.40579044117647056 0.0814516129032258 0.09283088235294118
1 0.17096774193548386 0.6847426470588235 0.07903225806451612 0.0661764705882353
1 0.7205645161290323 0.36994485294117646 0.02338709677419355 0.024816176470588234
1 0.6766129032258065 0.25183823529411764 0.014516129032258065 0.02022058823529412
1 0.6483870967741936 0.32950367647058826 0.03387096774193549 0.04136029411764706
1 0.6419354838709678 0.2844669117647059 0.024193548387096774 0.03768382352941176
1 0.6306451612903226 0.2509191176470588 0.020967741935483872 0.025735294117647058
1 0.6310483870967742 0.40625 0.05887096774193548 0.07904411764705882
1 0.822983870967742 0.5854779411764706 0.04758064516129032 0.05330882352941176
1 0.2568548387096774 0.7265625 0.06370967741935483 0.140625
2 0.7189516129032258 0.4489889705882353 0.09274193548387097 0.10753676470588236
2 0.3858870967741935 0.2113970588235294 0.06048387096774194 0.05514705882352941
2 0.3040322580645161 0.16727941176470587 0.035483870967741936 0.027573529411764705
2 0.2778225806451613 0.17876838235294118 0.03790322580645161 0.02849264705882353
2 0.869758064516129 0.7357536764705882 0.049193548387096775 0.09283088235294118
1 0.33911290322580645 0.1645220588235294 0.016935483870967744 0.022058823529411766
1 0.2991935483870968 0.19301470588235295 0.020967741935483872 0.025735294117647058
1 0.2770161290322581 0.19117647058823528 0.021774193548387097 0.027573529411764705
2 0.6334677419354838 0.22012867647058823 0.029838709677419355 0.02665441176470588
2 0.6580645161290323 0.22058823529411764 0.027419354838709678 0.03308823529411765
1 0.567741935483871 0.20680147058823528 0.017741935483870968 0.02022058823529412
1 0.5879032258064516 0.20634191176470587 0.016129032258064516 0.021139705882352942
1 0.6133064516129032 0.23115808823529413 0.013709677419354839 0.015625
1 0.625 0.23253676470588236 0.016129032258064516 0.02022058823529412
