1 0.17258064516129032 0.6861213235294118 0.07903225806451612 0.06709558823529412
1 0.7205645161290323 0.36672794117647056 0.029838709677419355 0.03125
1 0.7298387096774194 0.38143382352941174 0.025806451612903226 0.027573529411764705
1 0.7415322580645162 0.39889705882352944 0.02338709677419355 0.027573529411764705
1 0.75 0.41130514705882354 0.025806451612903226 0.03216911764705882
1 0.47661290322580646 0.27205882352941174 0.0467741935483871 0.05514705882352941
1 0.33669354838709675 0.7486213235294118 0.07016129032258064 0.14246323529411764
1 0.5330645161290323 0.9168198529411765 0.09193548387096774 0.11672794117647059
1 0.4044354838709677 0.9466911764705882 0.07983870967741935 0.10661764705882353
1 0.8044354838709677 0.5500919117647058 0.03951612903225806 0.05238970588235294
1 0.7939516129032258 0.5772058823529411 0.049193548387096775 0.05698529411764706
2 0.8411290322580646 0.71875 0.06612903225806452 0.12867647058823528
2 0.8286290322580645 0.546875 0.07016129032258064 0.11397058823529412
2 0.23830645161290323 0.18336397058823528 0.029838709677419355 0.02849264705882353
2 0.8729838709677419 0.8088235294117647 0.036290322580645164 0.0625
2 0.8741935483870967 0.7003676470588235 0.04516129032258064 0.0974264705882353
1 0.572983870967742 0.21691176470588236 0.018548387096774192 0.025735294117647058
2 0.6544354838709677 0.22886029411764705 0.02338709677419355 0.02389705882352941
2 0.6350806451612904 0.23023897058823528 0.028225806451612902 0.024816176470588234
