3 0.33346938775510204 0.8115808823529411 0.06448979591836734 0.08088235294117647
1 0.15020408163265306 0.359375 0.05877551020408163 0.09375
1 0.23795918367346938 0.7913602941176471 0.09551020408163265 0.11397058823529412
1 0.6963265306122449 0.33318014705882354 0.022857142857142857 0.030330882352941176
1 0.793469387755102 0.5693933823529411 0.052244897959183675 0.05422794117647059
2 0.35918367346938773 0.14338235294117646 0.0473469387755102 0.029411764705882353
2 0.40938775510204084 0.15992647058823528 0.053061224489795916 0.027573529411764705
2 0.7906122448979592 0.453125 0.053061224489795916 0.07352941176470588
1 0.5428571428571428 0.20955882352941177 0.022857142857142857 0.027573529411764705
1 0.5661224489795919 0.2270220588235294 0.017142857142857144 0.025735294117647058
1 0.5820408163265306 0.20909926470588236 0.0163265306122449 0.024816176470588234
1 0.5987755102040816 0.21691176470588236 0.017142857142857144 0.025735294117647058
1 0.583265306122449 0.22840073529411764 0.02857142857142857 0.02665441176470588
1 0.6126530612244898 0.22564338235294118 0.012244897959183673 0.019301470588235295
1 0.62 0.23575367647058823 0.018775510204081632 0.024816176470588234
2 0.6448979591836734 0.22518382352941177 0.022857142857142857 0.02389705882352941
2 0.6640816326530612 0.22472426470588236 0.018775510204081632 0.02665441176470588
2 0.673469387755102 0.22196691176470587 0.019591836734693877 0.024816176470588234
1 0.64 0.23667279411764705 0.0163265306122449 0.02297794117647059
1 0.6522448979591837 0.23621323529411764 0.013061224489795919 0.01838235294117647
1 0.6616326530612245 0.2348345588235294 0.010612244897959184 0.019301470588235295
1 0.6710204081632654 0.23667279411764705 0.013061224489795919 0.017463235294117647
1 0.6779591836734694 0.2348345588235294 0.012244897959183673 0.017463235294117647
2 0.23714285714285716 0.14568014705882354 0.018775510204081632 0.017463235294117647
2 0.2236734693877551 0.15441176470588236 0.017959183673469388 0.01838235294117647
2 0.24 0.15992647058823528 0.02122448979591837 0.02389705882352941
2 0.25510204081632654 0.16819852941176472 0.03346938775510204 0.027573529411764705
2 0.21877551020408162 0.15211397058823528 0.013061224489795919 0.017463235294117647
1 0.26857142857142857 0.17417279411764705 0.013061224489795919 0.024816176470588234
2 0.29020408163265304 0.18244485294117646 0.04 0.03400735294117647
1 0.33918367346938777 0.2182904411764706 0.03183673469387755 0.046875
1 0.35836734693877553 0.23345588235294118 0.031020408163265307 0.04963235294117647
1 0.32040816326530613 0.20404411764705882 0.03510204081632653 0.03860294117647059
3 0.25673469387755105 0.5965073529411765 0.05959183673469388 0.10477941176470588
1 0.8714285714285714 0.6135110294117647 0.02857142857142857 0.04136029411764706
1 0.8828571428571429 0.7058823529411765 0.03183673469387755 0.034926470588235295
1 0.9004081632653061 0.7642463235294118 0.022857142857142857 0.024816176470588234
2 0.6228571428571429 0.39981617647058826 0.13551020408163264 0.12867647058823528
1 0.2179591836734694 0.17784926470588236 0.011428571428571429 0.02297794117647059
1 0.2069387755102041 0.17555147058823528 0.010612244897959184 0.02022058823529412
1 0.8910204081632653 0.8060661764705882 0.022040816326530613 0.025735294117647058
