2 0.8872395833333333 0.22838541666666667 0.0203125 0.019270833333333334
2 0.97734375 0.47239583333333335 0.0203125 0.028125
3 0.8432291666666667 0.5841145833333333 0.046875 0.021354166666666667
3 0.8455729166666667 0.6010416666666667 0.0453125 0.021875
3 0.9807291666666667 0.4484375 0.015625 0.007291666666666667
3 0.9809895833333333 0.45546875 0.015104166666666667 0.0067708333333333336
1 0.9703125 0.6229166666666667 0.014583333333333334 0.010416666666666666
1 0.81875 0.5153645833333333 0.05625 0.034895833333333334
1 0.9575520833333333 0.6127604166666667 0.0171875 0.011979166666666667
1 0.9526041666666667 0.6268229166666667 0.020833333333333332 0.011979166666666667
1 0.7153645833333333 0.16588541666666667 0.033854166666666664 0.04739583333333333
1 0.79921875 0.15651041666666668 0.0234375 0.0328125
0 0.037760416666666664 0.265625 0.0484375 0.0375
2 0.01796875 0.2877604166666667 0.019270833333333334 0.0203125
4 0.9833333333333333 0.6091145833333333 0.023958333333333335 0.024479166666666666
2 0.06927083333333334 0.23697916666666666 0.023958333333333335 0.022916666666666665
1 0.7424479166666667 0.10833333333333334 0.021354166666666667 0.025
1 0.21145833333333333 0.290625 0.05 0.0375
1 0.08776041666666666 0.29973958333333334 0.027604166666666666 0.019270833333333334
1 0.026302083333333334 0.2950520833333333 0.013020833333333334 0.008854166666666666
1 0.03177083333333333 0.30520833333333336 0.015625 0.010416666666666666
2 0.16927083333333334 0.359375 0.09270833333333334 0.065625
2 0.1171875 0.22994791666666667 0.05416666666666667 0.0453125
2 0.05390625 0.28671875 0.028645833333333332 0.028645833333333332
2 0.9828125 0.5893229166666667 0.0125 0.016145833333333335
2 0.7747395833333334 0.06875 0.018229166666666668 0.019791666666666666
2 0.7791666666666667 0.10338541666666666 0.027083333333333334 0.027604166666666666
2 0.7403645833333333 0.13828125 0.06510416666666667 0.04635416666666667
2 0.4421875 0.12369791666666667 0.11458333333333333 0.05260416666666667
2 0.1953125 0.196875 0.06979166666666667 0.05416666666666667
2 0.09895833333333333 0.19583333333333333 0.027083333333333334 0.029166666666666667
2 0.12083333333333333 0.19817708333333334 0.030208333333333334 0.033854166666666664
2 0.024739583333333332 0.3223958333333333 0.018229166666666668 0.016666666666666666
