2 0.8869791666666667 0.228125 0.019791666666666666 0.017708333333333333
2 0.984375 0.48072916666666665 0.019791666666666666 0.025
1 0.9822916666666667 0.5903645833333333 0.013541666666666667 0.008854166666666666
1 0.9692708333333333 0.49713541666666666 0.021875 0.015104166666666667
1 0.925 0.6010416666666667 0.027083333333333334 0.020833333333333332
1 0.8169270833333333 0.10208333333333333 0.015104166666666667 0.017708333333333333
1 0.8138020833333334 0.11119791666666666 0.0140625 0.0171875
1 0.8122395833333333 0.14973958333333334 0.021354166666666667 0.0296875
3 0.20572916666666666 0.12838541666666667 0.020833333333333332 0.0265625
1 0.0390625 0.29296875 0.017708333333333333 0.013020833333333334
1 0.06510416666666667 0.2713541666666667 0.017708333333333333 0.014583333333333334
1 0.08125 0.2760416666666667 0.020833333333333332 0.017708333333333333
1 0.16979166666666667 0.23255208333333333 0.036458333333333336 0.027604166666666666
1 0.0875 0.31354166666666666 0.03333333333333333 0.016666666666666666
1 0.1140625 0.3658854166666667 0.03854166666666667 0.025520833333333333
1 0.28177083333333336 0.3703125 0.065625 0.04479166666666667
1 0.02265625 0.30442708333333335 0.015104166666666667 0.0109375
1 0.5729166666666666 0.014583333333333334 0.0125 0.023958333333333335
2 0.09895833333333333 0.19609375 0.027083333333333334 0.028645833333333332
2 0.98515625 0.6088541666666667 0.0109375 0.016666666666666666
2 0.7934895833333333 0.059375 0.0140625 0.01875
2 0.7872395833333333 0.06640625 0.016145833333333335 0.0171875
2 0.032552083333333336 0.27760416666666665 0.011979166666666667 0.017708333333333333
2 0.040625 0.27057291666666666 0.014583333333333334 0.019270833333333334
0 0.031510416666666666 0.2565104166666667 0.0328125 0.0265625
2 0.0546875 0.26536458333333335 0.022916666666666665 0.022395833333333334
2 0.0875 0.246875 0.034375 0.03229166666666667
2 0.15234375 0.22291666666666668 0.05677083333333333 0.04375
2 0.7846354166666667 0.0921875 0.021354166666666667 0.025
2 0.70625 0.1328125 0.06979166666666667 0.04895833333333333
2 0.9158854166666667 0.37864583333333335 0.04635416666666667 0.07083333333333333
2 0.9502604166666667 0.4630208333333333 0.030729166666666665 0.04375
2 0.3734375 0.15442708333333333 0.14375 0.0796875
1 0.634375 0.41458333333333336 0.06875 0.05
3 0.8614583333333333 0.159375 0.015625 0.016666666666666666
2 0.04296875 0.3346354166666667 0.027604166666666666 0.022395833333333334
