1 0.5233870967741936 0.28125 0.06451612903225806 0.06066176470588235
2 0.20766129032258066 0.16957720588235295 0.031451612903225803 0.02665441176470588
2 0.2435483870967742 0.1640625 0.027419354838709678 0.024816176470588234
2 0.2709677419354839 0.17509191176470587 0.03387096774193549 0.02849264705882353
1 0.7298387096774194 0.3818933823529412 0.024193548387096774 0.03400735294117647
2 0.4028225806451613 0.34558823529411764 0.16048387096774194 0.15992647058823528
1 0.8153225806451613 0.6075367647058824 0.06129032258064516 0.07904411764705882
3 0.8306451612903226 0.546875 0.025806451612903226 0.03125
3 0.8060483870967742 0.5151654411764706 0.029838709677419355 0.03400735294117647
3 0.755241935483871 0.3851102941176471 0.020161290322580645 0.027573529411764705
1 0.742741935483871 0.3984375 0.027419354838709678 0.03216911764705882
1 0.7508064516129033 0.4099264705882353 0.025806451612903226 0.034926470588235295
1 0.8661290322580645 0.6741727941176471 0.03387096774193549 0.050551470588235295
