1 0.08816326530612245 0.40119485294117646 0.026122448979591838 0.05238970588235294
1 0.13224489795918368 0.3313419117647059 0.017959183673469388 0.03768382352941176
2 0.753061224489796 0.31847426470588236 0.0236734693877551 0.019301470588235295
2 0.5779591836734694 0.23161764705882354 0.017959183673469388 0.012867647058823529
1 0.726530612244898 0.3170955882352941 0.009795918367346938 0.014705882352941176
1 0.7387755102040816 0.3244485294117647 0.009795918367346938 0.016544117647058824
2 0.7297959183673469 0.35431985294117646 0.0636734693877551 0.057904411764705885
2 0.48857142857142855 0.23161764705882354 0.06285714285714286 0.03308823529411765
2 0.8008163265306123 0.4131433823529412 0.05061224489795919 0.057904411764705885
2 0.5755102040816327 0.24678308823529413 0.04897959183673469 0.02849264705882353
