2 0.4726851851851852 0.07123161764705882 0.07685185185185185 0.057904411764705885
2 0.019444444444444445 0.5969669117647058 0.02962962962962963 0.03768382352941176
2 0.8472222222222222 0.15073529411764705 0.02962962962962963 0.029411764705882353
4 0.8245370370370371 0.13924632352941177 0.03796296296296296 0.03952205882352941
2 0.7930555555555555 0.13878676470588236 0.04537037037037037 0.03676470588235294
2 0.7430555555555556 0.10386029411764706 0.05648148148148148 0.03308823529411765
2 0.6694444444444444 0.09926470588235294 0.08148148148148149 0.04779411764705882
2 0.7425925925925926 0.13005514705882354 0.07222222222222222 0.050551470588235295
1 0.5194444444444445 0.0818014705882353 0.04259259259259259 0.04595588235294118
1 0.337037037037037 0.17325367647058823 0.04814814814814815 0.06341911764705882
0 0.0962962962962963 0.18612132352941177 0.040740740740740744 0.046875
2 0.059722222222222225 0.26516544117647056 0.021296296296296296 0.02849264705882353
1 0.060648148148148145 0.2867647058823529 0.023148148148148147 0.01838235294117647
1 0.059722222222222225 0.2959558823529412 0.025 0.01838235294117647
1 0.07361111111111111 0.6999080882352942 0.028703703703703703 0.019301470588235295
1 0.08194444444444444 0.7182904411764706 0.025 0.021139705882352942
1 0.0912037037037037 0.7279411764705882 0.028703703703703703 0.01838235294117647
1 0.1037037037037037 0.7467830882352942 0.027777777777777776 0.021139705882352942
2 0.055092592592592596 0.6806066176470589 0.032407407407407406 0.03216911764705882
2 0.053703703703703705 0.7054227941176471 0.025925925925925925 0.02849264705882353
2 0.0824074074074074 0.7334558823529411 0.027777777777777776 0.027573529411764705
2 0.06944444444444445 0.7408088235294118 0.022222222222222223 0.03125
2 0.5398148148148149 0.9540441176470589 0.06111111111111111 0.034926470588235295
