1 0.41566265060240964 0.18933823529411764 0.015261044176706828 0.025735294117647058
1 0.40522088353413654 0.19117647058823528 0.010441767068273093 0.02022058823529412
1 0.39558232931726905 0.18382352941176472 0.013654618473895583 0.03125
1 0.3791164658634538 0.17738970588235295 0.01285140562248996 0.02389705882352941
1 0.3682730923694779 0.17647058823529413 0.012048192771084338 0.02389705882352941
1 0.3602409638554217 0.1870404411764706 0.013654618473895583 0.02297794117647059
1 0.3493975903614458 0.1875 0.014457831325301205 0.02389705882352941
1 0.3329317269076305 0.18382352941176472 0.021686746987951807 0.03125
1 0.25542168674698795 0.22242647058823528 0.020883534136546186 0.04044117647058824
1 0.16586345381526105 0.24770220588235295 0.016867469879518072 0.035845588235294115
1 0.14056224899598393 0.25965073529411764 0.01285140562248996 0.035845588235294115
1 0.12329317269076305 0.2688419117647059 0.012048192771084338 0.03216911764705882
1 0.10883534136546184 0.2821691176470588 0.013654618473895583 0.029411764705882353
1 0.0963855421686747 0.2890625 0.00963855421686747 0.02297794117647059
1 0.5465863453815261 0.22840073529411764 0.028112449799196786 0.02297794117647059
2 0.7987951807228916 0.38327205882352944 0.018473895582329317 0.029411764705882353
2 0.7650602409638554 0.5390625 0.08112449799196787 0.09283088235294118
1 0.45903614457831327 0.20588235294117646 0.015261044176706828 0.03308823529411765
1 0.4895582329317269 0.22334558823529413 0.018473895582329317 0.03676470588235294
1 0.40281124497991966 0.21507352941176472 0.03293172690763052 0.03860294117647059
2 0.7983935742971887 0.33547794117647056 0.014457831325301205 0.014705882352941176
1 0.6919678714859437 0.2725183823529412 0.020080321285140562 0.019301470588235295
1 0.6449799196787148 0.25827205882352944 0.020883534136546186 0.02389705882352941
