1 0.17258064516129032 0.6861213235294118 0.07903225806451612 0.06709558823529412
1 0.7298387096774194 0.3818933823529412 0.025806451612903226 0.02849264705882353
1 0.7419354838709677 0.3984375 0.024193548387096774 0.02849264705882353
1 0.75 0.41130514705882354 0.025806451612903226 0.03216911764705882
1 0.7673387096774194 0.5528492647058824 0.05887096774193548 0.06709558823529412
1 0.709274193548387 0.5013786764705882 0.06370967741935483 0.0744485294117647
1 0.6060483870967742 0.8010110294117647 0.09919354838709678 0.10202205882352941
1 0.33991935483870966 0.7431066176470589 0.07983870967741935 0.14981617647058823
1 0.3629032258064516 0.24540441176470587 0.043548387096774194 0.06066176470588235
1 0.33064516129032256 0.203125 0.017741935483870968 0.03125
1 0.3133064516129032 0.19990808823529413 0.020161290322580645 0.030330882352941176
2 0.8169354838709677 0.5808823529411765 0.07580645161290323 0.11580882352941177
2 0.4814516129032258 0.2734375 0.10967741935483871 0.08915441176470588
2 0.2907258064516129 0.18382352941176472 0.03951612903225806 0.03308823529411765
2 0.2600806451612903 0.171875 0.03306451612903226 0.027573529411764705
2 0.8745967741935484 0.8244485294117647 0.036290322580645164 0.06433823529411764
1 0.5713709677419355 0.20726102941176472 0.016935483870967744 0.02297794117647059
2 0.6540322580645161 0.22840073529411764 0.024193548387096774 0.02297794117647059
2 0.635483870967742 0.23023897058823528 0.027419354838709678 0.024816176470588234
1 0.8826612903225807 0.7146139705882353 0.028225806451612902 0.03400735294117647
