1 0.14899598393574298 0.3515625 0.02650602409638554 0.021139705882352942
1 0.14457831325301204 0.3625919117647059 0.02891566265060241 0.021139705882352942
1 0.13654618473895583 0.3791360294117647 0.024096385542168676 0.02297794117647059
1 0.13092369477911647 0.3929227941176471 0.01927710843373494 0.024816176470588234
1 0.12610441767068273 0.4071691176470588 0.02570281124497992 0.022058823529411766
1 0.11887550200803212 0.4255514705882353 0.027309236947791166 0.025735294117647058
1 0.11325301204819277 0.44806985294117646 0.02570281124497992 0.02849264705882353
1 0.10200803212851406 0.4733455882352941 0.02891566265060241 0.03125
1 0.09518072289156626 0.5036764705882353 0.028112449799196786 0.03308823529411765
1 0.08755020080321285 0.7302389705882353 0.027309236947791166 0.02849264705882353
1 0.08995983935742972 0.7555147058823529 0.027309236947791166 0.02389705882352941
1 0.10441767068273092 0.8129595588235294 0.027309236947791166 0.024816176470588234
2 0.6188755020080321 0.10891544117647059 0.028112449799196786 0.021139705882352942
2 0.5714859437751004 0.08318014705882353 0.021686746987951807 0.013786764705882353
2 0.3522088353413655 0.11259191176470588 0.021686746987951807 0.011948529411764705
2 0.3329317269076305 0.13097426470588236 0.03775100401606426 0.02665441176470588
2 0.3076305220883534 0.40487132352941174 0.1140562248995984 0.2509191176470588
2 0.457429718875502 0.08731617647058823 0.023293172690763052 0.012867647058823529
2 0.4610441767068273 0.10248161764705882 0.024096385542168676 0.021139705882352942
3 0.3586345381526104 0.2182904411764706 0.03293172690763052 0.05422794117647059
3 0.2923694779116466 0.2743566176470588 0.02891566265060241 0.035845588235294115
3 0.3168674698795181 0.265625 0.023293172690763052 0.03860294117647059
0 0.39718875502008033 0.08869485294117647 0.04578313253012048 0.030330882352941176
0 0.5285140562248996 0.10202205882352941 0.06586345381526104 0.05330882352941176
2 0.3967871485943775 0.11580882352941177 0.04497991967871486 0.029411764705882353
3 0.7943775100401607 0.21323529411764705 0.01285140562248996 0.02389705882352941
2 0.14417670682730924 0.6884191176470589 0.10040160642570281 0.2426470588235294
2 0.7746987951807229 0.28170955882352944 0.09879518072289156 0.11488970588235294
2 0.6405622489959839 0.13786764705882354 0.04899598393574297 0.04044117647058824
1 0.7582329317269076 0.203125 0.020883534136546186 0.025735294117647058
1 0.8056224899598393 0.265625 0.0321285140562249 0.042279411764705885
1 0.8401606425702811 0.3115808823529412 0.030522088353413655 0.034926470588235295
2 0.6646586345381527 0.4264705882352941 0.14216867469879518 0.23713235294117646
2 0.25542168674698795 0.24126838235294118 0.07389558232931727 0.09283088235294118
1 0.9136546184738956 0.6011029411764706 0.03614457831325301 0.07169117647058823
1 0.16666666666666666 0.2614889705882353 0.021686746987951807 0.02849264705882353
1 0.3224899598393574 0.1488970588235294 0.020080321285140562 0.027573529411764705
