2 0.30121951219512194 0.1796875 0.036585365853658534 0.03400735294117647
2 0.39796747967479673 0.16590073529411764 0.034959349593495934 0.03400735294117647
2 0.483739837398374 0.16636029411764705 0.03414634146341464 0.029411764705882353
1 0.3410569105691057 0.18658088235294118 0.02195121951219512 0.04044117647058824
1 0.3065040650406504 0.1953125 0.01788617886178862 0.030330882352941176
1 0.20284552845528456 0.22012867647058823 0.028455284552845527 0.046875
1 0.8601626016260162 0.36902573529411764 0.013008130081300813 0.021139705882352942
2 0.8117886178861788 0.3023897058823529 0.025203252032520326 0.03125
1 0.8731707317073171 0.6199448529411765 0.04552845528455285 0.06709558823529412
1 0.24024390243902438 0.20909926470588236 0.02195121951219512 0.035845588235294115
1 0.8004065040650407 0.2853860294117647 0.012195121951219513 0.015625
1 0.7926829268292683 0.28170955882352944 0.011382113821138212 0.017463235294117647
1 0.7833333333333333 0.27297794117647056 0.012195121951219513 0.016544117647058824
1 0.782520325203252 0.28308823529411764 0.012195121951219513 0.016544117647058824
1 0.774390243902439 0.2693014705882353 0.013821138211382113 0.01838235294117647
1 0.7686991869918699 0.25735294117647056 0.012195121951219513 0.016544117647058824
1 0.7601626016260162 0.25965073529411764 0.013008130081300813 0.019301470588235295
