3 0.42626728110599077 0.7964154411764706 0.03225806451612903 0.06158088235294118
1 0.5686635944700461 0.11443014705882353 0.009216589861751152 0.02297794117647059
1 0.5566820276497696 0.11580882352941177 0.014746543778801843 0.029411764705882353
2 0.5741935483870968 0.1015625 0.022119815668202765 0.017463235294117647
1 0.5391705069124424 0.08639705882352941 0.009216589861751152 0.01838235294117647
2 0.5294930875576037 0.109375 0.030414746543778803 0.03125
2 0.02903225806451613 0.44255514705882354 0.017511520737327188 0.021139705882352942
1 0.06543778801843318 0.5409007352941176 0.03133640552995392 0.013786764705882353
2 0.1184331797235023 0.3290441176470588 0.035944700460829496 0.04411764705882353
3 0.4119815668202765 0.11488970588235294 0.012903225806451613 0.02389705882352941
3 0.4290322580645161 0.12316176470588236 0.011981566820276499 0.027573529411764705
3 0.4414746543778802 0.12178308823529412 0.011059907834101382 0.02849264705882353
2 0.9456221198156682 0.3446691176470588 0.029493087557603687 0.027573529411764705
2 0.8944700460829493 0.31847426470588236 0.04884792626728111 0.043198529411764705
2 0.45622119815668205 0.16498161764705882 0.09585253456221199 0.046875
1 0.8493087557603687 0.5574448529411765 0.059907834101382486 0.05238970588235294
1 0.7705069124423963 0.6194852941176471 0.07373271889400922 0.06985294117647059
1 0.9253456221198156 0.5753676470588235 0.04976958525345622 0.042279411764705885
