2 0.8046875 0.12729779411764705 0.04479166666666667 0.07996323529411764
1 0.1109375 0.8920036764705882 0.03854166666666667 0.10753676470588236
1 0.02578125 0.8409926470588235 0.0265625 0.07536764705882353
1 0.04973958333333333 0.8465073529411765 0.03177083333333333 0.0974264705882353
2 0.0765625 0.2679227941176471 0.03125 0.06709558823529412
3 0.43359375 0.021139705882352942 0.0140625 0.04044117647058824
3 0.8591145833333333 0.42233455882352944 0.0328125 0.057904411764705885
3 0.8671875 0.4508272058823529 0.0375 0.05974264705882353
1 0.8265625 0.16819852941176472 0.014583333333333334 0.027573529411764705
1 0.8661458333333333 0.22426470588235295 0.0125 0.025735294117647058
1 0.8596354166666667 0.5266544117647058 0.044270833333333336 0.07536764705882353
1 0.12942708333333333 0.44347426470588236 0.0484375 0.07077205882352941
2 0.8372395833333334 0.32674632352941174 0.0578125 0.10018382352941177
2 0.9083333333333333 0.3005514705882353 0.017708333333333333 0.04044117647058824
1 0.8703125 0.2261029411764706 0.010416666666666666 0.022058823529411766
1 0.007291666666666667 0.6943933823529411 0.013541666666666667 0.030330882352941176
1 0.00546875 0.6222426470588235 0.009895833333333333 0.025735294117647058
