2 0.3921875 0.1515625 0.103125 0.0546875
2 0.199609375 0.172265625 0.03984375 0.03515625
1 0.43359375 0.08828125 0.01875 0.0296875
1 0.45234375 0.0671875 0.0125 0.025
1 0.461328125 0.06015625 0.01015625 0.0234375
1 0.4734375 0.058203125 0.0125 0.02421875
1 0.490234375 0.058984375 0.01171875 0.02421875
1 0.503515625 0.061328125 0.01015625 0.02734375
1 0.517578125 0.060546875 0.01171875 0.02578125
1 0.480078125 0.053125 0.00859375 0.021875
2 0.5640625 0.0625 0.03125 0.03125
2 0.53515625 0.048046875 0.025 0.02265625
2 0.5125 0.041796875 0.0234375 0.02265625
2 0.452734375 0.050390625 0.02890625 0.02734375
2 0.542578125 0.037109375 0.01953125 0.02109375
2 0.555078125 0.034375 0.01484375 0.015625
2 0.559765625 0.027734375 0.01796875 0.01640625
2 0.50546875 0.0234375 0.0171875 0.0140625
2 0.6578125 0.1265625 0.05625 0.0453125
2 0.647265625 0.037890625 0.01328125 0.01328125
2 0.674609375 0.065625 0.02265625 0.021875
2 0.687109375 0.08359375 0.02265625 0.0203125
2 0.837109375 0.23203125 0.02734375 0.0328125
1 0.8453125 0.25859375 0.03125 0.0234375
1 0.8890625 0.29453125 0.025 0.0171875
2 0.930859375 0.319921875 0.02265625 0.02265625
2 0.9453125 0.353125 0.0296875 0.025
2 0.85703125 0.468359375 0.0640625 0.12265625
2 0.82109375 0.624609375 0.0765625 0.12109375
1 0.776953125 0.649609375 0.04765625 0.05859375
1 0.734375 0.66484375 0.05 0.0640625
1 0.744140625 0.707421875 0.04296875 0.05078125
2 0.780078125 0.737109375 0.04453125 0.04765625
1 0.7109375 0.749609375 0.04375 0.06328125
1 0.73125 0.766015625 0.03125 0.05703125
2 0.63984375 0.741796875 0.1015625 0.14765625
2 0.559765625 0.872265625 0.07109375 0.07578125
2 0.5953125 0.91171875 0.071875 0.0703125
2 0.509375 0.953125 0.046875 0.0546875
