2 0.9880208333333333 0.4609375 0.017708333333333333 0.03125
2 0.9846354166666667 0.48671875 0.019270833333333334 0.0203125
2 0.9770833333333333 0.47317708333333336 0.01875 0.028645833333333332
2 0.8880208333333334 0.228125 0.019791666666666666 0.017708333333333333
3 0.190625 0.14401041666666667 0.015625 0.022395833333333334
1 0.27239583333333334 0.10729166666666666 0.023958333333333335 0.036458333333333336
1 0.23671875 0.12578125 0.027604166666666666 0.034895833333333334
1 0.29583333333333334 0.14192708333333334 0.03229166666666667 0.0390625
4 0.8151041666666666 0.07447916666666667 0.021875 0.025
4 0.12526041666666668 0.19010416666666666 0.07447916666666667 0.07083333333333333
2 0.05703125 0.24739583333333334 0.018229166666666668 0.020833333333333332
1 0.38567708333333334 0.20130208333333333 0.0546875 0.0546875
1 0.9434895833333333 0.6309895833333333 0.021354166666666667 0.015104166666666667
1 0.8484375 0.19453125 0.023958333333333335 0.025520833333333333
1 0.04635416666666667 0.30963541666666666 0.019791666666666666 0.013020833333333334
1 0.5625 0.0171875 0.014583333333333334 0.023958333333333335
2 0.71796875 0.24322916666666666 0.12552083333333333 0.103125
2 0.96640625 0.61484375 0.0171875 0.0203125
