2 0.5290322580645161 0.10845588235294118 0.027649769585253458 0.027573529411764705
3 0.3903225806451613 0.8226102941176471 0.03963133640552995 0.058823529411764705
1 0.556221198156682 0.11672794117647059 0.01566820276497696 0.029411764705882353
1 0.04055299539170507 0.5160845588235294 0.027649769585253458 0.013786764705882353
1 0.0576036866359447 0.5381433823529411 0.026728110599078342 0.011948529411764705
2 0.2110599078341014 0.3446691176470588 0.08847926267281106 0.06985294117647059
2 0.40184331797235023 0.17555147058823528 0.09400921658986175 0.06985294117647059
1 0.6258064516129033 0.4260110294117647 0.0663594470046083 0.050551470588235295
3 0.4414746543778802 0.1208639705882353 0.012903225806451613 0.02849264705882353
3 0.4308755760368664 0.12408088235294118 0.011981566820276499 0.029411764705882353
1 0.8516129032258064 0.5712316176470589 0.060829493087557605 0.05422794117647059
1 0.772811059907834 0.6204044117647058 0.06728110599078341 0.0661764705882353
1 0.7838709677419354 0.6999080882352942 0.06912442396313365 0.043198529411764705
1 0.8926267281105991 0.47150735294117646 0.03963133640552995 0.025735294117647058
2 0.9096774193548387 0.37683823529411764 0.04055299539170507 0.04411764705882353
2 0.9350230414746544 0.43474264705882354 0.04884792626728111 0.042279411764705885
