1 0.5394308943089431 0.2109375 0.01869918699186992 0.04871323529411765
1 0.333739837398374 0.2771139705882353 0.034959349593495934 0.050551470588235295
1 0.6329268292682927 0.24402573529411764 0.036585365853658534 0.06158088235294118
1 0.615040650406504 0.1714154411764706 0.01869918699186992 0.02665441176470588
1 0.14796747967479676 0.3161764705882353 0.011382113821138212 0.022058823529411766
1 0.17479674796747968 0.2927389705882353 0.011382113821138212 0.019301470588235295
3 0.15121951219512195 0.34099264705882354 0.011382113821138212 0.022058823529411766
3 0.1443089430894309 0.3446691176470588 0.012195121951219513 0.02022058823529412
2 0.07682926829268293 0.7408088235294118 0.03983739837398374 0.11764705882352941
2 0.21747967479674796 0.2725183823529412 0.028455284552845527 0.02849264705882353
1 0.24715447154471545 0.27527573529411764 0.016260162601626018 0.02665441176470588
1 0.27195121951219514 0.25919117647058826 0.015447154471544716 0.025735294117647058
2 0.24227642276422764 0.3327205882352941 0.06504065040650407 0.08823529411764706
1 0.34796747967479674 0.3088235294117647 0.03739837398373984 0.0661764705882353
1 0.308130081300813 0.39705882352941174 0.04552845528455285 0.08639705882352941
2 0.08577235772357723 0.4053308823529412 0.025203252032520326 0.029411764705882353
1 0.08821138211382114 0.42141544117647056 0.013821138211382113 0.021139705882352942
1 0.08008130081300813 0.43612132352941174 0.013821138211382113 0.02297794117647059
