3 0.9378048780487804 0.6217830882352942 0.038211382113821135 0.05238970588235294
3 0.04796747967479675 0.5464154411764706 0.01788617886178862 0.02297794117647059
1 0.19390243902439025 0.31112132352941174 0.02195121951219512 0.024816176470588234
1 0.34796747967479674 0.20496323529411764 0.027642276422764227 0.034926470588235295
2 0.6833333333333333 0.20726102941176472 0.08536585365853659 0.046875
1 0.4760162601626016 0.17095588235294118 0.02032520325203252 0.03125
1 0.5016260162601626 0.16498161764705882 0.027642276422764227 0.030330882352941176
1 0.5280487804878049 0.1640625 0.01869918699186992 0.030330882352941176
2 0.7719512195121951 0.23069852941176472 0.06585365853658537 0.042279411764705885
1 0.05609756097560976 0.6089154411764706 0.026016260162601626 0.05238970588235294
2 0.19308943089430894 0.29181985294117646 0.05447154471544716 0.050551470588235295
