2 0.29878048780487804 0.17693014705882354 0.038211382113821135 0.03952205882352941
2 0.39390243902439026 0.16590073529411764 0.04796747967479675 0.043198529411764705
1 0.34308943089430893 0.18612132352941177 0.026016260162601626 0.04871323529411765
4 0.11382113821138211 0.41360294117647056 0.14634146341463414 0.19852941176470587
2 0.1613821138211382 0.2771139705882353 0.1016260162601626 0.09099264705882353
1 0.8707317073170732 0.6231617647058824 0.04878048780487805 0.06066176470588235
1 0.8308943089430895 0.4195772058823529 0.026016260162601626 0.03952205882352941
1 0.8150406504065041 0.3993566176470588 0.028455284552845527 0.04136029411764706
1 0.8491869918699188 0.7095588235294118 0.052845528455284556 0.05698529411764706
1 0.5475609756097561 0.203125 0.03983739837398374 0.03676470588235294
2 0.8154471544715447 0.3014705882352941 0.022764227642276424 0.025735294117647058
1 0.4186991869918699 0.18658088235294118 0.04065040650406504 0.042279411764705885
