2 0.7041474654377881 0.22288602941176472 0.10138248847926268 0.050551470588235295
4 0.96036866359447 0.3446691176470588 0.05714285714285714 0.05698529411764706
2 0.7645161290322581 0.22242647058823528 0.059907834101382486 0.04411764705882353
2 0.8884792626728111 0.2931985294117647 0.04423963133640553 0.034926470588235295
2 0.9359447004608294 0.4016544117647059 0.041474654377880185 0.04044117647058824
1 0.8493087557603687 0.4609375 0.052534562211981564 0.024816176470588234
1 0.8981566820276498 0.5013786764705882 0.04884792626728111 0.021139705882352942
1 0.6142857142857143 0.42784926470588236 0.07465437788018434 0.04871323529411765
1 0.6640552995391705 0.5078125 0.07096774193548387 0.04136029411764706
2 0.6027649769585254 0.2536764705882353 0.1032258064516129 0.08272058823529412
0 0.34285714285714286 0.3102022058823529 0.4534562211981567 0.2509191176470588
3 0.42626728110599077 0.11259191176470588 0.010138248847926268 0.02665441176470588
2 0.1064516129032258 0.4094669117647059 0.041474654377880185 0.043198529411764705
2 0.13778801843317973 0.4319852941176471 0.06359447004608294 0.04779411764705882
0 0.046543778801843315 0.4306066176470588 0.0728110599078341 0.05974264705882353
0 0.03640552995391705 0.4802389705882353 0.07096774193548387 0.04871323529411765
1 0.30230414746543777 0.4462316176470588 0.0792626728110599 0.03952205882352941
1 0.33778801843317974 0.5078125 0.07465437788018434 0.03768382352941176
1 0.18986175115207374 0.5059742647058824 0.06451612903225806 0.02665441176470588
1 0.12811059907834102 0.5395220588235294 0.053456221198156684 0.02022058823529412
3 0.8838709677419355 0.6833639705882353 0.05898617511520737 0.03216911764705882
3 0.8350230414746543 0.7306985294117647 0.055299539170506916 0.03308823529411765
1 0.6110599078341014 0.15992647058823528 0.035023041474654376 0.029411764705882353
1 0.49078341013824883 0.14981617647058823 0.03225806451612903 0.034926470588235295
1 0.4032258064516129 0.16544117647058823 0.03225806451612903 0.034926470588235295
1 0.36912442396313366 0.16819852941176472 0.02488479262672811 0.029411764705882353
1 0.33225806451612905 0.1879595588235294 0.03225806451612903 0.035845588235294115
1 0.28986175115207374 0.19944852941176472 0.02304147465437788 0.02389705882352941
1 0.28755760368663597 0.22012867647058823 0.03133640552995392 0.03768382352941176
1 0.2110599078341014 0.23713235294117646 0.020276497695852536 0.014705882352941176
1 0.21474654377880184 0.2509191176470588 0.027649769585253458 0.029411764705882353
1 0.19493087557603686 0.2555147058823529 0.02304147465437788 0.025735294117647058
1 0.1737327188940092 0.2821691176470588 0.030414746543778803 0.025735294117647058
1 0.14608294930875576 0.30284926470588236 0.02857142857142857 0.021139705882352942
1 0.11566820276497695 0.3180147058823529 0.02304147465437788 0.01838235294117647
