3 0.9361788617886179 0.6240808823529411 0.044715447154471545 0.06066176470588235
3 0.053252032520325204 0.5353860294117647 0.023577235772357725 0.04136029411764706
2 0.6906504065040651 0.21001838235294118 0.0886178861788618 0.043198529411764705
3 0.06138211382113821 0.59375 0.028455284552845527 0.042279411764705885
1 0.7934959349593496 0.21737132352941177 0.013008130081300813 0.019301470588235295
1 0.775609756097561 0.2113970588235294 0.014634146341463415 0.022058823529411766
1 0.5373983739837398 0.16498161764705882 0.02926829268292683 0.02665441176470588
1 0.47560975609756095 0.17049632352941177 0.022764227642276424 0.03400735294117647
1 0.5028455284552845 0.16636029411764705 0.026829268292682926 0.03125
1 0.4016260162601626 0.19209558823529413 0.030894308943089432 0.03125
3 0.1967479674796748 0.26608455882352944 0.011382113821138212 0.017463235294117647
0 0.06544715447154471 0.39338235294117646 0.026829268292682926 0.05698529411764706
0 0.08455284552845528 0.3694852941176471 0.03577235772357724 0.06433823529411764
2 0.06463414634146342 0.4494485294117647 0.025203252032520326 0.04044117647058824
