1 0.1646586345381526 0.3616727941176471 0.06586345381526104 0.09283088235294118
1 0.25020080321285143 0.7936580882352942 0.09236947791164658 0.11672794117647059
3 0.342570281124498 0.8046875 0.06987951807228916 0.06709558823529412
1 0.3080321285140562 0.14659926470588236 0.010441767068273093 0.017463235294117647
2 0.3349397590361446 0.15716911764705882 0.02891566265060241 0.02389705882352941
2 0.3196787148594378 0.16727941176470587 0.036947791164658635 0.027573529411764705
2 0.37349397590361444 0.19761029411764705 0.06104417670682731 0.04411764705882353
2 0.3678714859437751 0.14292279411764705 0.046586345381526104 0.024816176470588234
2 0.42088353413654617 0.16130514705882354 0.05140562248995984 0.030330882352941176
1 0.5429718875502008 0.19990808823529413 0.02570281124497992 0.03400735294117647
1 0.5614457831325301 0.21737132352941177 0.027309236947791166 0.030330882352941176
2 0.5116465863453815 0.2867647058823529 0.12530120481927712 0.09375
2 0.6441767068273092 0.22196691176470587 0.02570281124497992 0.024816176470588234
2 0.6634538152610442 0.22380514705882354 0.02248995983935743 0.021139705882352942
2 0.7959839357429719 0.45174632352941174 0.05461847389558233 0.07996323529411764
1 0.7987951807228916 0.5693933823529411 0.058634538152610445 0.057904411764705885
2 0.857429718875502 0.6677389705882353 0.06666666666666667 0.10753676470588236
2 0.8441767068273093 0.7329963235294118 0.06907630522088354 0.12408088235294118
1 0.608433734939759 0.22242647058823528 0.016867469879518072 0.02389705882352941
1 0.6208835341365462 0.23069852941176472 0.01927710843373494 0.02389705882352941
1 0.648995983935743 0.23805147058823528 0.014457831325301205 0.02022058823529412
1 0.6963855421686747 0.23851102941176472 0.011244979919678716 0.019301470588235295
1 0.7012048192771084 0.25045955882352944 0.01285140562248996 0.019301470588235295
1 0.6630522088353413 0.26286764705882354 0.016867469879518072 0.01838235294117647
1 0.6550200803212851 0.2734375 0.018473895582329317 0.021139705882352942
1 0.6337349397590362 0.2647058823529412 0.020883534136546186 0.025735294117647058
2 0.6409638554216868 0.32077205882352944 0.0819277108433735 0.06801470588235294
3 0.6975903614457831 0.2931985294117647 0.015261044176706828 0.027573529411764705
3 0.6847389558232931 0.28952205882352944 0.015261044176706828 0.034926470588235295
1 0.7032128514056225 0.328125 0.024899598393574297 0.03676470588235294
2 0.44899598393574297 0.9287683823529411 0.20722891566265061 0.140625
0 0.6839357429718875 0.4016544117647059 0.13734939759036144 0.13419117647058823
2 0.8526104417670682 0.8988970588235294 0.0393574297188755 0.05330882352941176
1 0.8951807228915662 0.7633272058823529 0.02650602409638554 0.030330882352941176
1 0.2433734939759036 0.2270220588235294 0.020883534136546186 0.04411764705882353
2 0.26666666666666666 0.16636029411764705 0.02248995983935743 0.027573529411764705
2 0.29076305220883536 0.17693014705882354 0.035341365461847386 0.03216911764705882
1 0.21887550200803213 0.18520220588235295 0.008835341365461847 0.021139705882352942
2 0.20722891566265061 0.171875 0.01606425702811245 0.01838235294117647
2 0.25261044176706826 0.15992647058823528 0.021686746987951807 0.022058823529411766
