2 0.8869791666666667 0.228125 0.019791666666666666 0.017708333333333333
2 0.984375 0.48072916666666665 0.019791666666666666 0.025
1 0.9739583333333334 0.55234375 0.020833333333333332 0.015104166666666667
1 0.7541666666666667 0.5489583333333333 0.058333333333333334 0.0375
1 0.8182291666666667 0.10625 0.015625 0.017708333333333333
1 0.5549479166666667 0.14817708333333332 0.04635416666666667 0.0546875
3 0.20520833333333333 0.12786458333333334 0.019791666666666666 0.028645833333333332
1 0.042708333333333334 0.28671875 0.019791666666666666 0.011979166666666667
1 0.04375 0.29322916666666665 0.019791666666666666 0.010416666666666666
1 0.13567708333333334 0.23541666666666666 0.030729166666666665 0.023958333333333335
1 0.11875 0.25286458333333334 0.030208333333333334 0.025520833333333333
1 0.10729166666666666 0.28125 0.034375 0.023958333333333335
1 0.14479166666666668 0.29739583333333336 0.04479166666666667 0.030208333333333334
1 0.284375 0.3497395833333333 0.06666666666666667 0.04635416666666667
1 0.11510416666666666 0.3619791666666667 0.042708333333333334 0.025
1 0.8028645833333333 0.07083333333333333 0.009895833333333333 0.011458333333333333
1 0.02890625 0.29296875 0.013020833333333334 0.0109375
1 0.0203125 0.30104166666666665 0.0125 0.008333333333333333
1 0.5729166666666666 0.014583333333333334 0.0125 0.023958333333333335
2 0.09895833333333333 0.19609375 0.027083333333333334 0.028645833333333332
2 0.9833333333333333 0.5916666666666667 0.011458333333333333 0.015625
2 0.98046875 0.634375 0.0109375 0.015625
2 0.029947916666666668 0.2799479166666667 0.011979166666666667 0.018229166666666668
2 0.05755208333333333 0.26197916666666665 0.022395833333333334 0.022916666666666665
2 0.08489583333333334 0.24895833333333334 0.03333333333333333 0.030208333333333334
2 0.18177083333333333 0.19817708333333334 0.06666666666666667 0.049479166666666664
2 0.3260416666666667 0.17864583333333334 0.12083333333333333 0.06458333333333334
2 0.7734375 0.10052083333333334 0.030208333333333334 0.03125
2 0.8625 0.23932291666666666 0.04479166666666667 0.0609375
2 0.91796875 0.37473958333333335 0.04114583333333333 0.0671875
2 0.7119791666666667 0.14166666666666666 0.08333333333333333 0.0625
2 0.03958333333333333 0.27317708333333335 0.017708333333333333 0.015104166666666667
1 0.8765625 0.5567708333333333 0.046875 0.021875
3 0.8614583333333333 0.159375 0.015625 0.016666666666666666
2 0.04375 0.3346354166666667 0.027083333333333334 0.022395833333333334
