1 0.17258064516129032 0.6861213235294118 0.07903225806451612 0.06709558823529412
1 0.7201612903225807 0.36672794117647056 0.02903225806451613 0.03125
1 0.7298387096774194 0.38143382352941174 0.025806451612903226 0.027573529411764705
1 0.7415322580645162 0.39889705882352944 0.02338709677419355 0.027573529411764705
1 0.75 0.41130514705882354 0.025806451612903226 0.03216911764705882
1 0.6262096774193548 0.5693933823529411 0.06854838709677419 0.09650735294117647
1 0.5423387096774194 0.5808823529411765 0.07822580645161291 0.11029411764705882
1 0.46653225806451615 0.734375 0.09758064516129032 0.13419117647058823
1 0.5149193548387097 0.9255514705882353 0.07983870967741935 0.11764705882352941
1 0.8 0.5215992647058824 0.041935483870967745 0.03216911764705882
1 0.8004032258064516 0.5533088235294118 0.05241935483870968 0.04963235294117647
1 0.7967741935483871 0.5753676470588235 0.05161290322580645 0.05330882352941176
1 0.8383064516129032 0.5891544117647058 0.04112903225806452 0.05698529411764706
1 0.6314516129032258 0.30744485294117646 0.03225806451612903 0.046875
1 0.6008064516129032 0.3359375 0.037096774193548385 0.05606617647058824
1 0.3504032258064516 0.20174632352941177 0.020161290322580645 0.03952205882352941
1 0.22338709677419355 0.3483455882352941 0.041935483870967745 0.08455882352941177
2 0.8411290322580646 0.71875 0.06612903225806452 0.12867647058823528
2 0.8225806451612904 0.5399816176470589 0.07741935483870968 0.11121323529411764
2 0.26653225806451614 0.16773897058823528 0.028225806451612902 0.02665441176470588
2 0.23629032258064517 0.18290441176470587 0.025806451612903226 0.027573529411764705
2 0.8733870967741936 0.8088235294117647 0.035483870967741936 0.0625
2 0.8540322580645161 0.6521139705882353 0.05806451612903226 0.10202205882352941
3 0.7157258064516129 0.6295955882352942 0.055645161290322584 0.07352941176470588
3 0.6923387096774194 0.6254595588235294 0.06532258064516129 0.078125
2 0.6544354838709677 0.22886029411764705 0.02338709677419355 0.02389705882352941
2 0.6350806451612904 0.23023897058823528 0.028225806451612902 0.024816176470588234
