1 0.14779116465863454 0.3515625 0.02570281124497992 0.021139705882352942
1 0.14417670682730924 0.3625919117647059 0.028112449799196786 0.021139705882352942
1 0.13694779116465863 0.3791360294117647 0.023293172690763052 0.02297794117647059
1 0.13132530120481928 0.39246323529411764 0.020080321285140562 0.02389705882352941
1 0.12650602409638553 0.4071691176470588 0.02650602409638554 0.022058823529411766
1 0.12008032128514057 0.4264705882352941 0.028112449799196786 0.025735294117647058
1 0.11285140562248996 0.44715073529411764 0.02650602409638554 0.02849264705882353
1 0.10281124497991968 0.4728860294117647 0.02891566265060241 0.030330882352941176
1 0.09598393574297188 0.5032169117647058 0.028112449799196786 0.03216911764705882
1 0.08714859437751005 0.7306985294117647 0.028112449799196786 0.03125
1 0.09036144578313253 0.7550551470588235 0.028112449799196786 0.024816176470588234
1 0.10401606425702811 0.8134191176470589 0.028112449799196786 0.02389705882352941
2 0.6180722891566265 0.10891544117647059 0.03453815261044177 0.024816176470588234
2 0.5718875502008032 0.08318014705882353 0.01927710843373494 0.013786764705882353
0 0.3863453815261044 0.0978860294117647 0.04497991967871486 0.04136029411764706
2 0.3333333333333333 0.13097426470588236 0.036947791164658635 0.02665441176470588
2 0.2927710843373494 0.4053308823529412 0.14377510040160643 0.25183823529411764
3 0.7947791164658634 0.21461397058823528 0.013654618473895583 0.02665441176470588
2 0.4610441767068273 0.09880514705882353 0.027309236947791166 0.02849264705882353
2 0.42771084337349397 0.09375 0.021686746987951807 0.016544117647058824
2 0.38313253012048193 0.13465073529411764 0.05301204819277108 0.03952205882352941
3 0.20120481927710843 0.23345588235294118 0.012048192771084338 0.02389705882352941
1 0.9497991967871486 0.5625 0.013654618473895583 0.03860294117647059
3 0.927710843373494 0.46920955882352944 0.02891566265060241 0.02297794117647059
3 0.3281124497991968 0.25965073529411764 0.03293172690763052 0.05422794117647059
3 0.285140562248996 0.27941176470588236 0.02891566265060241 0.03125
1 0.6923694779116466 0.24678308823529413 0.036947791164658635 0.06158088235294118
1 0.23493975903614459 0.2532169117647059 0.028112449799196786 0.04136029411764706
1 0.314859437751004 0.15165441176470587 0.01606425702811245 0.03308823529411765
2 0.7140562248995984 0.7490808823529411 0.11887550200803212 0.3014705882352941
0 0.857429718875502 0.8377757352941176 0.16626506024096385 0.3226102941176471
