1 0.1642570281124498 0.36121323529411764 0.06827309236947791 0.09375
1 0.25140562248995985 0.7927389705882353 0.09156626506024096 0.11856617647058823
3 0.3421686746987952 0.7996323529411765 0.06265060240963856 0.07536764705882353
1 0.5823293172690763 0.20955882352941177 0.020883534136546186 0.02389705882352941
1 0.3096385542168675 0.14981617647058823 0.010441767068273093 0.016544117647058824
1 0.3 0.15441176470588236 0.012048192771084338 0.022058823529411766
2 0.3678714859437751 0.14292279411764705 0.046586345381526104 0.024816176470588234
2 0.42088353413654617 0.16130514705882354 0.05140562248995984 0.030330882352941176
1 0.45943775100401607 0.1875 0.030522088353413655 0.03308823529411765
1 0.41566265060240964 0.17647058823529413 0.03132530120481928 0.029411764705882353
1 0.4646586345381526 0.23345588235294118 0.0393574297188755 0.04779411764705882
1 0.4108433734939759 0.31755514705882354 0.04738955823293173 0.09466911764705882
1 0.2815261044176707 0.27849264705882354 0.02650602409638554 0.06433823529411764
1 0.3859437751004016 0.16911764705882354 0.020080321285140562 0.03125
1 0.3779116465863454 0.15946691176470587 0.023293172690763052 0.024816176470588234
1 0.3562248995983936 0.15992647058823528 0.020080321285140562 0.025735294117647058
1 0.6261044176706827 0.296875 0.03132530120481928 0.04411764705882353
1 0.5602409638554217 0.20634191176470587 0.023293172690763052 0.030330882352941176
2 0.6738955823293172 0.22288602941176472 0.020883534136546186 0.02665441176470588
2 0.642570281124498 0.22380514705882354 0.030522088353413655 0.024816176470588234
2 0.6759036144578313 0.2541360294117647 0.02650602409638554 0.02849264705882353
2 0.7959839357429719 0.45174632352941174 0.05461847389558233 0.07996323529411764
1 0.8658634538152611 0.6089154411764706 0.03855421686746988 0.04503676470588235
1 0.8518072289156626 0.6204044117647058 0.03775100401606426 0.05514705882352941
1 0.8325301204819278 0.6190257352941176 0.0393574297188755 0.05238970588235294
1 0.7847389558232932 0.5923713235294118 0.05461847389558233 0.06525735294117647
1 0.8240963855421687 0.5657169117647058 0.040160642570281124 0.05238970588235294
1 0.8200803212851405 0.53125 0.040160642570281124 0.05698529411764706
1 0.7847389558232932 0.5243566176470589 0.05622489959839357 0.06709558823529412
1 0.7413654618473896 0.43106617647058826 0.04176706827309237 0.05330882352941176
1 0.7160642570281125 0.43612132352941174 0.04578313253012048 0.05606617647058824
1 0.6943775100401607 0.4016544117647059 0.04738955823293173 0.051470588235294115
1 0.6574297188755021 0.3478860294117647 0.04578313253012048 0.05238970588235294
1 0.5987951807228916 0.3772977941176471 0.061847389558232935 0.07261029411764706
1 0.6678714859437751 0.42325367647058826 0.05381526104417671 0.050551470588235295
1 0.6771084337349398 0.4774816176470588 0.06907630522088354 0.0818014705882353
1 0.7281124497991968 0.4880514705882353 0.058634538152610445 0.08088235294117647
1 0.8116465863453816 0.7642463235294118 0.058634538152610445 0.07996323529411764
1 0.751004016064257 0.7954963235294118 0.07389558232931727 0.078125
2 0.8995983935742972 0.7472426470588235 0.02570281124497992 0.06985294117647059
2 0.8670682730923694 0.7339154411764706 0.06666666666666667 0.109375
3 0.6939759036144578 0.29733455882352944 0.01606425702811245 0.02849264705882353
3 0.6879518072289157 0.2927389705882353 0.016867469879518072 0.02849264705882353
1 0.7004016064257028 0.33455882352941174 0.02248995983935743 0.034926470588235295
2 0.45180722891566266 0.9246323529411765 0.21124497991967872 0.1488970588235294
2 0.22570281124497993 0.15992647058823528 0.01927710843373494 0.016544117647058824
2 0.23413654618473895 0.16681985294117646 0.020080321285140562 0.021139705882352942
2 0.2357429718875502 0.17417279411764705 0.023293172690763052 0.02297794117647059
2 0.21405622489959839 0.1870404411764706 0.02650602409638554 0.030330882352941176
2 0.26546184738955825 0.16498161764705882 0.028112449799196786 0.030330882352941176
2 0.2855421686746988 0.17601102941176472 0.04417670682730924 0.03768382352941176
2 0.26265060240963856 0.20036764705882354 0.04497991967871486 0.04411764705882353
1 0.1895582329317269 0.21875 0.017670682730923693 0.03125
1 0.19839357429718876 0.23851102941176472 0.01927710843373494 0.03400735294117647
1 0.21325301204819277 0.2192095588235294 0.015261044176706828 0.024816176470588234
1 0.22690763052208834 0.2417279411764706 0.021686746987951807 0.04411764705882353
1 0.3514056224899598 0.3772977941176471 0.05381526104417671 0.11672794117647059
2 0.8831325301204819 0.8400735294117647 0.0393574297188755 0.058823529411764705
2 0.8987951807228916 0.8060661764705882 0.0321285140562249 0.04779411764705882
2 0.8240963855421687 0.9269301470588235 0.04819277108433735 0.07077205882352941
