2 0.7165322580645161 0.40579044117647056 0.0814516129032258 0.09283088235294118
1 0.17096774193548386 0.6847426470588235 0.07903225806451612 0.0661764705882353
1 0.7205645161290323 0.36994485294117646 0.02338709677419355 0.024816176470588234
1 0.7754032258064516 0.5004595588235294 0.04112903225806452 0.05422794117647059
1 0.8278225806451613 0.5974264705882353 0.04112903225806452 0.05330882352941176
1 0.5544354838709677 0.2927389705882353 0.04112903225806452 0.05422794117647059
1 0.2584677419354839 0.7279411764705882 0.062096774193548386 0.14522058823529413
2 0.6092741935483871 0.2702205882352941 0.04112903225806452 0.04411764705882353
2 0.7237903225806451 0.5303308823529411 0.1314516129032258 0.15992647058823528
2 0.4205645161290323 0.22931985294117646 0.08951612903225807 0.06709558823529412
2 0.2770161290322581 0.17784926470588236 0.03790322580645161 0.02849264705882353
1 0.8762096774193548 0.7132352941176471 0.036290322580645164 0.03860294117647059
1 0.30120967741935484 0.19163602941176472 0.018548387096774192 0.02665441176470588
1 0.27741935483870966 0.1948529411764706 0.02258064516129032 0.027573529411764705
2 0.6330645161290323 0.22012867647058823 0.02903225806451613 0.02665441176470588
2 0.6580645161290323 0.22058823529411764 0.027419354838709678 0.03308823529411765
1 0.5653225806451613 0.20863970588235295 0.01935483870967742 0.022058823529411766
1 0.5862903225806452 0.20680147058823528 0.016129032258064516 0.02022058823529412
2 0.6701612903225806 0.25137867647058826 0.02258064516129032 0.02665441176470588
1 0.625 0.23253676470588236 0.016129032258064516 0.02022058823529412
3 0.5326612903225807 0.20082720588235295 0.013709677419354839 0.030330882352941176
