1 0.16224899598393575 0.35983455882352944 0.07228915662650602 0.09099264705882353
1 0.2493975903614458 0.7945772058823529 0.10200803212851406 0.12224264705882353
3 0.3433734939759036 0.8207720588235294 0.058634538152610445 0.06801470588235294
2 0.3674698795180723 0.14384191176470587 0.04417670682730924 0.02665441176470588
1 0.41887550200803214 0.18060661764705882 0.04096385542168675 0.02849264705882353
1 0.5377510040160642 0.20128676470588236 0.03132530120481928 0.029411764705882353
2 0.42048192771084336 0.16268382352941177 0.05060240963855422 0.029411764705882353
2 0.7931726907630522 0.45266544117647056 0.05542168674698795 0.0744485294117647
1 0.6076305220883534 0.20955882352941177 0.013654618473895583 0.022058823529411766
1 0.578714859437751 0.20496323529411764 0.023293172690763052 0.03125
2 0.6341365461847389 0.21875 0.028112449799196786 0.027573529411764705
2 0.6811244979919678 0.22380514705882354 0.01606425702811245 0.021139705882352942
1 0.6546184738955824 0.22150735294117646 0.011244979919678716 0.014705882352941176
1 0.6574297188755021 0.23253676470588236 0.012048192771084338 0.016544117647058824
1 0.6650602409638554 0.21875 0.011244979919678716 0.016544117647058824
2 0.5895582329317269 0.23897058823529413 0.04819277108433735 0.04779411764705882
1 0.6309236947791165 0.2545955882352941 0.020080321285140562 0.027573529411764705
1 0.6341365461847389 0.2697610294117647 0.018473895582329317 0.02849264705882353
1 0.5518072289156627 0.25183823529411764 0.020883534136546186 0.04044117647058824
1 0.5642570281124498 0.2693014705882353 0.021686746987951807 0.04044117647058824
1 0.5751004016064257 0.35661764705882354 0.040160642570281124 0.07720588235294118
2 0.6184738955823293 0.32628676470588236 0.06746987951807229 0.09558823529411764
2 0.6895582329317269 0.5041360294117647 0.1180722891566265 0.20680147058823528
1 0.761847389558233 0.45358455882352944 0.04417670682730924 0.050551470588235295
1 0.7558232931726908 0.47794117647058826 0.04819277108433735 0.06066176470588235
2 0.5285140562248996 0.7178308823529411 0.19919678714859437 0.3290441176470588
2 0.2923694779116466 0.18106617647058823 0.03855421686746988 0.034926470588235295
2 0.25421686746987954 0.1479779411764706 0.021686746987951807 0.016544117647058824
2 0.2678714859437751 0.16819852941176472 0.024899598393574297 0.027573529411764705
1 0.26907630522088355 0.19209558823529413 0.017670682730923693 0.03308823529411765
2 0.22730923694779118 0.16176470588235295 0.01606425702811245 0.014705882352941176
2 0.2285140562248996 0.16819852941176472 0.021686746987951807 0.02022058823529412
2 0.20963855421686747 0.18382352941176472 0.01927710843373494 0.02389705882352941
2 0.23453815261044178 0.17325367647058823 0.01927710843373494 0.02297794117647059
2 0.2421686746987952 0.18474264705882354 0.028112449799196786 0.027573529411764705
1 0.22771084337349398 0.20863970588235295 0.015261044176706828 0.025735294117647058
1 0.20562248995983937 0.20726102941176472 0.011244979919678716 0.02849264705882353
1 0.18995983935742972 0.21553308823529413 0.010441767068273093 0.021139705882352942
2 0.8759036144578313 0.7467830882352942 0.058634538152610445 0.109375
3 0.6919678714859437 0.31525735294117646 0.020080321285140562 0.03308823529411765
1 0.6995983935742972 0.33547794117647056 0.020883534136546186 0.03125
1 0.8257028112449799 0.8051470588235294 0.05622489959839357 0.0661764705882353
1 0.706425702811245 0.6677389705882353 0.07791164658634538 0.12224264705882353
1 0.8200803212851405 0.8768382352941176 0.04497991967871486 0.058823529411764705
2 0.8441767068273093 0.8933823529411765 0.04819277108433735 0.07536764705882353
2 0.8967871485943775 0.7481617647058824 0.03132530120481928 0.06433823529411764
2 0.9008032128514056 0.8010110294117647 0.024899598393574297 0.046875
2 0.8795180722891566 0.8386948529411765 0.0321285140562249 0.05606617647058824
1 0.8116465863453816 0.5358455882352942 0.04096385542168675 0.042279411764705885
1 0.8176706827309237 0.5592830882352942 0.046586345381526104 0.03400735294117647
1 0.8032128514056225 0.5965073529411765 0.04819277108433735 0.03308823529411765
1 0.8024096385542169 0.6116727941176471 0.06586345381526104 0.043198529411764705
1 0.8016064257028113 0.6305147058823529 0.0642570281124498 0.04779411764705882
1 0.8606425702811245 0.5818014705882353 0.03132530120481928 0.029411764705882353
1 0.857429718875502 0.6015625 0.03453815261044177 0.030330882352941176
1 0.8558232931726908 0.6268382352941176 0.028112449799196786 0.027573529411764705
1 0.8485943775100402 0.6631433823529411 0.03614457831325301 0.04503676470588235
1 0.8815261044176707 0.6314338235294118 0.023293172690763052 0.02389705882352941
1 0.8726907630522088 0.6484375 0.023293172690763052 0.019301470588235295
1 0.8759036144578313 0.6617647058823529 0.03132530120481928 0.03308823529411765
1 0.8309236947791164 0.7035845588235294 0.04578313253012048 0.05974264705882353
1 0.8955823293172691 0.6801470588235294 0.027309236947791166 0.027573529411764705
1 0.2987951807228916 0.15165441176470587 0.00963855421686747 0.01838235294117647
1 0.2895582329317269 0.1479779411764706 0.008835341365461847 0.016544117647058824
1 0.37710843373493974 0.16314338235294118 0.018473895582329317 0.02849264705882353
