2 0.6630208333333333 0.14635416666666667 0.016666666666666666 0.011458333333333333
2 0.68046875 0.1671875 0.022395833333333334 0.015625
2 0.5395833333333333 0.14192708333333334 0.03125 0.016145833333333335
2 0.4942708333333333 0.13411458333333334 0.028125 0.0203125
4 0.5588541666666667 0.13125 0.05416666666666667 0.028125
4 0.2716145833333333 0.1890625 0.10364583333333334 0.090625
0 0.1890625 0.22057291666666667 0.03958333333333333 0.028645833333333332
2 0.13177083333333334 0.8796875 0.05625 0.08958333333333333
4 0.07265625 0.8403645833333333 0.059895833333333336 0.1046875
1 0.54296875 0.18802083333333333 0.025520833333333333 0.03125
1 0.4122395833333333 0.15286458333333333 0.0171875 0.024479166666666666
1 0.08619791666666667 0.6635416666666667 0.050520833333333334 0.04791666666666667
1 0.11328125 0.7143229166666667 0.05364583333333333 0.050520833333333334
2 0.06354166666666666 0.4140625 0.03333333333333333 0.052083333333333336
2 0.24348958333333334 0.2559895833333333 0.06510416666666667 0.044270833333333336
2 0.15911458333333334 0.3059895833333333 0.0390625 0.0421875
1 0.7966145833333333 0.259375 0.024479166666666666 0.023958333333333335
