1 0.41260162601626016 0.19071691176470587 0.013821138211382113 0.02297794117647059
1 0.4008130081300813 0.18933823529411764 0.00975609756097561 0.02389705882352941
1 0.38902439024390245 0.18520220588235295 0.013821138211382113 0.02665441176470588
1 0.37601626016260165 0.17784926470588236 0.012195121951219513 0.02297794117647059
1 0.3646341463414634 0.17693014705882354 0.01056910569105691 0.021139705882352942
1 0.3569105691056911 0.1870404411764706 0.013008130081300813 0.019301470588235295
1 0.3443089430894309 0.18887867647058823 0.012195121951219513 0.017463235294117647
1 0.3304878048780488 0.1870404411764706 0.01707317073170732 0.02665441176470588
1 0.25040650406504067 0.22334558823529413 0.01951219512195122 0.04044117647058824
1 0.5455284552845528 0.23115808823529413 0.027642276422764227 0.024816176470588234
1 0.1597560975609756 0.24540441176470587 0.01869918699186992 0.04044117647058824
1 0.13455284552845528 0.26056985294117646 0.013821138211382113 0.03768382352941176
1 0.11707317073170732 0.2697610294117647 0.013008130081300813 0.03400735294117647
1 0.1 0.2821691176470588 0.013008130081300813 0.027573529411764705
1 0.08902439024390243 0.28860294117647056 0.01056910569105691 0.027573529411764705
2 0.4394308943089431 0.19071691176470587 0.04959349593495935 0.05238970588235294
2 0.7162601626016261 0.3193933823529412 0.03577235772357724 0.03400735294117647
2 0.6223577235772357 0.2844669117647059 0.06422764227642276 0.04871323529411765
1 0.6910569105691057 0.2734375 0.01788617886178862 0.019301470588235295
1 0.6434959349593496 0.25643382352941174 0.02195121951219512 0.027573529411764705
