1 0.0859437751004016 0.7270220588235294 0.024096385542168676 0.034926470588235295
1 0.0895582329317269 0.7495404411764706 0.02650602409638554 0.02665441176470588
1 0.10361445783132531 0.8152573529411765 0.027309236947791166 0.025735294117647058
2 0.351004016064257 0.11259191176470588 0.02248995983935743 0.017463235294117647
1 0.9100401606425703 0.41911764705882354 0.02891566265060241 0.03308823529411765
1 0.8662650602409638 0.31112132352941174 0.03453815261044177 0.03400735294117647
2 0.6835341365461848 0.5537683823529411 0.1670682730923695 0.328125
2 0.3562248995983936 0.2789522058823529 0.09397590361445783 0.14246323529411764
2 0.6305220883534136 0.13051470588235295 0.05622489959839357 0.034926470588235295
2 0.7257028112449799 0.3258272058823529 0.12771084337349398 0.14981617647058823
2 0.41927710843373495 0.10202205882352941 0.024096385542168676 0.022058823529411766
2 0.548995983935743 0.16130514705882354 0.06827309236947791 0.050551470588235295
2 0.3618473895582329 0.14292279411764705 0.04417670682730924 0.03952205882352941
0 0.19759036144578312 0.4071691176470588 0.2570281124497992 0.5091911764705882
0 0.39076305220883534 0.09099264705882353 0.04899598393574297 0.04595588235294118
2 0.5409638554216868 0.08869485294117647 0.024899598393574297 0.021139705882352942
4 0.5132530120481927 0.09420955882352941 0.035341365461847386 0.02665441176470588
2 0.8385542168674699 0.41452205882352944 0.10281124497991968 0.17830882352941177
2 0.6164658634538153 0.1052389705882353 0.0393574297188755 0.02665441176470588
2 0.5710843373493976 0.08272058823529412 0.024096385542168676 0.016544117647058824
2 0.43132530120481927 0.08455882352941177 0.01927710843373494 0.016544117647058824
1 0.8092369477911646 0.2665441176470588 0.03614457831325301 0.05514705882352941
