2 0.3 0.17784926470588236 0.03577235772357724 0.030330882352941176
2 0.3975609756097561 0.16544117647058823 0.04065040650406504 0.03308823529411765
1 0.8686991869918699 0.6148897058823529 0.034959349593495934 0.027573529411764705
1 0.8617886178861789 0.6677389705882353 0.03902439024390244 0.04136029411764706
1 0.8455284552845529 0.6999080882352942 0.04227642276422764 0.05422794117647059
4 0.13821138211382114 0.2541360294117647 0.061788617886178863 0.08363970588235294
2 0.8101626016260163 0.27941176470588236 0.01869918699186992 0.01838235294117647
1 0.7947154471544715 0.27941176470588236 0.00894308943089431 0.012867647058823529
2 0.8211382113821138 0.2959558823529412 0.01951219512195122 0.025735294117647058
1 0.7723577235772358 0.25965073529411764 0.011382113821138212 0.017463235294117647
1 0.7227642276422764 0.24862132352941177 0.016260162601626018 0.017463235294117647
1 0.7227642276422764 0.27481617647058826 0.016260162601626018 0.025735294117647058
1 0.8077235772357724 0.3828125 0.02032520325203252 0.03216911764705882
2 0.6817073170731708 0.24770220588235295 0.06422764227642276 0.03768382352941176
2 0.22317073170731708 0.2624080882352941 0.11138211382113822 0.07628676470588236
2 0.4292682926829268 0.2182904411764706 0.12845528455284552 0.05974264705882353
1 0.5699186991869919 0.19944852941176472 0.03577235772357724 0.034926470588235295
1 0.5902439024390244 0.22564338235294118 0.030894308943089432 0.03400735294117647
1 0.5508130081300813 0.2541360294117647 0.046341463414634146 0.050551470588235295
1 0.5219512195121951 0.20404411764705882 0.03414634146341464 0.03676470588235294
1 0.5 0.18428308823529413 0.022764227642276424 0.030330882352941176
1 0.34146341463414637 0.2568933823529412 0.061788617886178863 0.05974264705882353
1 0.091869918699187 0.35018382352941174 0.030894308943089432 0.04779411764705882
1 0.26951219512195124 0.21553308823529413 0.028455284552845527 0.035845588235294115
1 0.6357723577235772 0.20909926470588236 0.024390243902439025 0.02665441176470588
3 0.35203252032520327 0.17417279411764705 0.016260162601626018 0.030330882352941176
1 0.11178861788617886 0.3000919117647059 0.025203252032520326 0.03952205882352941
3 0.16016260162601625 0.2578125 0.014634146341463415 0.035845588235294115
