1 0.41646586345381525 0.18841911764705882 0.016867469879518072 0.02389705882352941
1 0.39879518072289155 0.18428308823529413 0.018473895582329317 0.030330882352941176
1 0.3791164658634538 0.17830882352941177 0.011244979919678716 0.025735294117647058
1 0.3682730923694779 0.17647058823529413 0.013654618473895583 0.02389705882352941
1 0.3606425702811245 0.18474264705882354 0.014457831325301205 0.025735294117647058
1 0.3477911646586345 0.18566176470588236 0.01285140562248996 0.027573529411764705
1 0.3333333333333333 0.18474264705882354 0.017670682730923693 0.03125
1 0.39477911646586344 0.21185661764705882 0.03293172690763052 0.03768382352941176
1 0.3602409638554217 0.21461397058823528 0.0393574297188755 0.04136029411764706
1 0.25582329317269076 0.22242647058823528 0.021686746987951807 0.042279411764705885
1 0.1670682730923695 0.24770220588235295 0.014457831325301205 0.03768382352941176
1 0.1534136546184739 0.2545955882352941 0.011244979919678716 0.034926470588235295
1 0.142570281124498 0.25919117647058826 0.012048192771084338 0.034926470588235295
1 0.12289156626506025 0.2702205882352941 0.01285140562248996 0.029411764705882353
1 0.10843373493975904 0.28308823529411764 0.01285140562248996 0.025735294117647058
1 0.09558232931726908 0.2881433823529412 0.01285140562248996 0.02849264705882353
1 0.5481927710843374 0.22977941176470587 0.02971887550200803 0.025735294117647058
2 0.7995983935742972 0.3864889705882353 0.023293172690763052 0.02849264705882353
1 0.7903614457831325 0.3336397058823529 0.008032128514056224 0.011029411764705883
1 0.7903614457831325 0.34375 0.008032128514056224 0.009191176470588236
1 0.7975903614457831 0.3474264705882353 0.008032128514056224 0.009191176470588236
1 0.8036144578313253 0.3474264705882353 0.008835341365461847 0.009191176470588236
2 0.7815261044176707 0.3235294117647059 0.011244979919678716 0.011029411764705883
2 0.742570281124498 0.31387867647058826 0.020080321285140562 0.021139705882352942
2 0.7759036144578313 0.3460477941176471 0.01927710843373494 0.02297794117647059
4 0.7674698795180723 0.3235294117647059 0.015261044176706828 0.022058823529411766
4 0.6730923694779116 0.2844669117647059 0.05140562248995984 0.043198529411764705
1 0.7108433734939759 0.40441176470588236 0.02891566265060241 0.03860294117647059
1 0.7859437751004016 0.3648897058823529 0.010441767068273093 0.016544117647058824
3 0.19518072289156627 0.24770220588235295 0.01606425702811245 0.043198529411764705
2 0.3393574297188755 0.4352022058823529 0.23052208835341365 0.140625
1 0.5325301204819277 0.5349264705882353 0.07068273092369477 0.08088235294117647
1 0.7164658634538152 0.28630514705882354 0.014457831325301205 0.019301470588235295
1 0.7530120481927711 0.3740808823529412 0.018473895582329317 0.029411764705882353
1 0.6911646586345381 0.27297794117647056 0.018473895582329317 0.02022058823529412
1 0.6449799196787148 0.2568933823529412 0.020883534136546186 0.024816176470588234
1 0.6987951807228916 0.31847426470588236 0.020883534136546186 0.03216911764705882
