2 0.49032258064516127 0.0974264705882353 0.037096774193548385 0.042279411764705885
2 0.3782258064516129 0.13005514705882354 0.05 0.05606617647058824
1 0.18951612903225806 0.34420955882352944 0.0467741935483871 0.08915441176470588
2 0.03306451612903226 0.5004595588235294 0.020967741935483872 0.05238970588235294
2 0.5423387096774194 0.08869485294117647 0.042741935483870966 0.02665441176470588
2 0.6024193548387097 0.11994485294117647 0.05 0.035845588235294115
2 0.6826612903225806 0.20542279411764705 0.07661290322580645 0.07628676470588236
2 0.8637096774193549 0.6374080882352942 0.07903225806451612 0.23988970588235295
4 0.7677419354838709 0.9108455882352942 0.15161290322580645 0.17830882352941177
1 0.1596774193548387 0.8704044117647058 0.043548387096774194 0.07720588235294118
1 0.20443548387096774 0.9269301470588235 0.05887096774193548 0.0818014705882353
