1 0.41260162601626016 0.19117647058823528 0.013821138211382113 0.022058823529411766
1 0.401219512195122 0.18887867647058823 0.01056910569105691 0.02297794117647059
1 0.3902439024390244 0.18474264705882354 0.016260162601626018 0.027573529411764705
1 0.37642276422764226 0.17738970588235295 0.013008130081300813 0.02389705882352941
1 0.3650406504065041 0.17601102941176472 0.00975609756097561 0.02297794117647059
1 0.3565040650406504 0.1875 0.013821138211382113 0.02022058823529412
1 0.34308943089430893 0.19025735294117646 0.013008130081300813 0.01838235294117647
1 0.32926829268292684 0.18566176470588236 0.01788617886178862 0.025735294117647058
1 0.25040650406504067 0.22288602941176472 0.01951219512195122 0.03952205882352941
1 0.15853658536585366 0.24678308823529413 0.01788617886178862 0.04136029411764706
1 0.1353658536585366 0.25965073529411764 0.013821138211382113 0.035845588235294115
1 0.11788617886178862 0.2693014705882353 0.013008130081300813 0.03308823529411765
1 0.09959349593495935 0.2821691176470588 0.012195121951219513 0.027573529411764705
1 0.08902439024390243 0.2881433823529412 0.01056910569105691 0.02665441176470588
2 0.44308943089430897 0.19255514705882354 0.04552845528455285 0.04871323529411765
1 0.7951219512195122 0.3524816176470588 0.013008130081300813 0.017463235294117647
2 0.7069105691056911 0.3193933823529412 0.038211382113821135 0.03400735294117647
2 0.5126016260162601 0.2578125 0.1048780487804878 0.06709558823529412
2 0.65 0.42784926470588236 0.10325203252032521 0.08731617647058823
1 0.3646341463414634 0.5804227941176471 0.09024390243902439 0.09834558823529412
1 0.693089430894309 0.27527573529411764 0.02032520325203252 0.021139705882352942
1 0.6430894308943089 0.25597426470588236 0.022764227642276424 0.02665441176470588
