1 0.14779116465863454 0.35202205882352944 0.01927710843373494 0.02022058823529412
1 0.14457831325301204 0.35983455882352944 0.02248995983935743 0.021139705882352942
1 0.13293172690763053 0.3791360294117647 0.028112449799196786 0.019301470588235295
1 0.13132530120481928 0.39338235294117646 0.023293172690763052 0.02022058823529412
1 0.12570281124497992 0.40762867647058826 0.02971887550200803 0.02297794117647059
1 0.11967871485943775 0.4255514705882353 0.02570281124497992 0.02389705882352941
1 0.10883534136546184 0.4476102941176471 0.024899598393574297 0.02022058823529412
1 0.10120481927710843 0.47380514705882354 0.02570281124497992 0.02665441176470588
1 0.0963855421686747 0.5064338235294118 0.02891566265060241 0.029411764705882353
1 0.08674698795180723 0.7270220588235294 0.024096385542168676 0.034926470588235295
1 0.0891566265060241 0.7490808823529411 0.02570281124497992 0.025735294117647058
1 0.10361445783132531 0.8161764705882353 0.027309236947791166 0.027573529411764705
2 0.3530120481927711 0.11167279411764706 0.02650602409638554 0.017463235294117647
1 0.7630522088353414 0.21507352941176472 0.030522088353413655 0.03308823529411765
1 0.8060240963855422 0.27068014705882354 0.04096385542168675 0.04871323529411765
1 0.8297188755020081 0.3079044117647059 0.043373493975903614 0.04044117647058824
1 0.8630522088353414 0.33731617647058826 0.02971887550200803 0.042279411764705885
2 0.40602409638554215 0.0896139705882353 0.018473895582329317 0.015625
2 0.42730923694779116 0.09420955882352941 0.024096385542168676 0.021139705882352942
1 0.3477911646586345 0.12683823529411764 0.01606425702811245 0.01838235294117647
2 0.23453815261044178 0.32306985294117646 0.09156626506024096 0.1479779411764706
3 0.17710843373493976 0.2693014705882353 0.018473895582329317 0.029411764705882353
3 0.6983935742971887 0.14751838235294118 0.012048192771084338 0.024816176470588234
2 0.6164658634538153 0.1052389705882353 0.0393574297188755 0.02665441176470588
2 0.5666666666666667 0.0818014705882353 0.020080321285140562 0.014705882352941176
1 0.38072289156626504 0.09972426470588236 0.00963855421686747 0.015625
