2 0.29878048780487804 0.17371323529411764 0.041463414634146344 0.042279411764705885
2 0.39390243902439026 0.16636029411764705 0.04796747967479675 0.042279411764705885
1 0.34308943089430893 0.18658088235294118 0.026016260162601626 0.04779411764705882
4 0.11585365853658537 0.4108455882352941 0.15528455284552845 0.20036764705882354
2 0.1638211382113821 0.27619485294117646 0.10325203252032521 0.09650735294117647
1 0.8707317073170732 0.6222426470588235 0.04878048780487805 0.06066176470588235
1 0.8304878048780487 0.42049632352941174 0.026829268292682926 0.03768382352941176
1 0.8613821138211382 0.6783088235294118 0.05609756097560976 0.05514705882352941
1 0.8495934959349594 0.7095588235294118 0.05203252032520325 0.05698529411764706
1 0.5467479674796748 0.2026654411764706 0.03983739837398374 0.03952205882352941
2 0.7951219512195122 0.2780330882352941 0.01951219512195122 0.021139705882352942
2 0.8150406504065041 0.3023897058823529 0.023577235772357725 0.027573529411764705
