2 0.6395161290322581 0.22748161764705882 0.03064516129032258 0.030330882352941176
1 0.5862903225806452 0.21185661764705882 0.01935483870967742 0.02849264705882353
2 0.3463709677419355 0.3005514705882353 0.11854838709677419 0.11580882352941177
1 0.3024193548387097 0.19163602941176472 0.035483870967741936 0.043198529411764705
2 0.2701612903225806 0.17371323529411764 0.03870967741935484 0.042279411764705885
2 0.2838709677419355 0.15716911764705882 0.035483870967741936 0.029411764705882353
2 0.3883064516129032 0.20082720588235295 0.07016129032258064 0.050551470588235295
1 0.44798387096774195 0.20174632352941177 0.03951612903225806 0.04503676470588235
1 0.5008064516129033 0.23897058823529413 0.0467741935483871 0.04963235294117647
2 0.6778225806451613 0.45266544117647056 0.12983870967741937 0.13143382352941177
2 0.8092741935483871 0.8157169117647058 0.0814516129032258 0.12408088235294118
1 0.7524193548387097 0.40808823529411764 0.025806451612903226 0.03308823529411765
3 0.7294354838709678 0.3727022058823529 0.02661290322580645 0.03400735294117647
3 0.7370967741935484 0.38556985294117646 0.024193548387096774 0.03952205882352941
1 0.7322580645161291 0.3828125 0.03064516129032258 0.03400735294117647
1 0.7451612903225806 0.3961397058823529 0.02903225806451613 0.034926470588235295
