1 0.9097560975609756 0.5050551470588235 0.04065040650406504 0.046875
3 0.9150406504065041 0.47610294117647056 0.028455284552845527 0.04044117647058824
3 0.9284552845528455 0.5170036764705882 0.02926829268292683 0.06341911764705882
2 0.37845528455284555 0.9590992647058824 0.14715447154471545 0.07996323529411764
1 0.18536585365853658 0.9053308823529411 0.05040650406504065 0.06985294117647059
1 0.22113821138211381 0.9388786764705882 0.055284552845528454 0.06158088235294118
1 0.43861788617886177 0.17003676470588236 0.01869918699186992 0.025735294117647058
1 0.49390243902439024 0.16727941176470587 0.025203252032520326 0.027573529411764705
2 0.865040650406504 0.2711397058823529 0.032520325203252036 0.03125
2 0.8300813008130081 0.24448529411764705 0.032520325203252036 0.03308823529411765
2 0.37073170731707317 0.2578125 0.12682926829268293 0.07628676470588236
2 0.44308943089430897 0.19071691176470587 0.08455284552845528 0.043198529411764705
2 0.8142276422764227 0.24724264705882354 0.05121951219512195 0.034926470588235295
2 0.7495934959349594 0.22288602941176472 0.06341463414634146 0.035845588235294115
1 0.07235772357723577 0.4554227941176471 0.01951219512195122 0.03216911764705882
1 0.1459349593495935 0.31433823529411764 0.015447154471544716 0.022058823529411766
