2 0.29796747967479675 0.1801470588235294 0.043089430894308944 0.04044117647058824
2 0.3967479674796748 0.1645220588235294 0.04552845528455285 0.04044117647058824
1 0.3410569105691057 0.18612132352941177 0.025203252032520326 0.04871323529411765
1 0.4638211382113821 0.17830882352941177 0.03333333333333333 0.03860294117647059
2 0.833739837398374 0.32996323529411764 0.028455284552845527 0.034926470588235295
1 0.7841463414634147 0.2711397058823529 0.013821138211382113 0.01838235294117647
1 0.7670731707317073 0.2624080882352941 0.01707317073170732 0.021139705882352942
1 0.7414634146341463 0.25137867647058826 0.01951219512195122 0.024816176470588234
1 0.48089430894308943 0.19898897058823528 0.046341463414634146 0.03768382352941176
1 0.20934959349593496 0.2348345588235294 0.044715447154471545 0.057904411764705885
1 0.8747967479674796 0.6286764705882353 0.05040650406504065 0.0661764705882353
1 0.8455284552845529 0.7086397058823529 0.055284552845528454 0.0661764705882353
2 0.801219512195122 0.29181985294117646 0.023577235772357725 0.02665441176470588
