1 0.7416326530612245 0.3125 0.010612244897959184 0.01838235294117647
2 0.7673469387755102 0.33409926470588236 0.014693877551020407 0.019301470588235295
2 0.7510204081632653 0.3290441176470588 0.022857142857142857 0.022058823529411766
2 0.24857142857142858 0.2536764705882353 0.06612244897959184 0.04044117647058824
3 0.11142857142857143 0.3556985294117647 0.008979591836734694 0.02022058823529412
2 0.5779591836734694 0.22840073529411764 0.019591836734693877 0.013786764705882353
2 0.10204081632653061 0.42325367647058826 0.05877551020408163 0.1332720588235294
3 0.19551020408163267 0.25643382352941174 0.010612244897959184 0.025735294117647058
4 0.4648979591836735 0.21966911764705882 0.07918367346938776 0.03676470588235294
2 0.7322448979591837 0.35753676470588236 0.062040816326530614 0.051470588235294115
2 0.6604081632653062 0.3561580882352941 0.08326530612244898 0.057904411764705885
2 0.5240816326530612 0.26700367647058826 0.08653061224489796 0.046875
