3 0.9361788617886179 0.6190257352941176 0.036585365853658534 0.05422794117647059
3 0.053252032520325204 0.546875 0.025203252032520326 0.027573529411764705
1 0.17601626016260163 0.5997242647058824 0.06910569105691057 0.09466911764705882
2 0.683739837398374 0.20588235294117646 0.07967479674796749 0.04779411764705882
1 0.47560975609756095 0.17049632352941177 0.02113821138211382 0.03216911764705882
1 0.5 0.16544117647058823 0.027642276422764227 0.03676470588235294
1 0.5247967479674797 0.16636029411764705 0.023577235772357725 0.03308823529411765
2 0.5898373983739837 0.18566176470588236 0.091869918699187 0.04411764705882353
2 0.266260162601626 0.2509191176470588 0.06585365853658537 0.05514705882352941
2 0.6617886178861788 0.18474264705882354 0.06991869918699187 0.04044117647058824
2 0.8406504065040651 0.2522977941176471 0.03414634146341464 0.030330882352941176
2 0.08943089430894309 0.375 0.02113821138211382 0.042279411764705885
