1 0.2939516129032258 0.7155330882352942 0.10080645161290322 0.1645220588235294
1 0.34758064516129034 0.4099264705882353 0.08225806451612903 0.16911764705882354
1 0.7629032258064516 0.5124080882352942 0.0532258064516129 0.06525735294117647
2 0.6540322580645161 0.22196691176470587 0.02258064516129032 0.02297794117647059
2 0.6346774193548387 0.22380514705882354 0.025806451612903226 0.030330882352941176
1 0.6653225806451613 0.2578125 0.016129032258064516 0.02297794117647059
1 0.7298387096774194 0.3818933823529412 0.024193548387096774 0.03400735294117647
1 0.325 0.20220588235294118 0.04032258064516129 0.04779411764705882
2 0.24314516129032257 0.16636029411764705 0.028225806451612902 0.025735294117647058
2 0.2717741935483871 0.17417279411764705 0.037096774193548385 0.02665441176470588
1 0.2721774193548387 0.18612132352941177 0.020161290322580645 0.02665441176470588
4 0.4729838709677419 0.2555147058823529 0.13306451612903225 0.09926470588235294
1 0.742741935483871 0.3984375 0.027419354838709678 0.03216911764705882
1 0.7524193548387097 0.41130514705882354 0.025806451612903226 0.03400735294117647
