1 0.8673469387755102 0.4788602941176471 0.018775510204081632 0.01838235294117647
1 0.44571428571428573 0.2495404411764706 0.044081632653061226 0.03768382352941176
2 0.11224489795918367 0.32858455882352944 0.03836734693877551 0.03768382352941176
2 0.7624489795918368 0.3322610294117647 0.026122448979591838 0.021139705882352942
0 0.7138775510204082 0.30422794117647056 0.04979591836734694 0.051470588235294115
1 0.78 0.390625 0.02040816326530612 0.03676470588235294
1 0.8212244897959183 0.4397977941176471 0.022857142857142857 0.030330882352941176
1 0.9089795918367347 0.6001838235294118 0.02857142857142857 0.04044117647058824
2 0.416734693877551 0.20082720588235295 0.04326530612244898 0.021139705882352942
2 0.2636734693877551 0.21461397058823528 0.022857142857142857 0.017463235294117647
1 0.24693877551020407 0.22380514705882354 0.012244897959183673 0.017463235294117647
1 0.2946938775510204 0.2109375 0.011428571428571429 0.013786764705882353
