2 0.9846354166666667 0.48671875 0.016145833333333335 0.0203125
2 0.9768229166666667 0.47317708333333336 0.0203125 0.030729166666666665
2 0.8885416666666667 0.22708333333333333 0.023958333333333335 0.017708333333333333
3 0.8622395833333333 0.15885416666666666 0.0140625 0.0125
3 0.1109375 0.3572916666666667 0.03958333333333333 0.017708333333333333
3 0.03125 0.32838541666666665 0.015625 0.0078125
1 0.03463541666666667 0.296875 0.0140625 0.009375
1 0.14609375 0.271875 0.0390625 0.028125
1 0.1390625 0.2296875 0.03125 0.023958333333333335
1 0.19895833333333332 0.1765625 0.03229166666666667 0.03229166666666667
1 0.2234375 0.14557291666666666 0.03229166666666667 0.025520833333333333
2 0.7921875 0.07734375 0.01875 0.0234375
2 0.771875 0.07161458333333333 0.026041666666666668 0.027604166666666666
0 0.8002604166666667 0.06354166666666666 0.028645833333333332 0.03854166666666667
1 0.8098958333333334 0.11822916666666666 0.017708333333333333 0.022916666666666665
1 0.8020833333333334 0.1625 0.025 0.030208333333333334
2 0.7580729166666667 0.12005208333333334 0.0421875 0.0515625
2 0.59296875 0.11484375 0.08697916666666666 0.05677083333333333
1 0.2859375 0.30625 0.065625 0.04791666666666667
1 0.4861979166666667 0.034375 0.019270833333333334 0.03125
2 0.9671875 0.478125 0.021875 0.034375
2 0.9184895833333333 0.55390625 0.04010416666666667 0.049479166666666664
2 0.9830729166666666 0.5947916666666667 0.013020833333333334 0.020833333333333332
2 0.09895833333333333 0.19609375 0.027083333333333334 0.0296875
2 0.05234375 0.23359375 0.0140625 0.016145833333333335
1 0.035416666666666666 0.27708333333333335 0.013541666666666667 0.009375
2 0.5130208333333334 0.007291666666666667 0.03333333333333333 0.013541666666666667
4 0.60703125 0.008333333333333333 0.0359375 0.016666666666666666
