1 0.14578313253012049 0.3506433823529412 0.023293172690763052 0.019301470588235295
1 0.142570281124498 0.36075367647058826 0.024899598393574297 0.019301470588235295
1 0.13855421686746988 0.36994485294117646 0.02650602409638554 0.019301470588235295
1 0.13493975903614458 0.3795955882352941 0.02570281124497992 0.02022058823529412
1 0.13012048192771083 0.3915441176470588 0.02570281124497992 0.022058823529411766
1 0.1248995983935743 0.40441176470588236 0.024899598393574297 0.02389705882352941
1 0.11927710843373494 0.42371323529411764 0.02650602409638554 0.022058823529411766
1 0.11044176706827309 0.4453125 0.024899598393574297 0.02849264705882353
1 0.10200803212851406 0.47472426470588236 0.02570281124497992 0.02665441176470588
1 0.09598393574297188 0.5027573529411765 0.024899598393574297 0.03125
1 0.08634538152610442 0.7274816176470589 0.024899598393574297 0.02849264705882353
1 0.08995983935742972 0.7545955882352942 0.02891566265060241 0.027573529411764705
1 0.10441767068273092 0.8143382352941176 0.024096385542168676 0.02022058823529412
1 0.7253012048192771 0.17830882352941177 0.030522088353413655 0.029411764705882353
1 0.7465863453815261 0.1957720588235294 0.028112449799196786 0.027573529411764705
1 0.7602409638554217 0.21461397058823528 0.03293172690763052 0.030330882352941176
1 0.1931726907630522 0.2568933823529412 0.021686746987951807 0.03216911764705882
1 0.20200803212851406 0.2633272058823529 0.021686746987951807 0.02849264705882353
1 0.7767068273092369 0.23253676470588236 0.027309236947791166 0.029411764705882353
1 0.7923694779116466 0.25 0.03132530120481928 0.029411764705882353
1 0.8036144578313253 0.2697610294117647 0.03293172690763052 0.03216911764705882
1 0.8281124497991967 0.30514705882352944 0.033734939759036145 0.03308823529411765
1 0.8441767068273093 0.33409926470588236 0.0321285140562249 0.03952205882352941
1 0.17951807228915662 0.28170955882352944 0.024899598393574297 0.03216911764705882
1 0.8855421686746988 0.3446691176470588 0.020080321285140562 0.025735294117647058
2 0.5714859437751004 0.08409926470588236 0.023293172690763052 0.015625
2 0.8987951807228916 0.3506433823529412 0.04497991967871486 0.05974264705882353
2 0.4807228915662651 0.21507352941176472 0.11325301204819277 0.09558823529411764
2 0.9441767068273093 0.5510110294117647 0.03293172690763052 0.07077205882352941
2 0.41365461847389556 0.1015625 0.02891566265060241 0.021139705882352942
0 0.41646586345381525 0.078125 0.02650602409638554 0.02022058823529412
1 0.38755020080321284 0.10018382352941177 0.010441767068273093 0.016544117647058824
2 0.45823293172690766 0.0978860294117647 0.03132530120481928 0.02665441176470588
2 0.35180722891566263 0.11213235294117647 0.024096385542168676 0.01838235294117647
3 0.7891566265060241 0.2104779411764706 0.013654618473895583 0.022058823529411766
3 0.6987951807228916 0.14751838235294118 0.011244979919678716 0.024816176470588234
3 0.6847389558232931 0.13786764705882354 0.012048192771084338 0.02389705882352941
2 0.3710843373493976 0.10110294117647059 0.020883534136546186 0.01838235294117647
1 0.9052208835341365 0.41681985294117646 0.01927710843373494 0.043198529411764705
