1 0.30703125 0.304296875 0.05 0.04609375
2 0.252734375 0.22421875 0.05703125 0.0421875
1 0.18046875 0.264453125 0.0265625 0.02734375
3 0.17109375 0.313671875 0.0296875 0.02421875
2 0.18046875 0.23515625 0.0296875 0.0265625
2 0.192578125 0.2078125 0.02421875 0.021875
2 0.165234375 0.2109375 0.01953125 0.0171875
2 0.2296875 0.18125 0.03125 0.025
2 0.205859375 0.187109375 0.02421875 0.02109375
2 0.3984375 0.10234375 0.025 0.025
2 0.42421875 0.084765625 0.0234375 0.02265625
2 0.4421875 0.078125 0.0234375 0.0203125
2 0.433203125 0.072265625 0.01953125 0.01640625
2 0.523828125 0.098828125 0.03359375 0.02578125
1 0.43125 0.0921875 0.0125 0.021875
1 0.419140625 0.09609375 0.01015625 0.01875
2 0.636328125 0.168359375 0.07109375 0.04453125
3 0.747265625 0.233203125 0.03203125 0.03671875
2 0.500390625 0.29453125 0.14765625 0.1109375
4 0.803125 0.3078125 0.0921875 0.0921875
2 0.917578125 0.401953125 0.06484375 0.07265625
1 0.918359375 0.446875 0.04296875 0.028125
2 0.95390625 0.66640625 0.0359375 0.0390625
1 0.78125 0.7875 0.0421875 0.05625
2 0.65 0.894140625 0.1046875 0.06171875
3 0.403125 0.925 0.021875 0.0375
1 0.91171875 0.361328125 0.0234375 0.01328125
