1 0.7689516129032258 0.5202205882352942 0.06532258064516129 0.06801470588235294
1 0.48185483870967744 0.5997242647058824 0.11209677419354838 0.1479779411764706
1 0.5689516129032258 0.9572610294117647 0.09435483870967742 0.08547794117647059
2 0.8596774193548387 0.7748161764705882 0.0467741935483871 0.10661764705882353
1 0.8068548387096774 0.5321691176470589 0.03951612903225806 0.06433823529411764
1 0.7592741935483871 0.5592830882352942 0.06532258064516129 0.07261029411764706
1 0.6645161290322581 0.2578125 0.016129032258064516 0.024816176470588234
1 0.5330645161290323 0.23805147058823528 0.02903225806451613 0.04044117647058824
2 0.5782258064516129 0.2261029411764706 0.05806451612903226 0.03860294117647059
1 0.7435483870967742 0.3984375 0.02258064516129032 0.030330882352941176
1 0.7524193548387097 0.4099264705882353 0.024193548387096774 0.03676470588235294
1 0.7298387096774194 0.38465073529411764 0.024193548387096774 0.02849264705882353
2 0.744758064516129 0.9434742647058824 0.08951612903225807 0.09466911764705882
2 0.5125 0.2890625 0.055645161290322584 0.08363970588235294
2 0.8758064516129033 0.8419117647058824 0.03387096774193549 0.0625
