2 0.6411290322580645 0.22748161764705882 0.03225806451612903 0.03216911764705882
1 0.6443548387096775 0.2568933823529412 0.020967741935483872 0.02297794117647059
2 0.47338709677419355 0.27389705882352944 0.10967741935483871 0.08272058823529412
2 0.6451612903225806 0.36856617647058826 0.12903225806451613 0.11580882352941177
2 0.2721774193548387 0.17555147058823528 0.04112903225806452 0.034926470588235295
2 0.21088709677419354 0.22380514705882354 0.04435483870967742 0.05606617647058824
2 0.785483870967742 0.9191176470588235 0.07580645161290323 0.08088235294117647
1 0.6991935483870968 0.9664522058823529 0.08225806451612903 0.046875
2 0.7891129032258064 0.6011029411764706 0.11370967741935484 0.15808823529411764
2 0.6616935483870968 0.6121323529411765 0.1814516129032258 0.2610294117647059
2 0.33225806451612905 0.4641544117647059 0.18064516129032257 0.2647058823529412
1 0.7524193548387097 0.40808823529411764 0.025806451612903226 0.03308823529411765
3 0.7294354838709678 0.3727022058823529 0.02661290322580645 0.03400735294117647
3 0.7370967741935484 0.38556985294117646 0.024193548387096774 0.03952205882352941
1 0.7322580645161291 0.3828125 0.03064516129032258 0.03400735294117647
1 0.7455645161290323 0.3961397058823529 0.029838709677419355 0.034926470588235295
1 0.3040322580645161 0.19025735294117646 0.027419354838709678 0.03860294117647059
1 0.19556451612903225 0.6617647058823529 0.11854838709677419 0.125
