2 0.8872395833333333 0.22838541666666667 0.0203125 0.018229166666666668
2 0.5716145833333334 0.019270833333333334 0.0359375 0.03125
2 0.82421875 0.10026041666666667 0.0171875 0.0203125
3 0.08723958333333333 0.35078125 0.028645833333333332 0.011979166666666667
3 0.06822916666666666 0.34401041666666665 0.021875 0.011979166666666667
1 0.9705729166666667 0.4856770833333333 0.019270833333333334 0.0140625
1 0.8395833333333333 0.5197916666666667 0.05416666666666667 0.035416666666666666
1 0.7627604166666667 0.20755208333333333 0.0328125 0.03802083333333333
1 0.7838541666666666 0.16770833333333332 0.025 0.03333333333333333
1 0.8703125 0.23567708333333334 0.026041666666666668 0.021354166666666667
1 0.76015625 0.14739583333333334 0.024479166666666666 0.03333333333333333
1 0.2265625 0.3143229166666667 0.05520833333333333 0.0359375
1 0.26796875 0.21979166666666666 0.0484375 0.046875
1 0.14583333333333334 0.2825520833333333 0.040625 0.028645833333333332
1 0.14140625 0.3026041666666667 0.0390625 0.027083333333333334
1 0.06067708333333333 0.26953125 0.016145833333333335 0.013020833333333334
1 0.05234375 0.27760416666666665 0.0140625 0.010416666666666666
1 0.04375 0.2828125 0.013541666666666667 0.013541666666666667
1 0.03619791666666667 0.29192708333333334 0.011979166666666667 0.009895833333333333
1 0.04401041666666667 0.3020833333333333 0.0171875 0.010416666666666666
1 0.04583333333333333 0.31744791666666666 0.023958333333333335 0.011979166666666667
1 0.7075520833333333 0.17005208333333333 0.033854166666666664 0.044270833333333336
1 0.6739583333333333 0.18255208333333334 0.04583333333333333 0.0453125
1 0.029947916666666668 0.30572916666666666 0.0109375 0.010416666666666666
1 0.5567708333333333 0.011197916666666667 0.013541666666666667 0.021354166666666667
2 0.484375 0.44140625 0.21041666666666667 0.14010416666666667
0 0.95078125 0.5869791666666667 0.0609375 0.06666666666666667
2 0.03802083333333333 0.27109375 0.022916666666666665 0.0234375
0 0.7864583333333334 0.09817708333333333 0.05416666666666667 0.0734375
0 0.08854166666666667 0.22838541666666667 0.0875 0.0734375
0 0.21510416666666668 0.15885416666666666 0.21875 0.146875
0 0.6197916666666666 0.018489583333333334 0.057291666666666664 0.0359375
2 0.4583333333333333 0.25677083333333334 0.18541666666666667 0.10208333333333333
2 0.89140625 0.52578125 0.04635416666666667 0.06197916666666667
2 0.9309895833333334 0.6231770833333333 0.024479166666666666 0.024479166666666666
2 0.8455729166666667 0.215625 0.03802083333333333 0.053125
2 0.9216145833333333 0.5614583333333333 0.04114583333333333 0.041666666666666664
2 0.6760416666666667 0.12369791666666667 0.078125 0.05260416666666667
3 0.8609375 0.15833333333333333 0.014583333333333334 0.017708333333333333
2 0.04192708333333333 0.3346354166666667 0.027604166666666666 0.021354166666666667
