2 0.17096774193548386 0.32996323529411764 0.14193548387096774 0.10294117647058823
1 0.10967741935483871 0.48161764705882354 0.08225806451612903 0.11029411764705882
1 0.13306451612903225 0.5652573529411765 0.1032258064516129 0.10661764705882353
1 0.11814516129032258 0.7192095588235294 0.10403225806451613 0.09466911764705882
1 0.15725806451612903 0.3975183823529412 0.07419354838709677 0.09834558823529412
2 0.8181451612903226 0.5514705882352942 0.016935483870967744 0.027573529411764705
2 0.7858870967741935 0.5160845588235294 0.025 0.03768382352941176
1 0.7310483870967742 0.42371323529411764 0.021774193548387097 0.022058823529411766
1 0.75 0.45909926470588236 0.024193548387096774 0.02297794117647059
1 0.7556451612903226 0.4811580882352941 0.02258064516129032 0.024816176470588234
1 0.7725806451612903 0.5059742647058824 0.020967741935483872 0.02297794117647059
2 0.8056451612903226 0.5409007352941176 0.01935483870967742 0.03400735294117647
2 0.853225806451613 0.6360294117647058 0.01129032258064516 0.02022058823529412
4 0.807258064516129 0.5105698529411765 0.037096774193548385 0.05238970588235294
