2 0.29878048780487804 0.17830882352941177 0.034959349593495934 0.03860294117647059
1 0.8707317073170732 0.6162683823529411 0.03739837398373984 0.043198529411764705
1 0.733739837398374 0.6852022058823529 0.08373983739837398 0.10018382352941177
1 0.8471544715447155 0.7022058823529411 0.05040650406504065 0.05698529411764706
1 0.8727642276422765 0.6305147058823529 0.038211382113821135 0.042279411764705885
2 0.3967479674796748 0.16498161764705882 0.04227642276422764 0.03768382352941176
1 0.4951219512195122 0.18612132352941177 0.027642276422764227 0.03400735294117647
2 0.08008130081300813 0.35983455882352944 0.034959349593495934 0.06893382352941177
1 0.23170731707317074 0.23897058823529413 0.04715447154471545 0.042279411764705885
1 0.15040650406504066 0.2711397058823529 0.030894308943089432 0.04779411764705882
1 0.38902439024390245 0.20450367647058823 0.043089430894308944 0.04136029411764706
2 0.3548780487804878 0.25643382352941174 0.15365853658536585 0.08272058823529412
2 0.18658536585365854 0.29549632352941174 0.11626016260162601 0.10753676470588236
2 0.5365853658536586 0.26378676470588236 0.13170731707317074 0.0900735294117647
1 0.765040650406504 0.27068014705882354 0.014634146341463415 0.019301470588235295
2 0.6776422764227642 0.2734375 0.0886178861788618 0.06341911764705882
2 0.7459349593495935 0.28400735294117646 0.046341463414634146 0.04411764705882353
4 0.13333333333333333 0.25827205882352944 0.06341463414634146 0.08639705882352941
1 0.6943089430894309 0.22518382352941177 0.01951219512195122 0.03308823529411765
0 0.7987804878048781 0.32674632352941174 0.09674796747967479 0.09283088235294118
