2 0.7165322580645161 0.40579044117647056 0.0814516129032258 0.09283088235294118
1 0.17096774193548386 0.6847426470588235 0.07903225806451612 0.0661764705882353
1 0.7205645161290323 0.36994485294117646 0.02338709677419355 0.024816176470588234
1 0.5689516129032258 0.3083639705882353 0.04758064516129032 0.06158088235294118
1 0.6193548387096774 0.3759191176470588 0.0532258064516129 0.06433823529411764
1 0.6806451612903226 0.4646139705882353 0.06129032258064516 0.07261029411764706
1 0.7915322580645161 0.5280330882352942 0.03951612903225806 0.050551470588235295
1 0.25887096774193546 0.7302389705882353 0.06451612903225806 0.1479779411764706
2 0.6487903225806452 0.2545955882352941 0.03790322580645161 0.03308823529411765
2 0.3967741935483871 0.21415441176470587 0.07419354838709677 0.05514705882352941
2 0.27741935483870966 0.17693014705882354 0.03870967741935484 0.030330882352941176
1 0.3040322580645161 0.18658088235294118 0.017741935483870968 0.025735294117647058
1 0.29758064516129035 0.19852941176470587 0.024193548387096774 0.03125
1 0.2770161290322581 0.19255514705882354 0.020161290322580645 0.02849264705882353
2 0.6330645161290323 0.22012867647058823 0.02903225806451613 0.02665441176470588
2 0.6580645161290323 0.22058823529411764 0.027419354838709678 0.03308823529411765
1 0.5637096774193548 0.20955882352941177 0.01935483870967742 0.022058823529411766
1 0.5862903225806452 0.20680147058823528 0.016129032258064516 0.02022058823529412
1 0.6254032258064516 0.23253676470588236 0.01532258064516129 0.02022058823529412
3 0.5733870967741935 0.23299632352941177 0.01935483870967742 0.03400735294117647
