1 0.26975806451612905 0.6727941176470589 0.14112903225806453 0.14705882352941177
2 0.6358870967741935 0.22380514705882354 0.029838709677419355 0.02665441176470588
2 0.6560483870967742 0.22426470588235295 0.021774193548387097 0.029411764705882353
2 0.617741935483871 0.2541360294117647 0.06290322580645161 0.043198529411764705
2 0.32016129032258067 0.15257352941176472 0.03064516129032258 0.02389705882352941
2 0.26814516129032256 0.17003676470588236 0.03790322580645161 0.03308823529411765
1 0.7294354838709678 0.3837316176470588 0.025 0.03400735294117647
1 0.7431451612903226 0.39889705882352944 0.02661290322580645 0.03125
3 0.7407258064516129 0.3864889705882353 0.02661290322580645 0.03400735294117647
1 0.7528225806451613 0.4103860294117647 0.02661290322580645 0.03216911764705882
