1 0.17258064516129032 0.6861213235294118 0.07903225806451612 0.06709558823529412
1 0.7298387096774194 0.3818933823529412 0.025806451612903226 0.02849264705882353
1 0.7419354838709677 0.3984375 0.024193548387096774 0.02849264705882353
1 0.75 0.41130514705882354 0.025806451612903226 0.03216911764705882
1 0.3419354838709677 0.7463235294117647 0.07258064516129033 0.1488970588235294
1 0.4963709677419355 0.24126838235294118 0.028225806451612902 0.03768382352941176
1 0.5346774193548387 0.2853860294117647 0.03870967741935484 0.05238970588235294
1 0.6487903225806452 0.2927389705882353 0.02338709677419355 0.035845588235294115
1 0.3903225806451613 0.1801470588235294 0.020967741935483872 0.029411764705882353
1 0.3286290322580645 0.203125 0.021774193548387097 0.03308823529411765
1 0.3596774193548387 0.24126838235294118 0.04032258064516129 0.050551470588235295
1 0.31370967741935485 0.20174632352941177 0.01935483870967742 0.03400735294117647
2 0.6370967741935484 0.25965073529411764 0.03387096774193549 0.03400735294117647
2 0.4161290322580645 0.22886029411764705 0.08548387096774193 0.058823529411764705
0 0.7350806451612903 0.5050551470588235 0.21693548387096775 0.265625
2 0.2899193548387097 0.18428308823529413 0.03951612903225806 0.03400735294117647
2 0.2600806451612903 0.17325367647058823 0.03306451612903226 0.02849264705882353
2 0.3233870967741935 0.16498161764705882 0.035483870967741936 0.02297794117647059
1 0.5713709677419355 0.20726102941176472 0.016935483870967744 0.02297794117647059
2 0.635483870967742 0.23023897058823528 0.027419354838709678 0.024816176470588234
