1 0.14899598393574298 0.3515625 0.02650602409638554 0.021139705882352942
1 0.14417670682730924 0.36213235294117646 0.02971887550200803 0.02022058823529412
1 0.13654618473895583 0.3791360294117647 0.024096385542168676 0.02297794117647059
1 0.13132530120481928 0.39338235294117646 0.018473895582329317 0.025735294117647058
1 0.12610441767068273 0.4071691176470588 0.02570281124497992 0.022058823529411766
1 0.1180722891566265 0.42463235294117646 0.027309236947791166 0.025735294117647058
1 0.1140562248995984 0.4489889705882353 0.02570281124497992 0.02849264705882353
1 0.10200803212851406 0.4733455882352941 0.02891566265060241 0.03125
1 0.09558232931726908 0.5036764705882353 0.02891566265060241 0.03308823529411765
1 0.08755020080321285 0.7302389705882353 0.027309236947791166 0.02665441176470588
1 0.09036144578313253 0.7550551470588235 0.028112449799196786 0.02297794117647059
1 0.10522088353413654 0.8134191176470589 0.027309236947791166 0.025735294117647058
2 0.6216867469879518 0.109375 0.036947791164658635 0.02022058823529412
2 0.3522088353413655 0.11213235294117647 0.021686746987951807 0.011029411764705883
2 0.3333333333333333 0.12867647058823528 0.033734939759036145 0.027573529411764705
2 0.3076305220883534 0.4053308823529412 0.1140562248995984 0.25183823529411764
2 0.4562248995983936 0.08869485294117647 0.02891566265060241 0.017463235294117647
2 0.4598393574297189 0.09972426470588236 0.02971887550200803 0.021139705882352942
3 0.3232931726907631 0.2545955882352941 0.03453815261044177 0.05698529411764706
3 0.3060240963855422 0.26746323529411764 0.027309236947791166 0.03676470588235294
3 0.3309236947791165 0.2587316176470588 0.020883534136546186 0.04136029411764706
3 0.7943775100401607 0.21507352941176472 0.01606425702811245 0.029411764705882353
1 0.761847389558233 0.20496323529411764 0.015261044176706828 0.03125
1 0.8016064257028113 0.265625 0.0321285140562249 0.042279411764705885
1 0.8385542168674699 0.3134191176470588 0.030522088353413655 0.034926470588235295
2 0.4742971887550201 0.2821691176470588 0.14216867469879518 0.125
2 0.1248995983935743 0.7077205882352942 0.09076305220883533 0.23897058823529413
2 0.3240963855421687 0.16222426470588236 0.04578313253012048 0.046875
1 0.18835341365461847 0.27159926470588236 0.021686746987951807 0.030330882352941176
3 0.2819277108433735 0.16865808823529413 0.014457831325301205 0.02849264705882353
2 0.40441767068273093 0.11121323529411764 0.03293172690763052 0.027573529411764705
2 0.42369477911646586 0.09283088235294118 0.023293172690763052 0.01838235294117647
2 0.378714859437751 0.10983455882352941 0.028112449799196786 0.021139705882352942
2 0.3546184738955823 0.13373161764705882 0.03132530120481928 0.030330882352941176
2 0.8867469879518072 0.33409926470588236 0.043373493975903614 0.05974264705882353
3 0.7397590361445783 0.18841911764705882 0.017670682730923693 0.025735294117647058
2 0.5718875502008032 0.08455882352941177 0.024096385542168676 0.016544117647058824
2 0.40522088353413654 0.08501838235294118 0.023293172690763052 0.021139705882352942
