3 0.7048780487804878 0.35431985294117646 0.02926829268292683 0.0744485294117647
3 0.717479674796748 0.6272977941176471 0.06585365853658537 0.09466911764705882
1 0.3719512195121951 0.23897058823529413 0.034959349593495934 0.04963235294117647
1 0.4764227642276423 0.22977941176470587 0.027642276422764227 0.05330882352941176
1 0.5195121951219512 0.1801470588235294 0.016260162601626018 0.034926470588235295
1 0.48902439024390243 0.1723345588235294 0.023577235772357725 0.03216911764705882
1 0.4638211382113821 0.17371323529411764 0.01869918699186992 0.029411764705882353
3 0.8995934959349593 0.4342830882352941 0.025203252032520326 0.05422794117647059
3 0.8951219512195122 0.4494485294117647 0.030894308943089432 0.0625
1 0.15365853658536585 0.5174632352941176 0.03739837398373984 0.07720588235294118
2 0.18048780487804877 0.8676470588235294 0.0975609756097561 0.17647058823529413
1 0.6910569105691057 0.18566176470588236 0.026016260162601626 0.03308823529411765
2 0.5922764227642277 0.16636029411764705 0.06585365853658537 0.03308823529411765
3 0.5056910569105691 0.16268382352941177 0.02113821138211382 0.03125
1 0.216260162601626 0.26378676470588236 0.01951219512195122 0.029411764705882353
2 0.0910569105691057 0.39659926470588236 0.030894308943089432 0.04136029411764706
2 0.07479674796747968 0.41360294117647056 0.02113821138211382 0.034926470588235295
2 0.07113821138211382 0.4443933823529412 0.02032520325203252 0.03400735294117647
2 0.05569105691056911 0.45358455882352944 0.02195121951219512 0.035845588235294115
3 0.07682926829268293 0.47472426470588236 0.01869918699186992 0.02665441176470588
3 0.06747967479674796 0.4990808823529412 0.01788617886178862 0.03676470588235294
1 0.07195121951219512 0.46599264705882354 0.013821138211382113 0.01838235294117647
1 0.09065040650406504 0.421875 0.01707317073170732 0.02389705882352941
1 0.07764227642276422 0.43933823529411764 0.01707317073170732 0.02022058823529412
