1 0.16626506024096385 0.36121323529411764 0.06104417670682731 0.0900735294117647
1 0.24859437751004015 0.7941176470588235 0.09397590361445783 0.11213235294117647
3 0.3144578313253012 0.7504595588235294 0.05381526104417671 0.07996323529411764
0 0.2891566265060241 0.14568014705882354 0.05461847389558233 0.04136029411764706
1 0.40763052208835343 0.18106617647058823 0.021686746987951807 0.03125
1 0.4634538152610442 0.21323529411764705 0.027309236947791166 0.034926470588235295
1 0.3602409638554217 0.16038602941176472 0.015261044176706828 0.02665441176470588
1 0.3538152610441767 0.16773897058823528 0.018473895582329317 0.02849264705882353
2 0.3682730923694779 0.14384191176470587 0.04578313253012048 0.024816176470588234
2 0.41967871485943775 0.16176470588235295 0.05060240963855422 0.029411764705882353
1 0.5413654618473895 0.20082720588235295 0.02570281124497992 0.03400735294117647
1 0.5622489959839357 0.2182904411764706 0.027309236947791166 0.030330882352941176
2 0.7939759036144578 0.45358455882352944 0.05220883534136546 0.0744485294117647
2 0.6666666666666666 0.22564338235294118 0.02248995983935743 0.024816176470588234
2 0.6433734939759036 0.2265625 0.024096385542168676 0.02297794117647059
1 0.5987951807228916 0.20863970588235295 0.013654618473895583 0.02022058823529412
1 0.6144578313253012 0.2113970588235294 0.01606425702811245 0.02022058823529412
1 0.6208835341365462 0.22794117647058823 0.01606425702811245 0.02389705882352941
1 0.6433734939759036 0.2348345588235294 0.011244979919678716 0.019301470588235295
1 0.6341365461847389 0.23713235294117646 0.013654618473895583 0.02022058823529412
2 0.44779116465863456 0.9273897058823529 0.21285140562248997 0.14338235294117646
2 0.27068273092369477 0.16544117647058823 0.020883534136546186 0.02389705882352941
2 0.29397590361445786 0.17647058823529413 0.035341365461847386 0.03308823529411765
1 0.3168674698795181 0.19439338235294118 0.020080321285140562 0.02665441176470588
1 0.3309236947791165 0.19898897058823528 0.027309236947791166 0.03952205882352941
1 0.3514056224899598 0.20909926470588236 0.021686746987951807 0.03216911764705882
1 0.3566265060240964 0.2265625 0.035341365461847386 0.050551470588235295
1 0.29156626506024097 0.1879595588235294 0.020883534136546186 0.02849264705882353
2 0.7216867469879518 0.8469669117647058 0.15180722891566265 0.17555147058823528
2 0.3686746987951807 0.3037683823529412 0.11726907630522089 0.11856617647058823
2 0.2397590361445783 0.18933823529411764 0.03293172690763052 0.03676470588235294
1 0.8132530120481928 0.5772058823529411 0.04738955823293173 0.05514705882352941
1 0.8514056224899599 0.6024816176470589 0.036947791164658635 0.05974264705882353
1 0.8718875502008032 0.6144301470588235 0.03132530120481928 0.043198529411764705
1 0.87429718875502 0.6989889705882353 0.03775100401606426 0.04136029411764706
1 0.8987951807228916 0.7366727941176471 0.030522088353413655 0.024816176470588234
1 0.8971887550200803 0.7784926470588235 0.02570281124497992 0.03308823529411765
2 0.8670682730923694 0.7624080882352942 0.04899598393574297 0.10753676470588236
2 0.851004016064257 0.8837316176470589 0.04578313253012048 0.06341911764705882
0 0.5610441767068273 0.31433823529411764 0.20642570281124498 0.1801470588235294
2 0.25261044176706826 0.16038602941176472 0.03132530120481928 0.024816176470588234
