1 0.7443548387096774 0.8768382352941176 0.054838709677419356 0.06066176470588235
2 0.5020161290322581 0.1796875 0.02338709677419355 0.03216911764705882
1 0.4870967741935484 0.18244485294117646 0.014516129032258065 0.02665441176470588
1 0.5262096774193549 0.22380514705882354 0.021774193548387097 0.02849264705882353
1 0.4782258064516129 0.22334558823529413 0.027419354838709678 0.03860294117647059
1 0.5157258064516129 0.20496323529411764 0.020161290322580645 0.025735294117647058
3 0.7834677419354839 0.7316176470588235 0.04435483870967742 0.027573529411764705
3 0.3959677419354839 0.14935661764705882 0.02258064516129032 0.030330882352941176
1 0.7415322580645162 0.9430147058823529 0.05241935483870968 0.034926470588235295
4 0.8149193548387097 0.6571691176470589 0.04758064516129032 0.058823529411764705
1 0.7701612903225806 0.5519301470588235 0.024193548387096774 0.02665441176470588
1 0.6758064516129032 0.5376838235294118 0.06290322580645161 0.06066176470588235
3 0.7387096774193549 0.4397977941176471 0.024193548387096774 0.021139705882352942
2 0.7955645161290322 0.6112132352941176 0.03306451612903226 0.04595588235294118
1 0.27419354838709675 0.7412683823529411 0.13548387096774195 0.08363970588235294
2 0.09596774193548387 0.3556985294117647 0.08709677419354839 0.11213235294117647
4 0.8080645161290323 0.5055147058823529 0.037096774193548385 0.03676470588235294
