1 0.17258064516129032 0.6870404411764706 0.07903225806451612 0.06709558823529412
1 0.7298387096774194 0.38327205882352944 0.025806451612903226 0.029411764705882353
1 0.7431451612903226 0.3984375 0.025 0.030330882352941176
1 0.7504032258064516 0.4117647058823529 0.025 0.03125
1 0.47943548387096774 0.19163602941176472 0.02661290322580645 0.02665441176470588
1 0.5766129032258065 0.20634191176470587 0.016129032258064516 0.019301470588235295
1 0.30443548387096775 0.19715073529411764 0.02661290322580645 0.02665441176470588
2 0.37338709677419357 0.1948529411764706 0.06129032258064516 0.04044117647058824
2 0.6532258064516129 0.4273897058823529 0.13870967741935483 0.13970588235294118
3 0.21129032258064517 0.40349264705882354 0.03064516129032258 0.0900735294117647
0 0.24838709677419354 0.1879595588235294 0.07580645161290323 0.07261029411764706
2 0.2955645161290323 0.18290441176470587 0.03790322580645161 0.03125
2 0.6544354838709677 0.22886029411764705 0.025 0.022058823529411766
2 0.6366935483870968 0.23069852941176472 0.025 0.025735294117647058
