2 0.9880208333333333 0.4609375 0.017708333333333333 0.03125
2 0.9846354166666667 0.4861979166666667 0.018229166666666668 0.0203125
2 0.9768229166666667 0.47265625 0.018229166666666668 0.028645833333333332
2 0.8877604166666667 0.22838541666666667 0.0203125 0.018229166666666668
1 0.7958333333333333 0.07473958333333333 0.008333333333333333 0.0109375
1 0.1140625 0.22942708333333334 0.027083333333333334 0.0203125
4 0.8151041666666666 0.07447916666666667 0.021875 0.025
2 0.9549479166666667 0.6015625 0.025520833333333333 0.029166666666666667
2 0.9427083333333334 0.5856770833333333 0.025 0.033854166666666664
2 0.9265625 0.56484375 0.030208333333333334 0.03697916666666667
2 0.9822916666666667 0.5908854166666667 0.0125 0.0171875
1 0.9557291666666666 0.6190104166666667 0.016666666666666666 0.009895833333333333
1 0.95234375 0.628125 0.0171875 0.009375
1 0.53671875 0.010677083333333334 0.015104166666666667 0.0203125
2 0.61328125 0.018229166666666668 0.03697916666666667 0.03125
4 0.5940104166666667 0.009895833333333333 0.0296875 0.01875
