0 0.7816326530612245 0.3368566176470588 0.02857142857142857 0.02849264705882353
2 0.7579591836734694 0.33409926470588236 0.018775510204081632 0.021139705882352942
2 0.6420408163265307 0.28262867647058826 0.044897959183673466 0.02665441176470588
2 0.7624489795918368 0.38235294117647056 0.05061224489795919 0.0625
1 0.05877551020408163 0.48621323529411764 0.022857142857142857 0.06801470588235294
2 0.10163265306122449 0.4255514705882353 0.05795918367346939 0.13602941176470587
2 0.2453061224489796 0.22196691176470587 0.02040816326530612 0.017463235294117647
2 0.22653061224489796 0.22196691176470587 0.013877551020408163 0.013786764705882353
1 0.23918367346938776 0.23069852941176472 0.009795918367346938 0.01838235294117647
4 0.5946938775510204 0.23897058823529413 0.053061224489795916 0.034926470588235295
