1 0.17258064516129032 0.6861213235294118 0.07903225806451612 0.06709558823529412
1 0.719758064516129 0.36443014705882354 0.028225806451612902 0.035845588235294115
1 0.7298387096774194 0.38143382352941174 0.025806451612903226 0.027573529411764705
1 0.7415322580645162 0.39889705882352944 0.02338709677419355 0.027573529411764705
1 0.75 0.41130514705882354 0.025806451612903226 0.03216911764705882
1 0.23669354838709677 0.3166360294117647 0.03790322580645161 0.08363970588235294
1 0.32661290322580644 0.36580882352941174 0.0467741935483871 0.08272058823529412
1 0.34919354838709676 0.7458639705882353 0.06451612903225806 0.1479779411764706
1 0.8028225806451613 0.5579044117647058 0.050806451612903224 0.0661764705882353
2 0.375 0.20726102941176472 0.0967741935483871 0.05422794117647059
2 0.5649193548387097 0.24310661764705882 0.07983870967741935 0.050551470588235295
2 0.6717741935483871 0.2522977941176471 0.027419354838709678 0.02849264705882353
2 0.8399193548387097 0.7201286764705882 0.07338709677419354 0.12775735294117646
2 0.2794354838709677 0.17830882352941177 0.04112903225806452 0.03125
2 0.8745967741935484 0.8115808823529411 0.03306451612903226 0.06433823529411764
1 0.575 0.2113970588235294 0.016129032258064516 0.01838235294117647
2 0.6544354838709677 0.22886029411764705 0.02338709677419355 0.02389705882352941
2 0.635483870967742 0.23023897058823528 0.027419354838709678 0.024816176470588234
