2 0.29878048780487804 0.18060661764705882 0.043089430894308944 0.03952205882352941
2 0.39715447154471545 0.1645220588235294 0.046341463414634146 0.04044117647058824
1 0.34146341463414637 0.18566176470588236 0.026016260162601626 0.04779411764705882
1 0.4638211382113821 0.17830882352941177 0.03333333333333333 0.03860294117647059
1 0.382520325203252 0.20496323529411764 0.046341463414634146 0.03676470588235294
2 0.33455284552845527 0.2587316176470588 0.16178861788617885 0.09834558823529412
1 0.874390243902439 0.6277573529411765 0.04959349593495935 0.0661764705882353
1 0.8455284552845529 0.7081801470588235 0.055284552845528454 0.06525735294117647
3 0.8467479674796748 0.7293198529411765 0.05934959349593496 0.04503676470588235
1 0.21016260162601627 0.21875 0.015447154471544716 0.03676470588235294
