2 0.30121951219512194 0.17784926470588236 0.036585365853658534 0.03400735294117647
2 0.3975609756097561 0.16590073529411764 0.03577235772357724 0.03400735294117647
2 0.483739837398374 0.16636029411764705 0.03414634146341464 0.029411764705882353
1 0.34065040650406503 0.18658088235294118 0.022764227642276424 0.04044117647058824
1 0.3073170731707317 0.1953125 0.01788617886178862 0.030330882352941176
1 0.2032520325203252 0.22012867647058823 0.02926829268292683 0.046875
2 0.8536585365853658 0.30974264705882354 0.013008130081300813 0.01838235294117647
2 0.8109756097560976 0.3023897058823529 0.023577235772357725 0.029411764705882353
1 0.8727642276422765 0.6194852941176471 0.044715447154471545 0.0661764705882353
1 0.24024390243902438 0.20909926470588236 0.02032520325203252 0.035845588235294115
1 0.7951219512195122 0.28400735294117646 0.011382113821138212 0.014705882352941176
1 0.7796747967479675 0.2702205882352941 0.011382113821138212 0.016544117647058824
1 0.7703252032520326 0.2610294117647059 0.012195121951219513 0.016544117647058824
1 0.7609756097560976 0.25919117647058826 0.014634146341463415 0.01838235294117647
