1 0.555421686746988 0.2104779411764706 0.023293172690763052 0.027573529411764705
1 0.5730923694779116 0.22977941176470587 0.015261044176706828 0.02389705882352941
1 0.5863453815261044 0.22426470588235295 0.017670682730923693 0.025735294117647058
1 0.6056224899598394 0.22058823529411764 0.014457831325301205 0.022058823529411766
1 0.1634538152610442 0.359375 0.06987951807228916 0.0900735294117647
1 0.2469879518072289 0.7964154411764706 0.10040160642570281 0.12040441176470588
3 0.3465863453815261 0.8088235294117647 0.061847389558232935 0.07169117647058823
2 0.4927710843373494 0.8221507352941176 0.20642570281124498 0.3079044117647059
1 0.3345381526104418 0.17003676470588236 0.021686746987951807 0.027573529411764705
2 0.470281124497992 0.22334558823529413 0.09076305220883533 0.06066176470588235
2 0.3690763052208835 0.14246323529411764 0.04417670682730924 0.025735294117647058
2 0.42048192771084336 0.16314338235294118 0.05220883534136546 0.02849264705882353
2 0.7923694779116466 0.4540441176470588 0.05220883534136546 0.07352941176470588
2 0.6542168674698795 0.2270220588235294 0.018473895582329317 0.01838235294117647
2 0.6718875502008033 0.2265625 0.016867469879518072 0.021139705882352942
1 0.6208835341365462 0.22380514705882354 0.01285140562248996 0.019301470588235295
1 0.62570281124498 0.23621323529411764 0.01606425702811245 0.02022058823529412
1 0.6381526104417671 0.234375 0.013654618473895583 0.025735294117647058
2 0.6240963855421687 0.26056985294117646 0.05140562248995984 0.043198529411764705
1 0.6485943775100401 0.24080882352941177 0.015261044176706828 0.016544117647058824
1 0.6650602409638554 0.23805147058823528 0.011244979919678716 0.016544117647058824
1 0.6751004016064257 0.23805147058823528 0.008835341365461847 0.012867647058823529
1 0.6847389558232931 0.23667279411764705 0.012048192771084338 0.017463235294117647
2 0.7040160642570281 0.24586397058823528 0.020080321285140562 0.021139705882352942
2 0.6742971887550201 0.25919117647058826 0.03132530120481928 0.03125
2 0.2883534136546185 0.17693014705882354 0.03855421686746988 0.03400735294117647
1 0.19759036144578312 0.20082720588235295 0.01927710843373494 0.02665441176470588
2 0.23453815261044178 0.17601102941176472 0.020883534136546186 0.02297794117647059
2 0.2285140562248996 0.16911764705882354 0.018473895582329317 0.01838235294117647
1 0.8156626506024096 0.5960477941176471 0.05542168674698795 0.05606617647058824
1 0.893574297188755 0.6930147058823529 0.02971887550200803 0.03308823529411765
2 0.8734939759036144 0.7467830882352942 0.058634538152610445 0.109375
1 0.814859437751004 0.5358455882352942 0.0393574297188755 0.04963235294117647
3 0.736144578313253 0.3947610294117647 0.02650602409638554 0.03952205882352941
3 0.7204819277108434 0.8846507352941176 0.078714859437751 0.04871323529411765
3 0.7594377510040161 0.9090073529411765 0.08433734939759036 0.04595588235294118
1 0.6995983935742972 0.33409926470588236 0.020883534136546186 0.03216911764705882
2 0.9016064257028112 0.7412683823529411 0.028112449799196786 0.06341911764705882
2 0.878714859437751 0.8396139705882353 0.0321285140562249 0.05606617647058824
