2 0.8046875 0.12729779411764705 0.04479166666666667 0.07996323529411764
1 0.8606770833333334 0.53125 0.043229166666666666 0.06985294117647059
1 0.11119791666666666 0.8920036764705882 0.0390625 0.10753676470588236
1 0.02578125 0.8414522058823529 0.0265625 0.07628676470588236
1 0.04895833333333333 0.8465073529411765 0.03229166666666667 0.0974264705882353
2 0.0765625 0.2679227941176471 0.03125 0.06709558823529412
3 0.8763020833333334 0.4333639705882353 0.0296875 0.050551470588235295
1 0.8265625 0.16819852941176472 0.014583333333333334 0.027573529411764705
1 0.66328125 0.04917279411764706 0.027604166666666666 0.05238970588235294
1 0.74296875 0.10661764705882353 0.025520833333333333 0.04411764705882353
1 0.8096354166666667 0.14935661764705882 0.0203125 0.03400735294117647
1 0.040364583333333336 0.38786764705882354 0.0140625 0.027573529411764705
1 0.021614583333333333 0.44669117647058826 0.015104166666666667 0.029411764705882353
1 0.12838541666666667 0.23575367647058823 0.024479166666666666 0.05422794117647059
1 0.008072916666666667 0.6521139705882353 0.016145833333333335 0.03216911764705882
1 0.006510416666666667 0.5064338235294118 0.011979166666666667 0.02389705882352941
1 0.00703125 0.7173713235294118 0.0140625 0.03216911764705882
2 0.7122395833333334 0.7876838235294118 0.22239583333333332 0.42463235294117646
2 0.0109375 0.5721507352941176 0.021875 0.06525735294117647
2 0.8104166666666667 0.3083639705882353 0.0625 0.09834558823529412
