0 0.8467479674796748 0.26424632352941174 0.08048780487804878 0.09834558823529412
0 0.5280487804878049 0.25 0.44308943089430897 0.15625
0 0.1951219512195122 0.2711397058823529 0.11382113821138211 0.11029411764705882
3 0.056504065040650406 0.5749080882352942 0.023577235772357725 0.03400735294117647
3 0.2304878048780488 0.6943933823529411 0.07073170731707316 0.05606617647058824
1 0.33699186991869917 0.3671875 0.07235772357723577 0.06893382352941177
1 0.07276422764227643 0.4696691176470588 0.01707317073170732 0.022058823529411766
1 0.07317073170731707 0.5133272058823529 0.024390243902439025 0.03400735294117647
2 0.11626016260162601 0.40625 0.04552845528455285 0.05698529411764706
2 0.09146341463414634 0.40762867647058826 0.028455284552845527 0.043198529411764705
2 0.2894308943089431 0.24080882352941177 0.05040650406504065 0.05330882352941176
2 0.7516260162601626 0.20818014705882354 0.05121951219512195 0.035845588235294115
1 0.8008130081300813 0.33731617647058826 0.03902439024390244 0.05330882352941176
1 0.6475609756097561 0.3134191176470588 0.06910569105691057 0.07536764705882353
