2 0.8869791666666667 0.228125 0.019791666666666666 0.017708333333333333
2 0.9838541666666667 0.48046875 0.019791666666666666 0.0234375
1 0.78125 0.08229166666666667 0.013541666666666667 0.022916666666666665
1 0.8109375 0.08567708333333333 0.0125 0.016145833333333335
1 0.8286458333333333 0.12838541666666667 0.015625 0.021354166666666667
1 0.8190104166666666 0.14479166666666668 0.0203125 0.021875
1 0.80546875 0.1171875 0.016145833333333335 0.022916666666666665
1 0.46145833333333336 0.32916666666666666 0.06979166666666667 0.06770833333333333
3 0.2046875 0.12942708333333333 0.020833333333333332 0.0265625
3 0.50625 0.4671875 0.035416666666666666 0.04479166666666667
3 0.1109375 0.3458333333333333 0.040625 0.026041666666666668
1 0.11328125 0.365625 0.04010416666666667 0.022916666666666665
1 0.14973958333333334 0.2557291666666667 0.03802083333333333 0.025
1 0.09583333333333334 0.265625 0.030208333333333334 0.019791666666666666
1 0.06744791666666666 0.27734375 0.021354166666666667 0.0171875
1 0.03723958333333333 0.3182291666666667 0.0203125 0.019791666666666666
1 0.023177083333333334 0.30807291666666664 0.011979166666666667 0.013020833333333334
1 0.026041666666666668 0.29609375 0.013541666666666667 0.0109375
1 0.5731770833333333 0.01484375 0.011979166666666667 0.0234375
2 0.09895833333333333 0.19609375 0.027083333333333334 0.028645833333333332
2 0.9721354166666667 0.6328125 0.0140625 0.016666666666666666
0 0.7997395833333333 0.06276041666666667 0.03177083333333333 0.030729166666666665
0 0.4421875 0.13802083333333334 0.4166666666666667 0.15833333333333333
2 0.0375 0.275 0.015625 0.017708333333333333
2 0.12838541666666667 0.2296875 0.0453125 0.0375
2 0.08229166666666667 0.24869791666666666 0.03125 0.027604166666666666
2 0.8861979166666667 0.5333333333333333 0.04635416666666667 0.05625
2 0.80703125 0.10234375 0.025520833333333333 0.030729166666666665
2 0.20338541666666668 0.20442708333333334 0.07239583333333334 0.0515625
2 0.05130208333333333 0.26328125 0.0296875 0.0265625
0 0.9791666666666666 0.5651041666666666 0.034375 0.05
3 0.86171875 0.159375 0.016145833333333335 0.016666666666666666
2 0.04296875 0.3346354166666667 0.028645833333333332 0.021354166666666667
1 0.7776041666666667 0.06484375 0.010416666666666666 0.016145833333333335
