1 0.7187755102040816 0.3713235294117647 0.02857142857142857 0.03860294117647059
1 0.8493877551020408 0.44393382352941174 0.015510204081632653 0.02022058823529412
1 0.8604081632653061 0.46277573529411764 0.0163265306122449 0.02665441176470588
1 0.7420408163265306 0.31847426470588236 0.011428571428571429 0.013786764705882353
0 0.6428571428571429 0.2610294117647059 0.1036734693877551 0.06985294117647059
1 0.05918367346938776 0.4885110294117647 0.022040816326530613 0.06525735294117647
1 0.08653061224489796 0.3961397058823529 0.029387755102040815 0.04963235294117647
1 0.3057142857142857 0.20404411764705882 0.012244897959183673 0.022058823529411766
2 0.26693877551020406 0.21507352941176472 0.024489795918367346 0.014705882352941176
2 0.24571428571428572 0.22150735294117646 0.019591836734693877 0.014705882352941176
1 0.23877551020408164 0.22794117647058823 0.012244897959183673 0.02022058823529412
4 0.583265306122449 0.23299632352941177 0.030204081632653063 0.02297794117647059
