1 0.6181451612903226 0.5174632352941176 0.0717741935483871 0.0974264705882353
1 0.7870967741935484 0.9264705882352942 0.035483870967741936 0.027573529411764705
1 0.6125 0.2849264705882353 0.031451612903225803 0.03676470588235294
1 0.6564516129032258 0.2835477941176471 0.020967741935483872 0.030330882352941176
2 0.2620967741935484 0.1723345588235294 0.04032258064516129 0.03400735294117647
2 0.22620967741935483 0.18290441176470587 0.03306451612903226 0.027573529411764705
2 0.369758064516129 0.18979779411764705 0.062096774193548386 0.046875
1 0.2875 0.19439338235294118 0.020161290322580645 0.03400735294117647
1 0.807258064516129 0.5165441176470589 0.04032258064516129 0.04595588235294118
1 0.8399193548387097 0.5680147058823529 0.03790322580645161 0.051470588235294115
1 0.8108870967741936 0.5955882352941176 0.050806451612903224 0.05514705882352941
1 0.7959677419354839 0.6323529411764706 0.06129032258064516 0.07904411764705882
2 0.8834677419354838 0.7288602941176471 0.04112903225806452 0.09558823529411764
2 0.8754032258064516 0.8106617647058824 0.036290322580645164 0.07536764705882353
1 0.7520161290322581 0.4085477941176471 0.025 0.03400735294117647
3 0.7286290322580645 0.37362132352941174 0.02661290322580645 0.03400735294117647
3 0.7366935483870968 0.3864889705882353 0.02338709677419355 0.03952205882352941
1 0.7322580645161291 0.38327205882352944 0.03064516129032258 0.03308823529411765
1 0.7451612903225806 0.3952205882352941 0.03064516129032258 0.034926470588235295
