2 0.47314814814814815 0.07077205882352941 0.07407407407407407 0.05698529411764706
2 0.019444444444444445 0.5965073529411765 0.027777777777777776 0.03860294117647059
2 0.7430555555555556 0.1328125 0.07314814814814814 0.050551470588235295
1 0.38472222222222224 0.12270220588235294 0.05092592592592592 0.05974264705882353
1 0.32685185185185184 0.15762867647058823 0.05555555555555555 0.06158088235294118
2 0.15324074074074073 0.12775735294117646 0.017592592592592594 0.022058823529411766
2 0.1412037037037037 0.14292279411764705 0.01574074074074074 0.019301470588235295
4 0.12824074074074074 0.16268382352941177 0.026851851851851852 0.029411764705882353
2 0.06018518518518518 0.26516544117647056 0.022222222222222223 0.02849264705882353
2 0.04861111111111111 0.7150735294117647 0.023148148148148147 0.025735294117647058
2 0.5416666666666666 0.9540441176470589 0.06296296296296296 0.03308823529411765
