1 0.1670682730923695 0.36121323529411764 0.05622489959839357 0.08823529411764706
1 0.24779116465863454 0.7936580882352942 0.09558232931726908 0.10753676470588236
3 0.3152610441767068 0.7532169117647058 0.0570281124497992 0.078125
2 0.3686746987951807 0.14384191176470587 0.04497991967871486 0.024816176470588234
2 0.41967871485943775 0.16268382352941177 0.05060240963855422 0.029411764705882353
1 0.5393574297188755 0.20128676470588236 0.021686746987951807 0.029411764705882353
1 0.559437751004016 0.21369485294117646 0.024899598393574297 0.02665441176470588
2 0.793574297188755 0.45358455882352944 0.05140562248995984 0.07261029411764706
2 0.6670682730923695 0.22426470588235295 0.021686746987951807 0.02389705882352941
2 0.6449799196787148 0.2265625 0.024096385542168676 0.02297794117647059
1 0.6160642570281124 0.22150735294117646 0.014457831325301205 0.01838235294117647
1 0.6196787148594377 0.2348345588235294 0.020080321285140562 0.019301470588235295
1 0.5983935742971888 0.20955882352941177 0.01285140562248996 0.01838235294117647
1 0.6718875502008033 0.2348345588235294 0.012048192771084338 0.017463235294117647
1 0.6614457831325301 0.23667279411764705 0.012048192771084338 0.019301470588235295
1 0.6506024096385542 0.23943014705882354 0.01606425702811245 0.019301470588235295
1 0.6742971887550201 0.28400735294117646 0.015261044176706828 0.02389705882352941
3 0.7401606425702811 0.38143382352941174 0.02650602409638554 0.03860294117647059
3 0.5903614457831325 0.22472426470588236 0.01285140562248996 0.024816176470588234
2 0.4469879518072289 0.9264705882352942 0.2176706827309237 0.14522058823529413
2 0.29156626506024097 0.17555147058823528 0.035341365461847386 0.03308823529411765
2 0.27068273092369477 0.1645220588235294 0.02570281124497992 0.025735294117647058
1 0.3168674698795181 0.19439338235294118 0.020080321285140562 0.02665441176470588
1 0.3437751004016064 0.21001838235294118 0.02570281124497992 0.03768382352941176
1 0.36224899598393573 0.23069852941176472 0.0321285140562249 0.04595588235294118
1 0.29477911646586347 0.19163602941176472 0.020883534136546186 0.02849264705882353
1 0.3309236947791165 0.19715073529411764 0.01927710843373494 0.03400735294117647
1 0.8843373493975903 0.6277573529411765 0.027309236947791166 0.04044117647058824
2 0.8923694779116466 0.7339154411764706 0.03855421686746988 0.08363970588235294
2 0.8518072289156626 0.6943933823529411 0.0746987951807229 0.13143382352941177
2 0.22008032128514057 0.15992647058823528 0.02248995983935743 0.02022058823529412
2 0.23775100401606425 0.15119485294117646 0.01606425702811245 0.015625
2 0.25220883534136546 0.15946691176470587 0.020883534136546186 0.024816176470588234
2 0.329718875502008 0.17049632352941177 0.03775100401606426 0.030330882352941176
1 0.37630522088353413 0.1645220588235294 0.016867469879518072 0.025735294117647058
