2 0.6342741935483871 0.22380514705882354 0.03306451612903226 0.03400735294117647
1 0.5995967741935484 0.2192095588235294 0.018548387096774192 0.02665441176470588
1 0.6697580645161291 0.2555147058823529 0.016935483870967744 0.022058823529411766
1 0.25887096774193546 0.6328125 0.0935483870967742 0.16636029411764705
1 0.7193548387096774 0.42463235294117646 0.043548387096774194 0.05698529411764706
1 0.7661290322580645 0.5367647058823529 0.05967741935483871 0.07169117647058823
1 0.7298387096774194 0.3818933823529412 0.024193548387096774 0.03400735294117647
2 0.2717741935483871 0.17693014705882354 0.03870967741935484 0.030330882352941176
1 0.8842741935483871 0.7596507352941176 0.03951612903225806 0.03952205882352941
1 0.742741935483871 0.3984375 0.027419354838709678 0.03216911764705882
1 0.7516129032258064 0.4108455882352941 0.025806451612903226 0.034926470588235295
2 0.8737903225806452 0.8529411764705882 0.03951612903225806 0.05330882352941176
