2 0.8046875 0.12729779411764705 0.04479166666666667 0.07996323529411764
1 0.8609375 0.5307904411764706 0.04375 0.06893382352941177
1 0.11119791666666666 0.8920036764705882 0.0390625 0.10753676470588236
1 0.02578125 0.8414522058823529 0.0265625 0.07628676470588236
1 0.049479166666666664 0.8465073529411765 0.03229166666666667 0.0974264705882353
2 0.0765625 0.2679227941176471 0.03125 0.06709558823529412
3 0.8356770833333333 0.5693933823529411 0.05260416666666667 0.05606617647058824
1 0.8265625 0.16819852941176472 0.014583333333333334 0.027573529411764705
1 0.8075520833333333 0.15625 0.0203125 0.03308823529411765
1 0.2609375 0.12775735294117646 0.0375 0.06985294117647059
1 0.82734375 0.9393382352941176 0.0671875 0.10845588235294118
1 0.057291666666666664 0.32169117647058826 0.011458333333333333 0.03125
0 0.9083333333333333 0.2913602941176471 0.04791666666666667 0.0974264705882353
2 0.031510416666666666 0.4306066176470588 0.0265625 0.06525735294117647
3 0.84140625 0.18152573529411764 0.013020833333333334 0.02849264705882353
