1 0.1634538152610442 0.36121323529411764 0.06827309236947791 0.09375
1 0.25140562248995985 0.7931985294117647 0.09156626506024096 0.11948529411764706
3 0.3417670682730924 0.7991727941176471 0.06345381526104418 0.07628676470588236
1 0.6028112449799197 0.2113970588235294 0.016867469879518072 0.01838235294117647
1 0.5791164658634538 0.20680147058823528 0.020883534136546186 0.02389705882352941
1 0.6614457831325301 0.21691176470588236 0.008835341365461847 0.014705882352941176
2 0.3678714859437751 0.14292279411764705 0.046586345381526104 0.024816176470588234
2 0.42088353413654617 0.16130514705882354 0.05140562248995984 0.030330882352941176
1 0.3421686746987952 0.1640625 0.020883534136546186 0.02665441176470588
1 0.3755020080321285 0.16498161764705882 0.020080321285140562 0.02665441176470588
1 0.43815261044176707 0.18428308823529413 0.03293172690763052 0.03400735294117647
1 0.4815261044176707 0.19393382352941177 0.03132530120481928 0.03125
1 0.5220883534136547 0.19990808823529413 0.027309236947791166 0.03400735294117647
1 0.3325301204819277 0.2348345588235294 0.027309236947791166 0.057904411764705885
1 0.27710843373493976 0.2601102941176471 0.02248995983935743 0.0625
1 0.2493975903614458 0.23161764705882354 0.020080321285140562 0.042279411764705885
2 0.6433734939759036 0.22564338235294118 0.0321285140562249 0.03216911764705882
2 0.6791164658634539 0.21966911764705882 0.020080321285140562 0.027573529411764705
2 0.659437751004016 0.2614889705882353 0.033734939759036145 0.03216911764705882
2 0.7959839357429719 0.45174632352941174 0.05461847389558233 0.07996323529411764
1 0.6666666666666666 0.3648897058823529 0.04819277108433735 0.051470588235294115
1 0.7132530120481928 0.40441176470588236 0.046586345381526104 0.058823529411764705
1 0.6337349397590362 0.37362132352941174 0.04819277108433735 0.06158088235294118
1 0.6799196787148595 0.5105698529411765 0.060240963855421686 0.11121323529411764
1 0.6397590361445783 0.5496323529411765 0.06506024096385542 0.10661764705882353
1 0.7180722891566265 0.5050551470588235 0.043373493975903614 0.06893382352941177
1 0.7497991967871486 0.5367647058823529 0.04257028112449799 0.06985294117647059
1 0.7907630522088354 0.5261948529411765 0.04417670682730924 0.05422794117647059
1 0.7726907630522089 0.4820772058823529 0.04497991967871486 0.05422794117647059
1 0.8261044176706828 0.5335477941176471 0.0393574297188755 0.04503676470588235
1 0.8349397590361446 0.5574448529411765 0.04096385542168675 0.04136029411764706
1 0.8397590361445784 0.5758272058823529 0.0393574297188755 0.04503676470588235
1 0.8096385542168675 0.5818014705882353 0.04979919678714859 0.04963235294117647
1 0.7827309236947791 0.6052389705882353 0.061847389558232935 0.06893382352941177
1 0.8610441767068273 0.6213235294117647 0.04497991967871486 0.04044117647058824
1 0.8618473895582329 0.6548713235294118 0.035341365461847386 0.04871323529411765
1 0.834136546184739 0.6539522058823529 0.03775100401606426 0.050551470588235295
1 0.8839357429718876 0.6842830882352942 0.03614457831325301 0.04136029411764706
2 0.9028112449799197 0.7454044117647058 0.02891566265060241 0.06066176470588235
2 0.8718875502008032 0.7477022058823529 0.061847389558232935 0.11121323529411764
2 0.8096385542168675 0.8929227941176471 0.07228915662650602 0.11856617647058823
3 0.6947791164658634 0.29641544117647056 0.01606425702811245 0.02849264705882353
3 0.6867469879518072 0.2931985294117647 0.01606425702811245 0.03125
1 0.7004016064257028 0.3350183823529412 0.02248995983935743 0.03400735294117647
2 0.4534136546184739 0.9232536764705882 0.21445783132530122 0.15165441176470587
2 0.22329317269076304 0.16084558823529413 0.01927710843373494 0.016544117647058824
2 0.2321285140562249 0.16727941176470587 0.01927710843373494 0.02022058823529412
2 0.2357429718875502 0.17279411764705882 0.021686746987951807 0.025735294117647058
2 0.25020080321285143 0.18474264705882354 0.03293172690763052 0.03125
2 0.26706827309236947 0.1645220588235294 0.023293172690763052 0.025735294117647058
2 0.21084337349397592 0.18520220588235295 0.02650602409638554 0.02849264705882353
1 0.321285140562249 0.15441176470588236 0.01285140562248996 0.01838235294117647
1 0.28795180722891567 0.15441176470588236 0.013654618473895583 0.02022058823529412
1 0.30200803212851407 0.1479779411764706 0.011244979919678716 0.01838235294117647
2 0.29156626506024097 0.1796875 0.03855421686746988 0.03400735294117647
1 0.19558232931726907 0.20726102941176472 0.010441767068273093 0.02297794117647059
1 0.18313253012048192 0.20818014705882354 0.011244979919678716 0.02297794117647059
1 0.1927710843373494 0.22472426470588236 0.017670682730923693 0.02665441176470588
1 0.21084337349397592 0.22334558823529413 0.016867469879518072 0.034926470588235295
2 0.8815261044176707 0.8442095588235294 0.04257028112449799 0.057904411764705885
2 0.9052208835341365 0.8125 0.02891566265060241 0.05330882352941176
