1 0.8661224489795918 0.5068933823529411 0.024489795918367346 0.03400735294117647
1 0.7510204081632653 0.33455882352941174 0.013061224489795919 0.01838235294117647
2 0.7514285714285714 0.32766544117647056 0.026938775510204082 0.019301470588235295
1 0.05877551020408163 0.48943014705882354 0.02122448979591837 0.06341911764705882
1 0.08653061224489796 0.39568014705882354 0.029387755102040815 0.050551470588235295
1 0.3902040816326531 0.19623161764705882 0.011428571428571429 0.015625
2 0.4763265306122449 0.20863970588235295 0.04 0.02022058823529412
1 0.6142857142857143 0.35294117647058826 0.04 0.05330882352941176
1 0.37387755102040815 0.2555147058823529 0.029387755102040815 0.034926470588235295
2 0.5779591836734694 0.3092830882352941 0.10448979591836735 0.078125
2 0.3726530612244898 0.23207720588235295 0.06612244897959184 0.035845588235294115
2 0.33346938775510204 0.21461397058823528 0.044897959183673466 0.019301470588235295
2 0.2889795918367347 0.22472426470588236 0.037551020408163265 0.024816176470588234
2 0.2820408163265306 0.2113970588235294 0.03183673469387755 0.01838235294117647
2 0.24979591836734694 0.21553308823529413 0.02122448979591837 0.013786764705882353
4 0.5946938775510204 0.23851102941176472 0.053061224489795916 0.03400735294117647
1 0.6081632653061224 0.32766544117647056 0.03428571428571429 0.04136029411764706
