1 0.10441767068273092 0.8138786764705882 0.027309236947791166 0.024816176470588234
2 0.6220883534136546 0.10891544117647059 0.03614457831325301 0.021139705882352942
2 0.3530120481927711 0.11075367647058823 0.024899598393574297 0.015625
2 0.3317269076305221 0.1323529411764706 0.033734939759036145 0.029411764705882353
2 0.3072289156626506 0.40441176470588236 0.11485943775100402 0.25
3 0.3385542168674699 0.24586397058823528 0.03132530120481928 0.057904411764705885
3 0.2955823293172691 0.27159926470588236 0.02891566265060241 0.035845588235294115
3 0.3152610441767068 0.2647058823529412 0.020080321285140562 0.03676470588235294
0 0.5076305220883535 0.06801470588235294 0.033734939759036145 0.027573529411764705
0 0.1393574297188755 0.5427389705882353 0.18072289156626506 0.5965073529411765
0 0.6702811244979919 0.1875 0.13734939759036144 0.14338235294117646
0 0.41325301204819276 0.07858455882352941 0.02971887550200803 0.02665441176470588
2 0.357429718875502 0.12913602941176472 0.046586345381526104 0.03952205882352941
2 0.5008032128514056 0.08455882352941177 0.020080321285140562 0.01838235294117647
2 0.4285140562248996 0.0896139705882353 0.021686746987951807 0.017463235294117647
2 0.40843373493975904 0.10661764705882353 0.03453815261044177 0.025735294117647058
2 0.4606425702811245 0.0974264705882353 0.03132530120481928 0.02389705882352941
2 0.519277108433735 0.10753676470588236 0.04096385542168675 0.027573529411764705
4 0.5393574297188755 0.08272058823529412 0.021686746987951807 0.02022058823529412
2 0.26184738955823295 0.21599264705882354 0.07068273092369477 0.07720588235294118
3 0.7839357429718875 0.21691176470588236 0.01927710843373494 0.03676470588235294
1 0.7983935742971887 0.25597426470588236 0.02248995983935743 0.043198529411764705
1 0.838152610441767 0.31387867647058826 0.03132530120481928 0.04503676470588235
1 0.914859437751004 0.6158088235294118 0.02891566265060241 0.07720588235294118
3 0.7911646586345381 0.2035845588235294 0.01927710843373494 0.02665441176470588
2 0.8116465863453816 0.8717830882352942 0.08755020080321285 0.18106617647058823
2 0.5718875502008032 0.08409926470588236 0.02248995983935743 0.017463235294117647
1 0.5710843373493976 0.09375 0.011244979919678716 0.014705882352941176
1 0.5843373493975904 0.09466911764705882 0.008835341365461847 0.016544117647058824
