2 0.8889400921658986 0.3115808823529412 0.04331797235023042 0.03308823529411765
1 0.8188940092165898 0.22977941176470587 0.02488479262672811 0.01838235294117647
1 0.8345622119815668 0.23897058823529413 0.02304147465437788 0.016544117647058824
1 0.8410138248847926 0.25045955882352944 0.026728110599078342 0.019301470588235295
1 0.8502304147465438 0.25919117647058826 0.02857142857142857 0.02022058823529412
1 0.8548387096774194 0.27205882352941174 0.03225806451612903 0.02389705882352941
2 0.9244239631336405 0.34329044117647056 0.03317972350230415 0.030330882352941176
3 0.23317972350230415 0.19944852941176472 0.014746543778801843 0.02389705882352941
0 0.10506912442396313 0.42463235294117646 0.15115207373271888 0.11580882352941177
2 0.18847926267281107 0.3515625 0.07465437788018434 0.06158088235294118
2 0.05898617511520737 0.4880514705882353 0.029493087557603687 0.01838235294117647
1 0.08940092165898618 0.5018382352941176 0.035023041474654376 0.016544117647058824
1 0.08617511520737327 0.5225183823529411 0.030414746543778803 0.01011029411764706
1 0.10368663594470046 0.5358455882352942 0.04331797235023042 0.016544117647058824
1 0.07557603686635944 0.5372242647058824 0.020276497695852536 0.013786764705882353
1 0.06313364055299539 0.5193014705882353 0.013824884792626729 0.012867647058823529
0 0.027649769585253458 0.49264705882352944 0.047926267281105994 0.04595588235294118
