2 0.5854838709677419 0.2890625 0.07258064516129033 0.08915441176470588
1 0.09112903225806451 0.6240808823529411 0.08709677419354839 0.08455882352941177
1 0.08951612903225807 0.7155330882352942 0.09516129032258064 0.07996323529411764
2 0.11169354838709677 0.3350183823529412 0.075 0.10386029411764706
3 0.7725806451612903 0.6806066176470589 0.03225806451612903 0.02665441176470588
2 0.6709677419354839 0.45036764705882354 0.08064516129032258 0.13419117647058823
1 0.7491935483870967 0.45450367647058826 0.02903225806451613 0.02297794117647059
2 0.8270161290322581 0.5528492647058824 0.013709677419354839 0.021139705882352942
2 0.7782258064516129 0.5032169117647058 0.03387096774193549 0.04503676470588235
2 0.7862903225806451 0.5767463235294118 0.035483870967741936 0.050551470588235295
4 0.8084677419354839 0.5091911764705882 0.03790322580645161 0.051470588235294115
2 0.5258064516129032 0.21691176470588236 0.0532258064516129 0.05698529411764706
1 0.505241935483871 0.17601102941176472 0.028225806451612902 0.03216911764705882
3 0.46491935483870966 0.18612132352941177 0.021774193548387097 0.03400735294117647
