2 0.2995934959349594 0.1792279411764706 0.03170731707317073 0.034926470588235295
2 0.3983739837398374 0.16498161764705882 0.03739837398373984 0.02849264705882353
1 0.8691056910569106 0.6208639705882353 0.03577235772357724 0.04871323529411765
1 0.8577235772357723 0.6714154411764706 0.04227642276422764 0.04871323529411765
2 0.848780487804878 0.3272058823529412 0.016260162601626018 0.02022058823529412
1 0.733739837398374 0.2532169117647059 0.023577235772357725 0.02297794117647059
1 0.8065040650406504 0.296875 0.00975609756097561 0.014705882352941176
3 0.7719512195121951 0.2771139705882353 0.01056910569105691 0.017463235294117647
3 0.7910569105691057 0.2945772058823529 0.011382113821138212 0.019301470588235295
4 0.141869918699187 0.2536764705882353 0.07235772357723577 0.08823529411764706
1 0.2760162601626016 0.7610294117647058 0.0983739837398374 0.06066176470588235
1 0.12804878048780488 0.5243566176470589 0.06747967479674796 0.06525735294117647
1 0.16707317073170733 0.6153492647058824 0.0983739837398374 0.08547794117647059
1 0.1565040650406504 0.7113970588235294 0.08536585365853659 0.06066176470588235
1 0.8044715447154471 0.6649816176470589 0.05934959349593496 0.06341911764705882
1 0.8166666666666667 0.31112132352941174 0.013821138211382113 0.015625
