2 0.30121951219512194 0.1801470588235294 0.036585365853658534 0.03308823529411765
2 0.3975609756097561 0.16544117647058823 0.03414634146341464 0.03308823529411765
2 0.483739837398374 0.16636029411764705 0.03414634146341464 0.029411764705882353
1 0.34065040650406503 0.18612132352941177 0.02113821138211382 0.03952205882352941
1 0.3065040650406504 0.1957720588235294 0.01788617886178862 0.029411764705882353
1 0.41260162601626016 0.21277573529411764 0.04959349593495935 0.04871323529411765
1 0.4902439024390244 0.19347426470588236 0.04065040650406504 0.03400735294117647
1 0.2032520325203252 0.21966911764705882 0.02926829268292683 0.04779411764705882
2 0.8410569105691057 0.3235294117647059 0.013821138211382113 0.016544117647058824
2 0.8085365853658537 0.3014705882352941 0.026829268292682926 0.029411764705882353
2 0.8268292682926829 0.3037683823529412 0.014634146341463415 0.024816176470588234
2 0.31869918699186994 0.25919117647058826 0.14634146341463414 0.0974264705882353
2 0.691869918699187 0.24586397058823528 0.05853658536585366 0.046875
2 0.7524390243902439 0.2899816176470588 0.044715447154471545 0.043198529411764705
2 0.7552845528455284 0.26608455882352944 0.04390243902439024 0.03400735294117647
2 0.782520325203252 0.3304227941176471 0.046341463414634146 0.050551470588235295
2 0.8313008130081301 0.36443014705882354 0.028455284552845527 0.035845588235294115
2 0.13495934959349593 0.2867647058823529 0.07642276422764227 0.08088235294117647
2 0.7642276422764228 0.37775735294117646 0.06829268292682927 0.06801470588235294
2 0.07398373983739838 0.42325367647058826 0.07642276422764227 0.09650735294117647
1 0.23902439024390243 0.5804227941176471 0.11382113821138211 0.08915441176470588
1 0.6207317073170732 0.35753676470588236 0.06260162601626017 0.07352941176470588
2 0.5796747967479675 0.22380514705882354 0.1008130081300813 0.04871323529411765
3 0.8264227642276423 0.5206801470588235 0.04796747967479675 0.06525735294117647
1 0.8735772357723577 0.6199448529411765 0.046341463414634146 0.06709558823529412
1 0.24227642276422764 0.20680147058823528 0.01951219512195122 0.03676470588235294
1 0.2894308943089431 0.21461397058823528 0.03577235772357724 0.035845588235294115
1 0.8589430894308943 0.3515625 0.013821138211382113 0.019301470588235295
1 0.8682926829268293 0.36672794117647056 0.014634146341463415 0.016544117647058824
