2 0.7165322580645161 0.40579044117647056 0.0814516129032258 0.09283088235294118
1 0.17096774193548386 0.6847426470588235 0.07903225806451612 0.0661764705882353
1 0.7217741935483871 0.36994485294117646 0.024193548387096774 0.024816176470588234
1 0.39153225806451614 0.19301470588235295 0.025 0.04044117647058824
1 0.43024193548387096 0.22334558823529413 0.031451612903225803 0.04963235294117647
1 0.3346774193548387 0.1957720588235294 0.02903225806451613 0.034926470588235295
1 0.36088709677419356 0.22196691176470587 0.042741935483870966 0.046875
1 0.26129032258064516 0.7247242647058824 0.07903225806451612 0.15165441176470587
0 0.8326612903225806 0.6686580882352942 0.13306451612903225 0.21966911764705882
2 0.2854838709677419 0.1567095588235294 0.027419354838709678 0.021139705882352942
2 0.27983870967741936 0.17647058823529413 0.037096774193548385 0.029411764705882353
1 0.30362903225806454 0.18382352941176472 0.021774193548387097 0.03125
1 0.2786290322580645 0.19117647058823528 0.02338709677419355 0.03308823529411765
2 0.6342741935483871 0.22012867647058823 0.028225806451612902 0.02665441176470588
2 0.6580645161290323 0.22058823529411764 0.027419354838709678 0.03308823529411765
1 0.5858870967741936 0.20772058823529413 0.016935483870967744 0.01838235294117647
1 0.6254032258064516 0.23253676470588236 0.01532258064516129 0.02022058823529412
1 0.6395161290322581 0.23667279411764705 0.016129032258064516 0.019301470588235295
3 0.2028225806451613 0.6286764705882353 0.06048387096774194 0.08272058823529412
