2 0.5020161290322581 0.1796875 0.02338709677419355 0.03216911764705882
1 0.4870967741935484 0.18244485294117646 0.014516129032258065 0.02665441176470588
1 0.5262096774193549 0.22380514705882354 0.021774193548387097 0.02849264705882353
1 0.4782258064516129 0.22334558823529413 0.027419354838709678 0.03860294117647059
1 0.5157258064516129 0.20496323529411764 0.020161290322580645 0.025735294117647058
1 0.5568548387096774 0.3023897058823529 0.031451612903225803 0.04595588235294118
1 0.7431451612903226 0.8763786764705882 0.05241935483870968 0.05606617647058824
3 0.7826612903225807 0.7316176470588235 0.04435483870967742 0.027573529411764705
3 0.3959677419354839 0.14705882352941177 0.01935483870967742 0.03125
1 0.7415322580645162 0.9430147058823529 0.05241935483870968 0.034926470588235295
4 0.8145161290322581 0.6576286764705882 0.04838709677419355 0.057904411764705885
2 0.8088709677419355 0.5386029411764706 0.01935483870967742 0.025735294117647058
2 0.7955645161290322 0.5716911764705882 0.028225806451612902 0.04779411764705882
1 0.7653225806451613 0.5896139705882353 0.02903225806451613 0.03400735294117647
4 0.8084677419354839 0.5105698529411765 0.03790322580645161 0.050551470588235295
1 0.6717741935483871 0.8855698529411765 0.06774193548387097 0.043198529411764705
