2 0.98828125 0.46041666666666664 0.018229166666666668 0.03125
2 0.9864583333333333 0.48541666666666666 0.014583333333333334 0.019791666666666666
2 0.9768229166666667 0.47291666666666665 0.018229166666666668 0.029166666666666667
2 0.8880208333333334 0.228125 0.020833333333333332 0.01875
3 0.9559895833333333 0.4234375 0.022395833333333334 0.010416666666666666
1 0.7989583333333333 0.09114583333333333 0.011458333333333333 0.015625
1 0.11171875 0.23880208333333333 0.027604166666666666 0.021354166666666667
1 0.20390625 0.20026041666666666 0.0359375 0.030729166666666665
1 0.08177083333333333 0.24348958333333334 0.020833333333333332 0.016145833333333335
1 0.10208333333333333 0.20338541666666668 0.017708333333333333 0.0140625
4 0.81640625 0.07447916666666667 0.022395833333333334 0.023958333333333335
1 0.9325520833333333 0.43307291666666664 0.03177083333333333 0.0171875
1 0.5140625 0.12942708333333333 0.04791666666666667 0.050520833333333334
1 0.4669270833333333 0.009114583333333334 0.015104166666666667 0.0171875
2 0.6015625 0.02578125 0.03229166666666667 0.024479166666666666
1 0.3046875 0.33203125 0.06041666666666667 0.044270833333333336
2 0.02578125 0.28567708333333336 0.015104166666666667 0.015104166666666667
2 0.04401041666666667 0.27369791666666665 0.021354166666666667 0.0203125
