2 0.5718875502008032 0.08363970588235294 0.024096385542168676 0.014705882352941176
2 0.3497991967871486 0.11259191176470588 0.020080321285140562 0.017463235294117647
2 0.8991967871485944 0.34972426470588236 0.04417670682730924 0.06158088235294118
2 0.457429718875502 0.09926470588235294 0.03293172690763052 0.02022058823529412
1 0.1465863453815261 0.3515625 0.02650602409638554 0.021139705882352942
1 0.14417670682730924 0.3616727941176471 0.023293172690763052 0.024816176470588234
1 0.13694779116465863 0.38235294117647056 0.024899598393574297 0.01838235294117647
1 0.12570281124497992 0.40762867647058826 0.023293172690763052 0.02849264705882353
1 0.12008032128514057 0.43152573529411764 0.024899598393574297 0.024816176470588234
1 0.10200803212851406 0.4728860294117647 0.02570281124497992 0.021139705882352942
1 0.10883534136546184 0.45358455882352944 0.02971887550200803 0.02849264705882353
1 0.09598393574297188 0.5073529411764706 0.024899598393574297 0.03125
1 0.08634538152610442 0.7261029411764706 0.028112449799196786 0.02389705882352941
1 0.08995983935742972 0.7527573529411765 0.02570281124497992 0.027573529411764705
1 0.10722891566265061 0.8134191176470589 0.024899598393574297 0.025735294117647058
1 0.7634538152610442 0.21231617647058823 0.02971887550200803 0.034926470588235295
1 0.8124497991967872 0.27297794117647056 0.03453815261044177 0.03860294117647059
1 0.8349397590361446 0.30652573529411764 0.02650602409638554 0.03216911764705882
1 0.7907630522088354 0.24724264705882354 0.028112449799196786 0.034926470588235295
1 0.15100401606425704 0.2844669117647059 0.024096385542168676 0.02297794117647059
1 0.20441767068273092 0.2633272058823529 0.021686746987951807 0.02849264705882353
3 0.6847389558232931 0.13832720588235295 0.013654618473895583 0.02665441176470588
1 0.7240963855421687 0.17371323529411764 0.03453815261044177 0.03308823529411765
1 0.8497991967871485 0.33547794117647056 0.030522088353413655 0.034926470588235295
2 0.9381526104417671 0.4227941176470588 0.027309236947791166 0.04963235294117647
3 0.07911646586345382 0.5785845588235294 0.03614457831325301 0.030330882352941176
3 0.8987951807228916 0.38556985294117646 0.017670682730923693 0.024816176470588234
1 0.8401606425702811 0.4071691176470588 0.046586345381526104 0.06985294117647059
1 0.9096385542168675 0.5004595588235294 0.04257028112449799 0.057904411764705885
2 0.4995983935742972 0.07996323529411764 0.01927710843373494 0.014705882352941176
1 0.18634538152610441 0.29181985294117646 0.0321285140562249 0.030330882352941176
1 0.8867469879518072 0.34237132352941174 0.02570281124497992 0.03400735294117647
1 0.8582329317269076 0.2936580882352941 0.021686746987951807 0.024816176470588234
1 0.7469879518072289 0.19761029411764705 0.02570281124497992 0.02389705882352941
2 0.45863453815261046 0.07766544117647059 0.01927710843373494 0.017463235294117647
2 0.36947791164658633 0.10064338235294118 0.02248995983935743 0.017463235294117647
2 0.9622489959839358 0.5634191176470589 0.017670682730923693 0.03860294117647059
