3 0.20078125 0.335546875 0.0390625 0.02734375
3 0.167578125 0.341015625 0.03515625 0.02421875
3 0.171875 0.30390625 0.028125 0.0234375
0 0.199609375 0.198828125 0.08203125 0.06015625
1 0.3125 0.16640625 0.01875 0.025
1 0.296875 0.155859375 0.01875 0.02265625
2 0.378125 0.13046875 0.0578125 0.0359375
2 0.3890625 0.101171875 0.0203125 0.02109375
2 0.393359375 0.085546875 0.01796875 0.01640625
2 0.4203125 0.085546875 0.0203125 0.01953125
2 0.444921875 0.080078125 0.02265625 0.02265625
2 0.432421875 0.07265625 0.01796875 0.0171875
1 0.465625 0.09765625 0.0125 0.025
1 0.439453125 0.099609375 0.01171875 0.02265625
1 0.420703125 0.100390625 0.01171875 0.02265625
3 0.646875 0.1421875 0.01875 0.034375
2 0.85703125 0.334765625 0.06875 0.07578125
3 0.92109375 0.36953125 0.034375 0.0171875
2 0.917578125 0.403125 0.06171875 0.071875
2 0.96015625 0.47734375 0.0390625 0.0609375
1 0.783203125 0.787890625 0.04296875 0.05859375
2 0.769921875 0.855078125 0.08203125 0.05390625
2 0.748046875 0.89609375 0.07109375 0.0421875
2 0.648046875 0.89296875 0.10703125 0.0609375
