2 0.7830645161290323 0.48253676470588236 0.03064516129032258 0.04779411764705882
4 0.7858870967741935 0.5229779411764706 0.042741935483870966 0.051470588235294115
2 0.8294354838709678 0.5602022058823529 0.016935483870967744 0.019301470588235295
2 0.8245967741935484 0.5739889705882353 0.018548387096774192 0.021139705882352942
1 0.8193548387096774 0.6125919117647058 0.01935483870967742 0.017463235294117647
2 0.5016129032258064 0.18106617647058823 0.02258064516129032 0.03125
1 0.4745967741935484 0.22288602941176472 0.025 0.035845588235294115
1 0.4854838709677419 0.18290441176470587 0.016129032258064516 0.027573529411764705
1 0.742741935483871 0.9462316176470589 0.04032258064516129 0.03768382352941176
4 0.8133064516129033 0.65625 0.050806451612903224 0.0661764705882353
3 0.1032258064516129 0.7215073529411765 0.06451612903225806 0.0661764705882353
3 0.12137096774193548 0.7670036764705882 0.06532258064516129 0.06341911764705882
4 0.8080645161290323 0.5105698529411765 0.035483870967741936 0.050551470588235295
