2 0.6379032258064516 0.2270220588235294 0.027419354838709678 0.025735294117647058
2 0.6540322580645161 0.2265625 0.025806451612903226 0.02665441176470588
1 0.30201612903225805 0.19255514705882354 0.03467741935483871 0.043198529411764705
2 0.2745967741935484 0.17876838235294118 0.042741935483870966 0.035845588235294115
2 0.7979838709677419 0.5450367647058824 0.08951612903225807 0.1213235294117647
2 0.7709677419354839 0.6047794117647058 0.12903225806451613 0.17463235294117646
2 0.6346774193548387 0.3428308823529412 0.11612903225806452 0.11397058823529412
2 0.882258064516129 0.8253676470588235 0.02903225806451613 0.0625
1 0.7524193548387097 0.40762867647058826 0.025806451612903226 0.03216911764705882
3 0.7294354838709678 0.3727022058823529 0.02661290322580645 0.035845588235294115
3 0.7362903225806452 0.38465073529411764 0.024193548387096774 0.03952205882352941
1 0.7326612903225806 0.38235294117647056 0.029838709677419355 0.034926470588235295
1 0.744758064516129 0.3961397058823529 0.028225806451612902 0.03308823529411765
