2 0.7169354838709677 0.40670955882352944 0.08064516129032258 0.09099264705882353
1 0.17096774193548386 0.6856617647058824 0.07903225806451612 0.0661764705882353
1 0.7217741935483871 0.3694852941176471 0.02258064516129032 0.025735294117647058
1 0.8080645161290323 0.5409007352941176 0.0467741935483871 0.03768382352941176
1 0.8088709677419355 0.5625 0.04838709677419355 0.042279411764705885
1 0.8 0.5896139705882353 0.056451612903225805 0.04871323529411765
1 0.7911290322580645 0.6351102941176471 0.05967741935483871 0.0625
1 0.6262096774193548 0.3483455882352941 0.03951612903225806 0.05514705882352941
1 0.43790322580645163 0.28952205882352944 0.035483870967741936 0.06433823529411764
1 0.44193548387096776 0.4352022058823529 0.04838709677419355 0.10753676470588236
1 0.2532258064516129 0.7297794117647058 0.07419354838709677 0.14338235294117646
2 0.8681451612903226 0.6994485294117647 0.049193548387096775 0.08639705882352941
2 0.855241935483871 0.7564338235294118 0.05241935483870968 0.10477941176470588
2 0.5806451612903226 0.24632352941176472 0.0467741935483871 0.04963235294117647
2 0.3556451612903226 0.17738970588235295 0.0532258064516129 0.03676470588235294
2 0.3842741935483871 0.21737132352941177 0.06370967741935483 0.06525735294117647
2 0.8233870967741935 0.5335477941176471 0.07580645161290323 0.09466911764705882
4 0.5024193548387097 0.19944852941176472 0.08709677419354839 0.04595588235294118
2 0.2810483870967742 0.1792279411764706 0.036290322580645164 0.03125
2 0.2310483870967742 0.1875 0.028225806451612902 0.029411764705882353
1 0.3088709677419355 0.15992647058823528 0.01129032258064516 0.02022058823529412
1 0.2532258064516129 0.1875 0.012903225806451613 0.02389705882352941
1 0.20725806451612902 0.20404411764705882 0.012903225806451613 0.02022058823529412
1 0.1935483870967742 0.21553308823529413 0.014516129032258065 0.02297794117647059
2 0.6193548387096774 0.21966911764705882 0.037096774193548385 0.029411764705882353
2 0.6616935483870968 0.22426470588235295 0.021774193548387097 0.022058823529411766
3 0.30443548387096775 0.8060661764705882 0.0717741935483871 0.058823529411764705
