3 0.8280487804878048 0.5560661764705882 0.052845528455284556 0.09558823529411764
2 0.823170731707317 0.23805147058823528 0.036585365853658534 0.034926470588235295
3 0.9333333333333333 0.5330882352941176 0.02926829268292683 0.05698529411764706
3 0.9459349593495935 0.47150735294117646 0.02032520325203252 0.042279411764705885
3 0.9626016260162602 0.5101102941176471 0.026016260162601626 0.03676470588235294
3 0.9447154471544715 0.5523897058823529 0.03577235772357724 0.05330882352941176
3 0.4516260162601626 0.16727941176470587 0.01707317073170732 0.03125
0 0.3089430894308943 0.20863970588235295 0.16747967479674797 0.11029411764705882
3 0.05934959349593496 0.6456801470588235 0.026016260162601626 0.035845588235294115
3 0.06016260162601626 0.6056985294117647 0.022764227642276424 0.03308823529411765
3 0.06544715447154471 0.5845588235294118 0.023577235772357725 0.029411764705882353
2 0.07154471544715447 0.46369485294117646 0.03414634146341464 0.046875
