2 0.9848958333333333 0.4869791666666667 0.016666666666666666 0.020833333333333332
2 0.9770833333333333 0.4734375 0.019791666666666666 0.030208333333333334
2 0.8888020833333333 0.22734375 0.024479166666666666 0.018229166666666668
3 0.1203125 0.22083333333333333 0.026041666666666668 0.017708333333333333
3 0.13177083333333334 0.23411458333333332 0.028125 0.018229166666666668
3 0.11744791666666667 0.2526041666666667 0.024479166666666666 0.01875
3 0.10286458333333333 0.28125 0.033854166666666664 0.027083333333333334
3 0.9450520833333333 0.31354166666666666 0.011979166666666667 0.008333333333333333
3 0.271875 0.09036458333333333 0.013541666666666667 0.024479166666666666
2 0.08828125 0.24609375 0.030729166666666665 0.028645833333333332
2 0.06640625 0.2546875 0.0265625 0.028125
2 0.13723958333333333 0.18619791666666666 0.03697916666666667 0.0453125
2 0.05260416666666667 0.23385416666666667 0.014583333333333334 0.015625
2 0.09921875 0.19661458333333334 0.025520833333333333 0.0265625
1 0.9364583333333333 0.46796875 0.03125 0.0171875
4 0.9489583333333333 0.5216145833333333 0.04375 0.0484375
2 0.9744791666666667 0.6369791666666667 0.011458333333333333 0.013541666666666667
2 0.9765625 0.5276041666666667 0.016666666666666666 0.029166666666666667
2 0.9794270833333333 0.56171875 0.0140625 0.027604166666666666
1 0.30520833333333336 0.08255208333333333 0.026041666666666668 0.03177083333333333
1 0.43671875 0.0546875 0.018229166666666668 0.03854166666666667
1 0.9158854166666667 0.35911458333333335 0.033854166666666664 0.030729166666666665
2 0.56953125 0.07239583333333334 0.059895833333333336 0.07291666666666667
2 0.49192708333333335 0.06067708333333333 0.044270833333333336 0.04114583333333333
2 0.625 0.18489583333333334 0.10416666666666667 0.10520833333333333
2 0.2520833333333333 0.11953125 0.06145833333333333 0.05260416666666667
1 0.8302083333333333 0.12213541666666666 0.0125 0.0203125
