2 0.5294930875576037 0.11029411764705882 0.030414746543778803 0.03125
2 0.010138248847926268 0.4990808823529412 0.014746543778801843 0.02022058823529412
2 0.059907834101382486 0.44347426470588236 0.029493087557603687 0.030330882352941176
2 0.08248847926267282 0.45909926470588236 0.03778801843317972 0.043198529411764705
1 0.07327188940092166 0.5022977941176471 0.035944700460829496 0.019301470588235295
1 0.1 0.5022977941176471 0.02488479262672811 0.013786764705882353
1 0.08709677419354839 0.5422794117647058 0.034101382488479264 0.01838235294117647
1 0.6838709677419355 0.16957720588235295 0.03133640552995392 0.030330882352941176
1 0.7327188940092166 0.4319852941176471 0.05714285714285714 0.034926470588235295
1 0.8497695852534562 0.42371323529411764 0.047926267281105994 0.027573529411764705
2 0.8170506912442397 0.3350183823529412 0.08202764976958525 0.07077205882352941
1 0.6437788018433179 0.6392463235294118 0.06543778801843318 0.0744485294117647
2 0.9801843317972351 0.4650735294117647 0.034101382488479264 0.03860294117647059
