1 0.27661290322580645 0.6769301470588235 0.11290322580645161 0.1332720588235294
1 0.8201612903225807 0.5785845588235294 0.056451612903225805 0.06525735294117647
1 0.6870967741935484 0.41452205882352944 0.04838709677419355 0.0625
1 0.6004032258064517 0.2192095588235294 0.016935483870967744 0.02297794117647059
2 0.6350806451612904 0.22288602941176472 0.02661290322580645 0.02665441176470588
1 0.33911290322580645 0.16865808823529413 0.016935483870967744 0.030330882352941176
1 0.3620967741935484 0.16498161764705882 0.017741935483870968 0.02665441176470588
1 0.7294354838709678 0.3828125 0.025 0.03400735294117647
1 0.4568548387096774 0.2182904411764706 0.03306451612903226 0.04136029411764706
2 0.5717741935483871 0.3506433823529412 0.12903225806451613 0.11856617647058823
2 0.24798387096774194 0.1636029411764706 0.029838709677419355 0.025735294117647058
2 0.2754032258064516 0.17693014705882354 0.05241935483870968 0.03768382352941176
1 0.7431451612903226 0.39889705882352944 0.02661290322580645 0.03125
1 0.7520161290322581 0.4103860294117647 0.02661290322580645 0.03400735294117647
2 0.6576612903225807 0.22380514705882354 0.020161290322580645 0.019301470588235295
