3 0.37943548387096776 0.19071691176470587 0.025 0.04136029411764706
3 0.4334677419354839 0.2035845588235294 0.02338709677419355 0.03216911764705882
1 0.7576612903225807 0.7977941176470589 0.050806451612903224 0.0625
1 0.7358870967741935 0.4273897058823529 0.016935483870967744 0.03125
1 0.7737903225806452 0.8786764705882353 0.03951612903225806 0.04963235294117647
1 0.7641129032258065 0.9117647058823529 0.04758064516129032 0.05514705882352941
1 0.7592741935483871 0.9214154411764706 0.03790322580645161 0.04503676470588235
1 0.7366935483870968 0.9333639705882353 0.049193548387096775 0.06341911764705882
4 0.8189516129032258 0.6567095588235294 0.036290322580645164 0.046875
2 0.790725806451613 0.4866727941176471 0.02338709677419355 0.02849264705882353
1 0.4939516129032258 0.19439338235294118 0.018548387096774192 0.021139705882352942
1 0.5125 0.1957720588235294 0.01532258064516129 0.027573529411764705
2 0.575 0.24862132352941177 0.05967741935483871 0.05238970588235294
1 0.045564516129032256 0.6052389705882353 0.05725806451612903 0.06525735294117647
