2 0.2721774193548387 0.1714154411764706 0.03306451612903226 0.02665441176470588
2 0.29838709677419356 0.18152573529411764 0.041935483870967745 0.03400735294117647
2 0.4096774193548387 0.21185661764705882 0.07903225806451612 0.050551470588235295
2 0.357258064516129 0.30422794117647056 0.12580645161290321 0.125
1 0.31370967741935485 0.1953125 0.03387096774193549 0.035845588235294115
1 0.3717741935483871 0.9131433823529411 0.09838709677419355 0.15349264705882354
2 0.6092741935483871 0.39338235294117646 0.13306451612903225 0.13602941176470587
2 0.8403225806451613 0.6346507352941176 0.08870967741935484 0.13143382352941177
2 0.65 0.25735294117647056 0.035483870967741936 0.029411764705882353
1 0.7298387096774194 0.38327205882352944 0.020967741935483872 0.025735294117647058
3 0.7254032258064517 0.3993566176470588 0.028225806451612902 0.043198529411764705
1 0.7431451612903226 0.3984375 0.02338709677419355 0.030330882352941176
1 0.7524193548387097 0.4117647058823529 0.027419354838709678 0.029411764705882353
