1 0.08571428571428572 0.4039522058823529 0.029387755102040815 0.050551470588235295
0 0.7542857142857143 0.3239889705882353 0.03918367346938775 0.035845588235294115
2 0.5775510204081633 0.23115808823529413 0.018775510204081632 0.013786764705882353
1 0.726530612244898 0.3161764705882353 0.009795918367346938 0.014705882352941176
1 0.7387755102040816 0.3239889705882353 0.009795918367346938 0.015625
1 0.26285714285714284 0.22518382352941177 0.013061224489795919 0.02022058823529412
1 0.8918367346938776 0.5124080882352942 0.02040816326530612 0.021139705882352942
2 0.5653061224489796 0.2757352941176471 0.07918367346938776 0.04411764705882353
1 0.4220408163265306 0.2417279411764706 0.031020408163265307 0.03860294117647059
2 0.493469387755102 0.23207720588235295 0.06612244897959184 0.03216911764705882
