1 0.21796875 0.328125 0.0359375 0.0375
1 0.196875 0.34921875 0.034375 0.0375
1 0.186328125 0.36328125 0.03359375 0.0390625
1 0.165234375 0.38203125 0.03046875 0.0359375
1 0.2546875 0.416796875 0.05 0.03515625
1 0.3828125 0.307421875 0.05 0.04921875
1 0.18515625 0.53125 0.0421875 0.028125
1 0.566796875 0.140625 0.01796875 0.040625
3 0.662109375 0.1203125 0.01953125 0.028125
2 0.645703125 0.2109375 0.11328125 0.071875
2 0.71953125 0.15546875 0.0640625 0.040625
1 0.771484375 0.1609375 0.02109375 0.01875
2 0.81484375 0.1765625 0.0328125 0.0265625
2 0.819921875 0.2 0.03359375 0.028125
4 0.788671875 0.145703125 0.03984375 0.02890625
2 0.855078125 0.194921875 0.02421875 0.02265625
2 0.86953125 0.241796875 0.0328125 0.03046875
2 0.89296875 0.23359375 0.01875 0.021875
2 0.844921875 0.16171875 0.01796875 0.0171875
2 0.87109375 0.35234375 0.0375 0.0515625
1 0.91640625 0.315625 0.01875 0.0125
1 0.92265625 0.33046875 0.0203125 0.0140625
1 0.9203125 0.36484375 0.0234375 0.015625
1 0.927734375 0.384375 0.02109375 0.0140625
1 0.88671875 0.4609375 0.034375 0.025
4 0.773828125 0.61640625 0.09296875 0.1234375
3 0.85546875 0.653515625 0.0375 0.02109375
1 0.934375 0.577734375 0.0265625 0.02109375
1 0.90703125 0.627734375 0.0265625 0.02265625
1 0.91640625 0.623828125 0.028125 0.02109375
2 0.7484375 0.699609375 0.0890625 0.08359375
2 0.56796875 0.675 0.1421875 0.11875
1 0.721484375 0.683984375 0.04296875 0.04296875
1 0.659375 0.740234375 0.046875 0.05234375
1 0.618359375 0.74765625 0.03671875 0.0484375
1 0.644140625 0.784375 0.03671875 0.0484375
1 0.55703125 0.768359375 0.04375 0.05078125
4 0.36640625 0.81484375 0.0828125 0.075
