1 0.1674698795180723 0.36121323529411764 0.05542168674698795 0.08823529411764706
1 0.2469879518072289 0.7941176470588235 0.09558232931726908 0.10661764705882353
3 0.314859437751004 0.7541360294117647 0.05783132530120482 0.078125
2 0.3686746987951807 0.14384191176470587 0.04497991967871486 0.024816176470588234
2 0.41967871485943775 0.16268382352941177 0.05060240963855422 0.029411764705882353
1 0.5385542168674698 0.20128676470588236 0.020080321285140562 0.03125
1 0.5614457831325301 0.21553308823529413 0.027309236947791166 0.030330882352941176
2 0.7939759036144578 0.45266544117647056 0.05220883534136546 0.0744485294117647
2 0.6654618473895583 0.2261029411764706 0.021686746987951807 0.02389705882352941
2 0.6473895582329318 0.22564338235294118 0.024096385542168676 0.02297794117647059
1 0.5971887550200803 0.20542279411764705 0.013654618473895583 0.019301470588235295
1 0.61285140562249 0.20955882352941177 0.01606425702811245 0.02022058823529412
1 0.6104417670682731 0.22518382352941177 0.014457831325301205 0.02022058823529412
1 0.6269076305220883 0.23988970588235295 0.021686746987951807 0.022058823529411766
1 0.6405622489959839 0.24816176470588236 0.015261044176706828 0.022058823529411766
1 0.6526104417670683 0.23851102941176472 0.013654618473895583 0.015625
1 0.6630522088353413 0.23621323529411764 0.010441767068273093 0.016544117647058824
1 0.6730923694779116 0.23621323529411764 0.00963855421686747 0.014705882352941176
1 0.6811244979919678 0.234375 0.01285140562248996 0.016544117647058824
1 0.6751004016064257 0.27205882352941174 0.016867469879518072 0.02389705882352941
3 0.7397590361445783 0.38143382352941174 0.027309236947791166 0.03860294117647059
3 0.4843373493975904 0.18106617647058823 0.014457831325301205 0.03125
1 0.5779116465863454 0.24356617647058823 0.028112449799196786 0.034926470588235295
1 0.4746987951807229 0.21323529411764705 0.030522088353413655 0.03860294117647059
1 0.485140562248996 0.2026654411764706 0.02570281124497992 0.03768382352941176
2 0.4465863453815261 0.9260110294117647 0.21847389558232932 0.14613970588235295
2 0.2714859437751004 0.16636029411764705 0.020883534136546186 0.02389705882352941
2 0.29397590361445786 0.17738970588235295 0.035341365461847386 0.03308823529411765
2 0.28072289156626506 0.14659926470588236 0.018473895582329317 0.015625
2 0.8273092369477911 0.8727022058823529 0.0642570281124498 0.11672794117647059
2 0.2393574297188755 0.15395220588235295 0.014457831325301205 0.017463235294117647
2 0.25140562248995985 0.15762867647058823 0.01927710843373494 0.024816176470588234
2 0.21646586345381527 0.16819852941176472 0.020080321285140562 0.02389705882352941
1 0.8734939759036144 0.6571691176470589 0.03453815261044177 0.03860294117647059
1 0.3080321285140562 0.18566176470588236 0.020080321285140562 0.03125
1 0.28795180722891567 0.1870404411764706 0.018473895582329317 0.03216911764705882
