3 0.261328125 0.80859375 0.04296875 0.04375
1 0.35546875 0.328125 0.053125 0.046875
1 0.21796875 0.27890625 0.03125 0.025
1 0.186328125 0.25546875 0.02421875 0.0203125
1 0.20078125 0.24140625 0.025 0.0234375
1 0.269140625 0.184375 0.01953125 0.0234375
1 0.21640625 0.1984375 0.01875 0.01875
2 0.19921875 0.22109375 0.0359375 0.028125
1 0.17109375 0.2578125 0.0234375 0.01875
1 0.15546875 0.258203125 0.0140625 0.01484375
2 0.231640625 0.18046875 0.03046875 0.025
2 0.191015625 0.19453125 0.01953125 0.0171875
1 0.355078125 0.137109375 0.01796875 0.02890625
2 0.477734375 0.2015625 0.11796875 0.065625
2 0.533203125 0.305078125 0.12890625 0.11015625
2 0.3984375 0.101953125 0.021875 0.02265625
1 0.415625 0.094921875 0.0109375 0.01953125
2 0.423046875 0.08671875 0.01953125 0.021875
2 0.442578125 0.080078125 0.02265625 0.02109375
2 0.4109375 0.08203125 0.015625 0.0171875
2 0.392578125 0.08515625 0.01796875 0.0171875
1 0.626953125 0.155078125 0.02890625 0.03359375
3 0.656640625 0.152734375 0.02109375 0.03515625
3 0.63203125 0.107421875 0.0140625 0.02578125
2 0.855859375 0.333984375 0.07109375 0.07578125
2 0.91796875 0.402734375 0.0640625 0.07265625
1 0.650390625 0.464453125 0.07265625 0.05546875
1 0.8390625 0.4671875 0.0515625 0.0421875
1 0.84453125 0.54609375 0.0546875 0.0359375
2 0.976171875 0.57109375 0.03515625 0.0515625
1 0.780078125 0.785546875 0.03984375 0.05546875
1 0.8796875 0.6921875 0.046875 0.03125
1 0.895703125 0.659375 0.04453125 0.028125
2 0.77421875 0.85 0.0765625 0.05625
2 0.7484375 0.89453125 0.071875 0.0484375
2 0.648828125 0.891796875 0.10703125 0.06796875
