2 0.9885416666666667 0.46119791666666665 0.017708333333333333 0.030729166666666665
2 0.98515625 0.4864583333333333 0.018229166666666668 0.019791666666666666
2 0.9760416666666667 0.47317708333333336 0.017708333333333333 0.030729166666666665
2 0.8877604166666667 0.228125 0.0234375 0.01875
2 0.04973958333333333 0.23671875 0.0171875 0.019270833333333334
1 0.07552083333333333 0.3177083333333333 0.029166666666666667 0.020833333333333332
2 0.8385416666666666 0.4947916666666667 0.06458333333333334 0.0875
2 0.48932291666666666 0.04765625 0.049479166666666664 0.04114583333333333
2 0.9708333333333333 0.5377604166666666 0.015625 0.03177083333333333
1 0.035416666666666666 0.275 0.0125 0.009375
3 0.0328125 0.3216145833333333 0.017708333333333333 0.011979166666666667
1 0.5588541666666667 0.18020833333333333 0.03854166666666667 0.06354166666666666
1 0.3033854166666667 0.08645833333333333 0.025520833333333333 0.03333333333333333
1 0.23880208333333333 0.12395833333333334 0.0265625 0.03229166666666667
2 0.5768229166666666 0.07109375 0.05364583333333333 0.06510416666666667
4 0.95625 0.5822916666666667 0.04479166666666667 0.04791666666666667
2 0.9684895833333333 0.6127604166666667 0.015104166666666667 0.015104166666666667
2 0.971875 0.6294270833333333 0.0125 0.016145833333333335
