2 0.8046875 0.12683823529411764 0.04583333333333333 0.08088235294117647
1 0.11145833333333334 0.8924632352941176 0.03854166666666667 0.10661764705882353
1 0.026041666666666668 0.8409926470588235 0.026041666666666668 0.07536764705882353
1 0.05 0.8465073529411765 0.030208333333333334 0.09558823529411764
1 0.8265625 0.16773897058823528 0.014583333333333334 0.02665441176470588
1 0.7260416666666667 0.11029411764705882 0.03125 0.04963235294117647
1 0.6197916666666666 0.03814338235294118 0.034375 0.05422794117647059
1 0.81875 0.18290441176470587 0.01875 0.03676470588235294
1 0.89765625 0.2835477941176471 0.013020833333333334 0.024816176470588234
1 0.040625 0.47150735294117646 0.023958333333333335 0.03860294117647059
1 0.016666666666666666 0.6369485294117647 0.026041666666666668 0.03676470588235294
0 0.06692708333333333 0.3166360294117647 0.10052083333333334 0.22518382352941177
2 0.2078125 0.2568933823529412 0.12083333333333333 0.17555147058823528
3 0.32916666666666666 0.05422794117647059 0.017708333333333333 0.06066176470588235
