1 0.14819277108433734 0.35110294117647056 0.024899598393574297 0.02022058823529412
1 0.14538152610441768 0.36213235294117646 0.027309236947791166 0.022058823529411766
1 0.13694779116465863 0.3786764705882353 0.023293172690763052 0.022058823529411766
1 0.13092369477911647 0.39200367647058826 0.020883534136546186 0.02297794117647059
1 0.12610441767068273 0.40579044117647056 0.027309236947791166 0.021139705882352942
1 0.12088353413654618 0.4273897058823529 0.028112449799196786 0.025735294117647058
1 0.11244979919678715 0.4462316176470588 0.027309236947791166 0.02849264705882353
1 0.10281124497991968 0.4724264705882353 0.02891566265060241 0.029411764705882353
1 0.09558232931726908 0.5027573529411765 0.027309236947791166 0.03125
1 0.08714859437751005 0.7302389705882353 0.028112449799196786 0.03400735294117647
1 0.09036144578313253 0.7550551470588235 0.02650602409638554 0.02665441176470588
1 0.10321285140562249 0.8138786764705882 0.028112449799196786 0.02297794117647059
2 0.5710843373493976 0.08318014705882353 0.02248995983935743 0.019301470588235295
2 0.6124497991967871 0.10431985294117647 0.03453815261044177 0.02297794117647059
2 0.3522088353413655 0.11213235294117647 0.021686746987951807 0.014705882352941176
0 0.38795180722891565 0.0978860294117647 0.04497991967871486 0.04136029411764706
2 0.3068273092369478 0.4030330882352941 0.11566265060240964 0.24724264705882354
2 0.43052208835341366 0.09375 0.024096385542168676 0.02022058823529412
2 0.4610441767068273 0.09604779411764706 0.027309236947791166 0.021139705882352942
2 0.41365461847389556 0.10661764705882353 0.024096385542168676 0.01838235294117647
3 0.4779116465863454 0.11121323529411764 0.020883534136546186 0.022058823529411766
3 0.38755020080321284 0.1332720588235294 0.021686746987951807 0.027573529411764705
3 0.3449799196787149 0.140625 0.015261044176706828 0.022058823529411766
3 0.3036144578313253 0.16498161764705882 0.014457831325301205 0.024816176470588234
3 0.2325301204819277 0.19347426470588236 0.013654618473895583 0.021139705882352942
2 0.5337349397590362 0.08272058823529412 0.020080321285140562 0.016544117647058824
2 0.7823293172690763 0.2803308823529412 0.10923694779116466 0.0900735294117647
0 0.7321285140562249 0.19071691176470587 0.22409638554216868 0.171875
2 0.7104417670682731 0.9048713235294118 0.11325301204819277 0.18841911764705882
1 0.5526104417670683 0.08639705882352941 0.014457831325301205 0.016544117647058824
1 0.951004016064257 0.5234375 0.01606425702811245 0.02665441176470588
1 0.7132530120481928 0.3869485294117647 0.07389558232931727 0.08272058823529412
1 0.4650602409638554 0.22794117647058823 0.05943775100401606 0.05514705882352941
1 0.3682730923694779 0.23805147058823528 0.0570281124497992 0.058823529411764705
1 0.10722891566265061 0.7683823529411765 0.05060240963855422 0.06066176470588235
1 0.8506024096385543 0.3092830882352941 0.027309236947791166 0.035845588235294115
3 0.24176706827309236 0.3874080882352941 0.027309236947791166 0.04871323529411765
3 0.27309236947791166 0.30422794117647056 0.030522088353413655 0.04779411764705882
3 0.7104417670682731 0.47794117647058826 0.0570281124497992 0.07904411764705882
3 0.948995983935743 0.5914522058823529 0.024899598393574297 0.02665441176470588
3 0.09759036144578313 0.5165441176470589 0.03453815261044177 0.029411764705882353
2 0.3325301204819277 0.13097426470588236 0.036947791164658635 0.03216911764705882
3 0.9461847389558233 0.5638786764705882 0.024096385542168676 0.024816176470588234
3 0.25943775100401606 0.17555147058823528 0.011244979919678716 0.022058823529411766
1 0.7690763052208835 0.9292279411764706 0.04738955823293173 0.08455882352941177
