2 0.29878048780487804 0.18060661764705882 0.043089430894308944 0.03952205882352941
2 0.39715447154471545 0.1645220588235294 0.046341463414634146 0.04044117647058824
1 0.46463414634146344 0.17876838235294118 0.03333333333333333 0.03768382352941176
2 0.45365853658536587 0.24724264705882354 0.15934959349593497 0.07720588235294118
1 0.35121951219512193 0.19715073529411764 0.03902439024390244 0.04136029411764706
1 0.42886178861788615 0.20634191176470587 0.03983739837398374 0.035845588235294115
1 0.4719512195121951 0.19852941176470587 0.041463414634146344 0.03125
1 0.7780487804878049 0.2734375 0.013008130081300813 0.017463235294117647
1 0.7239837398373984 0.25735294117647056 0.02195121951219512 0.03125
1 0.6682926829268293 0.2417279411764706 0.024390243902439025 0.03308823529411765
2 0.8056910569105691 0.30193014705882354 0.02926829268292683 0.035845588235294115
2 0.6906504065040651 0.27205882352941174 0.06422764227642276 0.051470588235294115
1 0.8723577235772357 0.6222426470588235 0.04552845528455285 0.05514705882352941
1 0.8467479674796748 0.7100183823529411 0.04796747967479675 0.050551470588235295
1 0.21016260162601627 0.21875 0.015447154471544716 0.03676470588235294
