2 0.3975609756097561 0.16498161764705882 0.03577235772357724 0.03400735294117647
2 0.3008130081300813 0.1796875 0.03577235772357724 0.030330882352941176
1 0.34146341463414637 0.18841911764705882 0.01951219512195122 0.042279411764705885
1 0.30609756097560975 0.19301470588235295 0.02032520325203252 0.034926470588235295
4 0.8406504065040651 0.4053308823529412 0.08292682926829269 0.11397058823529412
2 0.47804878048780486 0.16130514705882354 0.04065040650406504 0.03952205882352941
3 0.13170731707317074 0.7233455882352942 0.06504065040650407 0.04411764705882353
3 0.14227642276422764 0.7748161764705882 0.07642276422764227 0.06433823529411764
2 0.8727642276422765 0.36856617647058826 0.015447154471544716 0.02389705882352941
2 0.8353658536585366 0.29871323529411764 0.015447154471544716 0.01838235294117647
2 0.8178861788617886 0.3005514705882353 0.022764227642276424 0.022058823529411766
2 0.8065040650406504 0.33088235294117646 0.03739837398373984 0.03860294117647059
2 0.7634146341463415 0.2693014705882353 0.03414634146341464 0.029411764705882353
2 0.2991869918699187 0.25505514705882354 0.15609756097560976 0.10202205882352941
2 0.6861788617886179 0.31295955882352944 0.07804878048780488 0.07261029411764706
1 0.7483739837398374 0.8428308823529411 0.06422764227642276 0.08455882352941177
1 0.8731707317073171 0.6245404411764706 0.04878048780487805 0.07261029411764706
1 0.20284552845528456 0.2182904411764706 0.03333333333333333 0.046875
1 0.2410569105691057 0.20680147058823528 0.02032520325203252 0.04044117647058824
