1 0.5562248995983936 0.2104779411764706 0.023293172690763052 0.027573529411764705
1 0.5734939759036145 0.22748161764705882 0.014457831325301205 0.02297794117647059
1 0.5895582329317269 0.22518382352941177 0.017670682730923693 0.025735294117647058
1 0.6056224899598394 0.21966911764705882 0.014457831325301205 0.022058823529411766
1 0.16305220883534136 0.359375 0.06907630522088354 0.0900735294117647
1 0.2469879518072289 0.7964154411764706 0.10040160642570281 0.12040441176470588
3 0.3369477911646586 0.7927389705882353 0.061847389558232935 0.07077205882352941
2 0.4791164658634538 0.21783088235294118 0.09879518072289156 0.058823529411764705
2 0.314859437751004 0.1792279411764706 0.04979919678714859 0.03676470588235294
2 0.3690763052208835 0.14246323529411764 0.04417670682730924 0.025735294117647058
2 0.42048192771084336 0.16314338235294118 0.05220883534136546 0.02849264705882353
2 0.7931726907630522 0.453125 0.05220883534136546 0.07536764705882353
2 0.655421686746988 0.2265625 0.01927710843373494 0.019301470588235295
2 0.6702811244979919 0.22564338235294118 0.015261044176706828 0.019301470588235295
1 0.6220883534136546 0.22426470588235295 0.013654618473895583 0.02022058823529412
1 0.6216867469879518 0.23345588235294118 0.01606425702811245 0.02022058823529412
1 0.6393574297188755 0.23299632352941177 0.01285140562248996 0.024816176470588234
1 0.6847389558232931 0.23621323529411764 0.008835341365461847 0.012867647058823529
1 0.6775100401606425 0.23667279411764705 0.010441767068273093 0.015625
1 0.6662650602409639 0.23805147058823528 0.010441767068273093 0.014705882352941176
1 0.6522088353413654 0.2421875 0.011244979919678716 0.015625
1 0.6835341365461848 0.2536764705882353 0.014457831325301205 0.022058823529411766
2 0.7012048192771084 0.24770220588235295 0.017670682730923693 0.021139705882352942
2 0.6301204819277109 0.25735294117647056 0.0570281124497992 0.04595588235294118
2 0.25542168674698795 0.1645220588235294 0.027309236947791166 0.025735294117647058
2 0.2746987951807229 0.17417279411764705 0.0321285140562249 0.02849264705882353
1 0.8092369477911646 0.5395220588235294 0.04257028112449799 0.04595588235294118
1 0.8156626506024096 0.5988051470588235 0.05060240963855422 0.057904411764705885
3 0.6875502008032128 0.2803308823529412 0.01606425702811245 0.02389705882352941
3 0.7373493975903614 0.38924632352941174 0.02248995983935743 0.03952205882352941
3 0.708433734939759 0.31755514705882354 0.02248995983935743 0.03216911764705882
1 0.6995983935742972 0.33409926470588236 0.020883534136546186 0.03216911764705882
2 0.8710843373493976 0.7486213235294118 0.0570281124497992 0.1056985294117647
