1 0.5566265060240964 0.20726102941176472 0.024096385542168676 0.02849264705882353
1 0.5738955823293173 0.22794117647058823 0.015261044176706828 0.02389705882352941
1 0.5891566265060241 0.22380514705882354 0.016867469879518072 0.024816176470588234
1 0.6060240963855422 0.22012867647058823 0.015261044176706828 0.02297794117647059
1 0.5277108433734939 0.2104779411764706 0.02891566265060241 0.03125
1 0.163855421686747 0.35891544117647056 0.06746987951807229 0.08915441176470588
1 0.2469879518072289 0.7982536764705882 0.10040160642570281 0.12040441176470588
3 0.3401606425702811 0.8046875 0.06345381526104418 0.07261029411764706
2 0.23815261044176708 0.15533088235294118 0.015261044176706828 0.01838235294117647
2 0.25261044176706826 0.15946691176470587 0.023293172690763052 0.02297794117647059
2 0.26827309236947794 0.16773897058823528 0.0321285140562249 0.02665441176470588
2 0.30200803212851407 0.18612132352941177 0.04176706827309237 0.035845588235294115
1 0.27991967871485945 0.17463235294117646 0.013654618473895583 0.02389705882352941
1 0.3152610441767068 0.20909926470588236 0.03614457831325301 0.04871323529411765
1 0.3309236947791165 0.20174632352941177 0.02570281124497992 0.03768382352941176
1 0.3522088353413655 0.21599264705882354 0.028112449799196786 0.042279411764705885
1 0.3714859437751004 0.23161764705882354 0.03293172690763052 0.04779411764705882
1 0.3899598393574297 0.24816176470588236 0.05060240963855422 0.05698529411764706
1 0.3216867469879518 0.18887867647058823 0.018473895582329317 0.024816176470588234
2 0.3690763052208835 0.14200367647058823 0.04417670682730924 0.024816176470588234
2 0.42088353413654617 0.16268382352941177 0.05301204819277108 0.027573529411764705
2 0.7943775100401607 0.4540441176470588 0.05301204819277108 0.07352941176470588
2 0.6542168674698795 0.2270220588235294 0.018473895582329317 0.01838235294117647
2 0.6698795180722892 0.22518382352941177 0.01606425702811245 0.02022058823529412
1 0.623293172690763 0.23897058823529413 0.017670682730923693 0.022058823529411766
1 0.6381526104417671 0.23621323529411764 0.013654618473895583 0.025735294117647058
1 0.7108433734939759 0.421875 0.046586345381526104 0.0625
1 0.6867469879518072 0.23621323529411764 0.011244979919678716 0.016544117647058824
1 0.6742971887550201 0.23851102941176472 0.012048192771084338 0.013786764705882353
1 0.668273092369478 0.23988970588235295 0.00963855421686747 0.016544117647058824
1 0.6522088353413654 0.2417279411764706 0.01285140562248996 0.01838235294117647
2 0.5056224899598394 0.2702205882352941 0.10361445783132531 0.09191176470588236
2 0.3253012048192771 0.28079044117647056 0.10441767068273092 0.10753676470588236
2 0.2385542168674699 0.18428308823529413 0.030522088353413655 0.035845588235294115
2 0.8413654618473896 0.6897977941176471 0.07309236947791165 0.12591911764705882
1 0.6995983935742972 0.33409926470588236 0.020883534136546186 0.03216911764705882
