2 0.8044270833333333 0.12729779411764705 0.0453125 0.07996323529411764
1 0.1109375 0.8920036764705882 0.03854166666666667 0.10753676470588236
1 0.025520833333333333 0.8409926470588235 0.026041666666666668 0.07536764705882353
1 0.049479166666666664 0.8460477941176471 0.03125 0.09650735294117647
2 0.0765625 0.2679227941176471 0.03125 0.06709558823529412
3 0.009895833333333333 0.7297794117647058 0.01875 0.025735294117647058
3 0.009375 0.7472426470588235 0.017708333333333333 0.025735294117647058
1 0.8265625 0.16819852941176472 0.014583333333333334 0.027573529411764705
1 0.5283854166666667 0.1567095588235294 0.05260416666666667 0.1056985294117647
1 0.08932291666666667 0.5900735294117647 0.050520833333333334 0.058823529411764705
1 0.04114583333333333 0.3897058823529412 0.017708333333333333 0.034926470588235295
1 0.4388020833333333 0.7169117647058824 0.12864583333333332 0.10477941176470588
2 0.8994791666666667 0.3400735294117647 0.025 0.05698529411764706
3 0.31328125 0.05698529411764706 0.0203125 0.0625
1 0.0067708333333333336 0.5496323529411765 0.0125 0.027573529411764705
1 0.87109375 0.2265625 0.0109375 0.02297794117647059
2 0.039322916666666666 0.3166360294117647 0.0140625 0.024816176470588234
1 0.80390625 0.9287683823529411 0.08177083333333333 0.14246323529411764
