2 0.80390625 0.1254595588235294 0.04739583333333333 0.0818014705882353
1 0.11145833333333334 0.8915441176470589 0.0375 0.10477941176470588
1 0.02578125 0.8400735294117647 0.024479166666666666 0.07352941176470588
1 0.051041666666666666 0.8469669117647058 0.026041666666666668 0.09283088235294118
2 0.07682291666666667 0.26838235294117646 0.030729166666666665 0.06801470588235294
3 0.26979166666666665 0.8102022058823529 0.08333333333333333 0.078125
1 0.8421875 0.18612132352941177 0.014583333333333334 0.030330882352941176
1 0.8263020833333333 0.16773897058823528 0.0140625 0.02665441176470588
1 0.75078125 0.4572610294117647 0.06510416666666667 0.14430147058823528
1 0.6736979166666667 0.06847426470588236 0.0296875 0.06341911764705882
1 0.0234375 0.7251838235294118 0.028125 0.04779411764705882
4 0.010677083333333334 0.5735294117647058 0.0203125 0.08088235294117647
3 0.3255208333333333 0.05330882352941176 0.017708333333333333 0.05514705882352941
2 0.00625 0.6580882352941176 0.011458333333333333 0.06066176470588235
