1 0.871889400921659 0.5574448529411765 0.053456221198156684 0.04503676470588235
1 0.8506912442396314 0.5647977941176471 0.060829493087557605 0.03952205882352941
1 0.8345622119815668 0.5905330882352942 0.05622119815668203 0.057904411764705885
1 0.8728110599078341 0.6277573529411765 0.0663594470046083 0.03860294117647059
1 0.3912442396313364 0.15395220588235295 0.026728110599078342 0.03216911764705882
3 0.40046082949308753 0.14476102941176472 0.010138248847926268 0.030330882352941176
3 0.9230414746543779 0.6521139705882353 0.03225806451612903 0.017463235294117647
2 0.5834101382488479 0.11121323529411764 0.023963133640552997 0.027573529411764705
2 0.5364055299539171 0.10707720588235294 0.022119815668202765 0.02849264705882353
1 0.5170506912442396 0.1130514705882353 0.012903225806451613 0.029411764705882353
1 0.6585253456221198 0.17003676470588236 0.03778801843317972 0.03125
1 0.11981566820276497 0.3180147058823529 0.016589861751152075 0.022058823529411766
