3 0.3512096774193548 0.8809742647058824 0.06693548387096775 0.06709558823529412
1 0.4875 0.1879595588235294 0.021774193548387097 0.02665441176470588
2 0.482258064516129 0.28400735294117646 0.1403225806451613 0.08639705882352941
1 0.25766129032258067 0.19852941176470587 0.05241935483870968 0.04779411764705882
3 0.769758064516129 0.7987132352941176 0.04435483870967742 0.025735294117647058
2 0.7899193548387097 0.48713235294117646 0.020161290322580645 0.029411764705882353
2 0.8108870967741936 0.6640625 0.02661290322580645 0.043198529411764705
2 0.7512096774193548 0.45496323529411764 0.03951612903225806 0.04963235294117647
2 0.7169354838709677 0.4852941176470588 0.06129032258064516 0.06985294117647059
2 0.7983870967741935 0.5298713235294118 0.025806451612903226 0.035845588235294115
1 0.8306451612903226 0.6125919117647058 0.016129032258064516 0.013786764705882353
1 0.7653225806451613 0.9117647058823529 0.037096774193548385 0.03676470588235294
1 0.75 0.9255514705882353 0.04516129032258064 0.03676470588235294
