2 0.8869791666666667 0.22838541666666667 0.019791666666666666 0.0171875
2 0.9770833333333333 0.4744791666666667 0.019791666666666666 0.030208333333333334
2 0.8223958333333333 0.09192708333333334 0.019791666666666666 0.021354166666666667
1 0.9794270833333333 0.590625 0.015104166666666667 0.011458333333333333
1 0.9734375 0.5458333333333333 0.017708333333333333 0.0125
1 0.92421875 0.37604166666666666 0.0328125 0.030208333333333334
0 0.8908854166666667 0.590625 0.13489583333333333 0.096875
0 0.05703125 0.2515625 0.059895833333333336 0.04791666666666667
1 0.11432291666666666 0.24166666666666667 0.027604166666666666 0.020833333333333332
1 0.31666666666666665 0.12786458333333334 0.036458333333333336 0.04010416666666667
1 0.31953125 0.17161458333333332 0.04739583333333333 0.0484375
1 0.24739583333333334 0.21276041666666667 0.04791666666666667 0.03697916666666667
1 0.21484375 0.20703125 0.03802083333333333 0.034895833333333334
1 0.19713541666666667 0.2046875 0.03697916666666667 0.035416666666666666
1 0.17916666666666667 0.20911458333333333 0.030208333333333334 0.030729166666666665
1 0.47630208333333335 0.010416666666666666 0.015104166666666667 0.019791666666666666
2 0.09895833333333333 0.19609375 0.027083333333333334 0.028645833333333332
2 0.9635416666666666 0.6307291666666667 0.021875 0.023958333333333335
2 0.040625 0.27317708333333335 0.014583333333333334 0.015104166666666667
4 0.609375 0.017447916666666667 0.036458333333333336 0.0328125
2 0.459375 0.20494791666666667 0.15625 0.0796875
2 0.11588541666666667 0.23046875 0.0421875 0.03802083333333333
3 0.8604166666666667 0.16015625 0.014583333333333334 0.015104166666666667
2 0.6 0.009635416666666667 0.029166666666666667 0.018229166666666668
