2 0.9880208333333333 0.4609375 0.017708333333333333 0.03125
2 0.984375 0.4859375 0.01875 0.020833333333333332
2 0.9763020833333333 0.47317708333333336 0.018229166666666668 0.028645833333333332
2 0.8877604166666667 0.22838541666666667 0.0203125 0.018229166666666668
3 0.8700520833333333 0.23151041666666666 0.0171875 0.0171875
1 0.1140625 0.23020833333333332 0.028125 0.019791666666666666
1 0.04348958333333333 0.3216145833333333 0.019270833333333334 0.011979166666666667
4 0.8151041666666666 0.07447916666666667 0.021875 0.025
2 0.9604166666666667 0.6104166666666667 0.017708333333333333 0.021875
2 0.9455729166666667 0.59375 0.022395833333333334 0.029166666666666667
2 0.9776041666666667 0.5533854166666666 0.014583333333333334 0.024479166666666666
2 0.9692708333333333 0.6307291666666667 0.017708333333333333 0.017708333333333333
1 0.6078125 0.13385416666666666 0.041666666666666664 0.05416666666666667
1 0.40390625 0.0796875 0.021354166666666667 0.04375
1 0.42734375 0.023958333333333335 0.0203125 0.029166666666666667
1 0.48385416666666664 0.013541666666666667 0.016666666666666666 0.026041666666666668
2 0.5645833333333333 0.0703125 0.03958333333333333 0.0625
4 0.5588541666666667 0.015104166666666667 0.03854166666666667 0.029166666666666667
4 0.5114583333333333 0.03697916666666667 0.042708333333333334 0.051041666666666666
2 0.6013020833333333 0.01015625 0.03177083333333333 0.019270833333333334
