2 0.47314814814814815 0.07123161764705882 0.07592592592592592 0.057904411764705885
1 0.8111111111111111 0.11764705882352941 0.022222222222222223 0.022058823529411766
2 0.2111111111111111 0.2945772058823529 0.1111111111111111 0.13511029411764705
1 0.5337962962962963 0.7987132352941176 0.04351851851851852 0.08455882352941177
1 0.5912037037037037 0.8042279411764706 0.04722222222222222 0.07169117647058823
0 0.06574074074074074 0.5978860294117647 0.11481481481481481 0.16819852941176472
2 0.15833333333333333 0.11580882352941177 0.014814814814814815 0.01838235294117647
2 0.13148148148148148 0.1401654411764706 0.012962962962962963 0.017463235294117647
2 0.21388888888888888 0.08042279411764706 0.016666666666666666 0.019301470588235295
2 0.19722222222222222 0.17509191176470587 0.046296296296296294 0.043198529411764705
0 0.09351851851851851 0.1870404411764706 0.03333333333333333 0.04871323529411765
2 0.11805555555555555 0.1875 0.025 0.03308823529411765
2 0.07083333333333333 0.2555147058823529 0.023148148148148147 0.027573529411764705
1 0.06620370370370371 0.28125 0.023148148148148147 0.02389705882352941
1 0.05740740740740741 0.29503676470588236 0.018518518518518517 0.01838235294117647
1 0.05277777777777778 0.3010110294117647 0.020370370370370372 0.017463235294117647
1 0.050462962962962966 0.3125 0.025 0.02022058823529412
2 0.06388888888888888 0.6792279411764706 0.027777777777777776 0.027573529411764705
2 0.03518518518518519 0.7192095588235294 0.016666666666666666 0.017463235294117647
1 0.07361111111111111 0.7550551470588235 0.017592592592592594 0.013786764705882353
2 0.5402777777777777 0.953125 0.058333333333333334 0.03676470588235294
