3 0.5935483870967742 0.8405330882352942 0.08709677419354839 0.03768382352941176
1 0.14596774193548387 0.37316176470588236 0.08225806451612903 0.09558823529411764
1 0.16653225806451613 0.43244485294117646 0.08629032258064516 0.078125
1 0.08669354838709678 0.5197610294117647 0.05887096774193548 0.08731617647058823
1 0.13870967741935483 0.6953125 0.10967741935483871 0.09466911764705882
1 0.07258064516129033 0.4618566176470588 0.05161290322580645 0.07628676470588236
2 0.7471774193548387 0.4563419117647059 0.03306451612903226 0.04871323529411765
1 0.5201612903225806 0.20404411764705882 0.02258064516129032 0.025735294117647058
2 0.5411290322580645 0.24448529411764705 0.05161290322580645 0.058823529411764705
1 0.6254032258064516 0.3161764705882353 0.029838709677419355 0.03860294117647059
3 0.6366935483870968 0.9315257352941176 0.08629032258064516 0.02665441176470588
3 0.6342741935483871 0.9558823529411765 0.05725806451612903 0.02389705882352941
1 0.7677419354838709 0.49264705882352944 0.01935483870967742 0.02022058823529412
0 0.8040322580645162 0.5229779411764706 0.056451612903225805 0.07352941176470588
