3 0.37943548387096776 0.19071691176470587 0.025 0.04136029411764706
3 0.4334677419354839 0.2035845588235294 0.02338709677419355 0.03216911764705882
1 0.7564516129032258 0.7973345588235294 0.0532258064516129 0.06525735294117647
1 0.7201612903225807 0.40487132352941174 0.017741935483870968 0.024816176470588234
1 0.7737903225806452 0.8782169117647058 0.03951612903225806 0.04871323529411765
1 0.7649193548387097 0.9122242647058824 0.04758064516129032 0.05422794117647059
1 0.7592741935483871 0.9214154411764706 0.03790322580645161 0.04503676470588235
1 0.7370967741935484 0.9329044117647058 0.04838709677419355 0.0625
4 0.8189516129032258 0.6608455882352942 0.03467741935483871 0.042279411764705885
2 0.7899193548387097 0.4875919117647059 0.02338709677419355 0.02849264705882353
1 0.4935483870967742 0.1948529411764706 0.01935483870967742 0.022058823529411766
1 0.5125 0.1957720588235294 0.01532258064516129 0.027573529411764705
2 0.8116935483870967 0.5868566176470589 0.02661290322580645 0.03400735294117647
