3 0.6463414634146342 0.546875 0.04552845528455285 0.0900735294117647
3 0.052845528455284556 0.5822610294117647 0.016260162601626018 0.02665441176470588
3 0.05203252032520325 0.5965073529411765 0.014634146341463415 0.025735294117647058
3 0.598780487804878 0.16130514705882354 0.01056910569105691 0.02297794117647059
1 0.615040650406504 0.17095588235294118 0.02032520325203252 0.025735294117647058
1 0.8670731707317073 0.2555147058823529 0.00894308943089431 0.014705882352941176
2 0.14390243902439023 0.3170955882352941 0.024390243902439025 0.029411764705882353
2 0.18495934959349594 0.30652573529411764 0.038211382113821135 0.043198529411764705
2 0.08577235772357723 0.40900735294117646 0.02195121951219512 0.027573529411764705
1 0.05040650406504065 0.5004595588235294 0.013008130081300813 0.019301470588235295
2 0.07804878048780488 0.7408088235294118 0.04065040650406504 0.11764705882352941
1 0.0886178861788618 0.42325367647058826 0.013008130081300813 0.019301470588235295
1 0.08008130081300813 0.4352022058823529 0.013821138211382113 0.021139705882352942
1 0.07317073170731707 0.4485294117647059 0.013008130081300813 0.022058823529411766
