2 0.8049479166666667 0.12821691176470587 0.044270833333333336 0.07996323529411764
1 0.8604166666666667 0.5303308823529411 0.041666666666666664 0.07169117647058823
1 0.11119791666666666 0.8924632352941176 0.0390625 0.10845588235294118
1 0.026041666666666668 0.8414522058823529 0.027083333333333334 0.07628676470588236
1 0.04895833333333333 0.8460477941176471 0.03333333333333333 0.09834558823529412
2 0.07630208333333334 0.2679227941176471 0.03177083333333333 0.06709558823529412
3 0.13854166666666667 0.7550551470588235 0.06770833333333333 0.06525735294117647
3 0.13854166666666667 0.8092830882352942 0.06666666666666667 0.06341911764705882
1 0.8268229166666666 0.16819852941176472 0.015104166666666667 0.027573529411764705
1 0.86640625 0.24080882352941177 0.016145833333333335 0.03308823529411765
1 0.8815104166666666 0.24908088235294118 0.013020833333333334 0.025735294117647058
1 0.7739583333333333 0.12867647058823528 0.021875 0.04044117647058824
1 0.6075520833333333 0.06433823529411764 0.0421875 0.0661764705882353
1 0.04765625 0.39200367647058826 0.019270833333333334 0.03216911764705882
1 0.09765625 0.29181985294117646 0.021354166666666667 0.04136029411764706
1 0.03125 0.4287683823529412 0.013541666666666667 0.03400735294117647
1 0.010677083333333334 0.4806985294117647 0.013020833333333334 0.027573529411764705
2 0.09192708333333334 0.4963235294117647 0.08489583333333334 0.15441176470588236
2 0.009635416666666667 0.5234375 0.019270833333333334 0.05974264705882353
2 0.046875 0.44347426470588236 0.03333333333333333 0.0818014705882353
3 0.41848958333333336 0.021599264705882353 0.016145833333333335 0.043198529411764705
1 0.84765625 0.19255514705882354 0.016145833333333335 0.02849264705882353
