1 0.22642276422764226 0.9480698529411765 0.05121951219512195 0.07077205882352941
1 0.17845528455284554 0.9149816176470589 0.044715447154471545 0.050551470588235295
1 0.17073170731707318 0.8690257352941176 0.05365853658536585 0.05238970588235294
2 0.8276422764227642 0.33731617647058826 0.08455284552845528 0.07904411764705882
2 0.48252032520325205 0.6599264705882353 0.2186991869918699 0.36764705882352944
1 0.48089430894308943 0.16865808823529413 0.02032520325203252 0.024816176470588234
1 0.5073170731707317 0.16819852941176472 0.01951219512195122 0.02022058823529412
1 0.5373983739837398 0.16268382352941177 0.01788617886178862 0.01838235294117647
1 0.5613821138211382 0.16314338235294118 0.02032520325203252 0.021139705882352942
1 0.5861788617886179 0.16176470588235295 0.016260162601626018 0.01838235294117647
1 0.6044715447154472 0.16498161764705882 0.02195121951219512 0.021139705882352942
2 0.09634146341463415 0.7012867647058824 0.052845528455284556 0.18198529411764705
2 0.32439024390243903 0.2927389705882353 0.12845528455284552 0.1130514705882353
2 0.5841463414634146 0.20174632352941177 0.1 0.04503676470588235
1 0.4138211382113821 0.18612132352941177 0.026016260162601626 0.030330882352941176
2 0.7939024390243903 0.24126838235294118 0.05121951219512195 0.04136029411764706
2 0.7483739837398374 0.2035845588235294 0.043089430894308944 0.02849264705882353
0 0.17642276422764228 0.2890625 0.056910569105691054 0.06341911764705882
2 0.06544715447154471 0.44715073529411764 0.02032520325203252 0.024816176470588234
2 0.08617886178861789 0.40900735294117646 0.026016260162601626 0.03308823529411765
3 0.05813008130081301 0.5202205882352942 0.012195121951219513 0.025735294117647058
