1 0.14779116465863454 0.35110294117647056 0.024096385542168676 0.02022058823529412
1 0.14538152610441768 0.3630514705882353 0.02570281124497992 0.02389705882352941
1 0.13815261044176708 0.3786764705882353 0.02248995983935743 0.022058823529411766
1 0.13012048192771083 0.39108455882352944 0.02248995983935743 0.021139705882352942
1 0.12650602409638553 0.40579044117647056 0.028112449799196786 0.021139705882352942
1 0.12289156626506025 0.42922794117647056 0.02891566265060241 0.025735294117647058
1 0.11124497991967872 0.4443933823529412 0.028112449799196786 0.02849264705882353
1 0.10361445783132531 0.4719669117647059 0.02891566265060241 0.02849264705882353
1 0.09558232931726908 0.5022977941176471 0.02570281124497992 0.030330882352941176
1 0.08674698795180723 0.7311580882352942 0.02891566265060241 0.03952205882352941
1 0.09036144578313253 0.7550551470588235 0.024899598393574297 0.02849264705882353
1 0.7208835341365462 0.17555147058823528 0.023293172690763052 0.022058823529411766
1 0.7413654618473896 0.1948529411764706 0.030522088353413655 0.034926470588235295
1 0.7602409638554217 0.21277573529411764 0.03132530120481928 0.035845588235294115
1 0.7775100401606426 0.2339154411764706 0.0321285140562249 0.035845588235294115
1 0.7923694779116466 0.2541360294117647 0.02971887550200803 0.035845588235294115
1 0.8068273092369478 0.27527573529411764 0.03614457831325301 0.03768382352941176
1 0.8297188755020081 0.30514705882352944 0.0321285140562249 0.029411764705882353
1 0.8433734939759037 0.3304227941176471 0.036947791164658635 0.046875
1 0.10200803212851406 0.8138786764705882 0.02891566265060241 0.021139705882352942
2 0.8987951807228916 0.3469669117647059 0.04176706827309237 0.057904411764705885
2 0.9377510040160643 0.4241727941176471 0.02971887550200803 0.050551470588235295
2 0.5718875502008032 0.08272058823529412 0.017670682730923693 0.014705882352941176
3 0.6847389558232931 0.13878676470588236 0.012048192771084338 0.02389705882352941
2 0.3522088353413655 0.11259191176470588 0.021686746987951807 0.017463235294117647
1 0.14899598393574298 0.28308823529411764 0.023293172690763052 0.025735294117647058
1 0.20120481927710843 0.2624080882352941 0.02971887550200803 0.02849264705882353
1 0.18795180722891566 0.3005514705882353 0.033734939759036145 0.03308823529411765
1 0.2823293172690763 0.17647058823529413 0.016867469879518072 0.03125
2 0.40803212851405624 0.10431985294117647 0.027309236947791166 0.02297794117647059
2 0.4578313253012048 0.09926470588235294 0.0321285140562249 0.027573529411764705
3 0.08032128514056225 0.5818014705882353 0.043373493975903614 0.03676470588235294
3 0.0714859437751004 0.5326286764705882 0.033734939759036145 0.03400735294117647
1 0.9008032128514056 0.37454044117647056 0.02650602409638554 0.03216911764705882
1 0.8863453815261044 0.34099264705882354 0.02650602409638554 0.034926470588235295
1 0.8489959839357429 0.2867647058823529 0.02891566265060241 0.03125
1 0.8176706827309237 0.25045955882352944 0.02248995983935743 0.02849264705882353
2 0.45823293172690766 0.07766544117647059 0.021686746987951807 0.019301470588235295
2 0.3718875502008032 0.09972426470588236 0.024096385542168676 0.02297794117647059
2 0.9618473895582329 0.5620404411764706 0.018473895582329317 0.03768382352941176
