2 0.29878048780487804 0.17601102941176472 0.036585365853658534 0.03952205882352941
1 0.8695121951219512 0.6158088235294118 0.036585365853658534 0.04595588235294118
1 0.8613821138211382 0.6649816176470589 0.046341463414634146 0.050551470588235295
1 0.8455284552845529 0.7022058823529411 0.04715447154471545 0.05514705882352941
2 0.3959349593495935 0.16544117647058823 0.04390243902439024 0.04044117647058824
1 0.49552845528455286 0.18566176470588236 0.028455284552845527 0.03308823529411765
2 0.33699186991869917 0.3469669117647059 0.21544715447154472 0.12040441176470588
1 0.25894308943089434 0.2339154411764706 0.05121951219512195 0.050551470588235295
1 0.33455284552845527 0.21001838235294118 0.04959349593495935 0.04871323529411765
2 0.28739837398373985 0.27068014705882354 0.13577235772357724 0.09099264705882353
1 0.13211382113821138 0.5514705882352942 0.091869918699187 0.07904411764705882
1 0.8060975609756098 0.34558823529411764 0.02032520325203252 0.03125
1 0.7471544715447155 0.2624080882352941 0.01788617886178862 0.021139705882352942
2 0.8142276422764227 0.30193014705882354 0.025203252032520326 0.024816176470588234
2 0.7166666666666667 0.2775735294117647 0.06910569105691057 0.04779411764705882
4 0.1329268292682927 0.25735294117647056 0.06910569105691057 0.08823529411764706
1 0.7004065040650407 0.4489889705882353 0.05934959349593496 0.06709558823529412
1 0.6959349593495935 0.22564338235294118 0.02113821138211382 0.030330882352941176
