1 0.43918367346938775 0.2026654411764706 0.014693877551020407 0.015625
1 0.8151020408163265 0.5739889705882353 0.044897959183673466 0.05422794117647059
1 0.08530612244897959 0.40579044117647056 0.03183673469387755 0.05422794117647059
2 0.5779591836734694 0.23207720588235295 0.017959183673469388 0.013786764705882353
1 0.726530612244898 0.3170955882352941 0.009795918367346938 0.014705882352941176
1 0.7387755102040816 0.3244485294117647 0.009795918367346938 0.016544117647058824
2 0.4897959183673469 0.23115808823529413 0.0636734693877551 0.03400735294117647
1 0.8024489795918367 0.4834558823529412 0.037551020408163265 0.04779411764705882
1 0.5432653061224489 0.22886029411764705 0.02040816326530612 0.016544117647058824
2 0.6726530612244898 0.31847426470588236 0.07183673469387755 0.05606617647058824
2 0.7955102040816326 0.4094669117647059 0.05142857142857143 0.05974264705882353
