1 0.2737903225806452 0.6750919117647058 0.1153225806451613 0.1332720588235294
1 0.7459677419354839 0.47610294117647056 0.05806451612903226 0.058823529411764705
1 0.5995967741935484 0.22012867647058823 0.018548387096774192 0.024816176470588234
2 0.6350806451612904 0.22288602941176472 0.02661290322580645 0.02665441176470588
2 0.6556451612903226 0.22426470588235295 0.025806451612903226 0.027573529411764705
1 0.7294354838709678 0.3828125 0.025 0.03400735294117647
2 0.24758064516129033 0.1636029411764706 0.03387096774193549 0.025735294117647058
2 0.2778225806451613 0.17830882352941177 0.04596774193548387 0.03676470588235294
1 0.7431451612903226 0.39889705882352944 0.02661290322580645 0.03125
1 0.7520161290322581 0.4099264705882353 0.02661290322580645 0.03308823529411765
