3 0.04112903225806452 0.6723345588235294 0.017741935483870968 0.02849264705882353
2 0.48266129032258065 0.09283088235294118 0.025 0.022058823529411766
1 0.6044354838709678 0.1714154411764706 0.029838709677419355 0.05238970588235294
1 0.6693548387096774 0.19025735294117646 0.025806451612903226 0.04595588235294118
1 0.7076612903225806 0.20909926470588236 0.02661290322580645 0.03768382352941176
1 0.7407258064516129 0.21875 0.029838709677419355 0.042279411764705885
1 0.7673387096774194 0.27527573529411764 0.03790322580645161 0.04503676470588235
1 0.7754032258064516 0.32169117647058826 0.04112903225806452 0.05514705882352941
1 0.8008064516129032 0.2688419117647059 0.025806451612903226 0.03216911764705882
1 0.8153225806451613 0.30514705882352944 0.04516129032258064 0.05698529411764706
1 0.8350806451612903 0.4260110294117647 0.04435483870967742 0.06158088235294118
1 0.8612903225806452 0.4103860294117647 0.037096774193548385 0.05606617647058824
1 0.8778225806451613 0.4016544117647059 0.042741935483870966 0.0625
1 0.8858870967741935 0.45496323529411764 0.03951612903225806 0.04963235294117647
1 0.8951612903225806 0.5050551470588235 0.043548387096774194 0.05238970588235294
1 0.8943548387096775 0.5413602941176471 0.04516129032258064 0.058823529411764705
1 0.9092741935483871 0.5602022058823529 0.042741935483870966 0.05238970588235294
1 0.8919354838709678 0.5882352941176471 0.03225806451612903 0.051470588235294115
1 0.9129032258064517 0.6259191176470589 0.03387096774193549 0.07169117647058823
1 0.927016129032258 0.6659007352941176 0.028225806451612902 0.057904411764705885
1 0.8991935483870968 0.7591911764705882 0.0467741935483871 0.07352941176470588
2 0.7725806451612903 0.8639705882352942 0.1435483870967742 0.2665441176470588
2 0.8245967741935484 0.9090073529411765 0.07822580645161291 0.14522058823529413
