2 0.7036290322580645 0.3828125 0.055645161290322584 0.04871323529411765
1 0.17096774193548386 0.6847426470588235 0.07903225806451612 0.0661764705882353
1 0.7205645161290323 0.3694852941176471 0.025 0.025735294117647058
1 0.2306451612903226 0.3010110294117647 0.03870967741935484 0.07261029411764706
1 0.3362903225806452 0.20174632352941177 0.03225806451612903 0.04503676470588235
1 0.35766129032258065 0.22104779411764705 0.03951612903225806 0.04871323529411765
2 0.5012096774193548 0.4733455882352941 0.21854838709677418 0.24080882352941177
2 0.771774193548387 0.9002757352941176 0.09838709677419355 0.11488970588235294
2 0.4685483870967742 0.2348345588235294 0.08064516129032258 0.05606617647058824
0 0.7818548387096774 0.5712316176470589 0.2620967741935484 0.3851102941176471
2 0.2254032258064516 0.17876838235294118 0.02661290322580645 0.02665441176470588
2 0.28225806451612906 0.17784926470588236 0.037096774193548385 0.03400735294117647
1 0.30362903225806454 0.18658088235294118 0.020161290322580645 0.029411764705882353
1 0.2786290322580645 0.1957720588235294 0.020161290322580645 0.027573529411764705
1 0.21129032258064517 0.20496323529411764 0.016129032258064516 0.029411764705882353
2 0.6350806451612904 0.22104779411764705 0.02661290322580645 0.02665441176470588
2 0.6580645161290323 0.22012867647058823 0.027419354838709678 0.03216911764705882
1 0.584274193548387 0.20818014705882354 0.013709677419354839 0.019301470588235295
1 0.6258064516129033 0.23207720588235295 0.014516129032258065 0.019301470588235295
1 0.6403225806451613 0.23575367647058823 0.014516129032258065 0.017463235294117647
3 0.5649193548387097 0.23207720588235295 0.021774193548387097 0.03400735294117647
