2 0.8044270833333333 0.12821691176470587 0.044270833333333336 0.07996323529411764
1 0.8604166666666667 0.5307904411764706 0.042708333333333334 0.07077205882352941
1 0.11119791666666666 0.8924632352941176 0.0390625 0.10845588235294118
1 0.02578125 0.8414522058823529 0.0265625 0.07628676470588236
1 0.04921875 0.8460477941176471 0.0328125 0.09834558823529412
2 0.0765625 0.2679227941176471 0.03125 0.06709558823529412
3 0.04739583333333333 0.7587316176470589 0.036458333333333336 0.035845588235294115
3 0.04583333333333333 0.7945772058823529 0.03854166666666667 0.035845588235294115
1 0.8265625 0.16819852941176472 0.014583333333333334 0.027573529411764705
1 0.6611979166666667 0.046875 0.027604166666666666 0.04779411764705882
1 0.69296875 0.06571691176470588 0.0171875 0.04503676470588235
1 0.6822916666666666 0.0703125 0.028125 0.05606617647058824
1 0.0234375 0.5873161764705882 0.025 0.03860294117647059
1 0.9229166666666667 0.3244485294117647 0.007291666666666667 0.022058823529411766
1 0.09348958333333333 0.7674632352941176 0.05677083333333333 0.0661764705882353
1 0.020052083333333335 0.6470588235294118 0.0265625 0.04411764705882353
1 0.021875 0.6153492647058824 0.027083333333333334 0.03216911764705882
1 0.01875 0.6852022058823529 0.025 0.03400735294117647
1 0.01484375 0.6714154411764706 0.022395833333333334 0.024816176470588234
1 0.020572916666666666 0.7495404411764706 0.019270833333333334 0.02849264705882353
1 0.021614583333333333 0.7164522058823529 0.024479166666666666 0.02849264705882353
1 0.012239583333333333 0.7159926470588235 0.021354166666666667 0.029411764705882353
1 0.011979166666666667 0.7486213235294118 0.020833333333333332 0.03216911764705882
2 0.011979166666666667 0.5657169117647058 0.022916666666666665 0.05606617647058824
3 0.21380208333333334 0.12270220588235294 0.0171875 0.046875
2 0.007291666666666667 0.6636029411764706 0.013541666666666667 0.06066176470588235
