1 0.7689516129032258 0.5202205882352942 0.06532258064516129 0.06801470588235294
2 0.6040322580645161 0.46920955882352944 0.1435483870967742 0.18841911764705882
1 0.5088709677419355 0.3115808823529412 0.041935483870967745 0.07169117647058823
2 0.8604838709677419 0.7729779411764706 0.04838709677419355 0.10845588235294118
1 0.8056451612903226 0.5321691176470589 0.04032258064516129 0.06066176470588235
1 0.7596774193548387 0.5597426470588235 0.06451612903225806 0.07169117647058823
2 0.5004032258064516 0.2417279411764706 0.06854838709677419 0.05698529411764706
1 0.7435483870967742 0.3984375 0.02258064516129032 0.030330882352941176
1 0.7524193548387097 0.4099264705882353 0.024193548387096774 0.03676470588235294
1 0.7298387096774194 0.38465073529411764 0.024193548387096774 0.02849264705882353
2 0.7455645161290323 0.9393382352941176 0.10403225806451613 0.0900735294117647
1 0.8310483870967742 0.6640625 0.049193548387096775 0.04871323529411765
