1 0.5262096774193549 0.9397977941176471 0.10564516129032259 0.11856617647058823
1 0.38911290322580644 0.1953125 0.02338709677419355 0.04136029411764706
1 0.4520161290322581 0.20036764705882354 0.02661290322580645 0.03860294117647059
2 0.29193548387096774 0.17647058823529413 0.0467741935483871 0.03308823529411765
2 0.25766129032258067 0.21231617647058823 0.050806451612903224 0.05514705882352941
1 0.6673387096774194 0.2624080882352941 0.018548387096774192 0.024816176470588234
1 0.7693548387096775 0.4912683823529412 0.05806451612903226 0.06709558823529412
3 0.7258064516129032 0.3897058823529412 0.03064516129032258 0.042279411764705885
1 0.7536290322580645 0.4071691176470588 0.02661290322580645 0.03308823529411765
1 0.7455645161290323 0.39568014705882354 0.02661290322580645 0.030330882352941176
