1 0.24308943089430896 0.20909926470588236 0.02113821138211382 0.04136029411764706
1 0.20894308943089432 0.21737132352941177 0.016260162601626018 0.03952205882352941
1 0.1975609756097561 0.22472426470588236 0.016260162601626018 0.04136029411764706
2 0.8703252032520326 0.3708639705882353 0.02195121951219512 0.024816176470588234
1 0.15772357723577235 0.2867647058823529 0.04065040650406504 0.0661764705882353
1 0.6735772357723577 0.23988970588235295 0.026829268292682926 0.03125
2 0.7914634146341464 0.2945772058823529 0.034959349593495934 0.03400735294117647
3 0.7780487804878049 0.27159926470588236 0.016260162601626018 0.019301470588235295
3 0.7560975609756098 0.5284926470588235 0.056910569105691054 0.06433823529411764
3 0.7731707317073171 0.5496323529411765 0.061788617886178863 0.06801470588235294
3 0.7560975609756098 0.2509191176470588 0.01788617886178862 0.02389705882352941
