3 0.33183673469387753 0.8125 0.06612244897959184 0.08088235294117647
1 0.15061224489795919 0.35983455882352944 0.05795918367346939 0.09466911764705882
1 0.23755102040816325 0.7913602941176471 0.0963265306122449 0.11397058823529412
1 0.6963265306122449 0.3327205882352941 0.022857142857142857 0.03125
2 0.35918367346938773 0.14292279411764705 0.0473469387755102 0.02849264705882353
2 0.40938775510204084 0.16084558823529413 0.053061224489795916 0.029411764705882353
2 0.7906122448979592 0.45358455882352944 0.053061224489795916 0.0744485294117647
1 0.5432653061224489 0.20955882352941177 0.025306122448979593 0.029411764705882353
1 0.5828571428571429 0.20909926470588236 0.0163265306122449 0.021139705882352942
1 0.6004081632653061 0.2113970588235294 0.018775510204081632 0.02389705882352941
1 0.5681632653061225 0.22518382352941177 0.017959183673469388 0.025735294117647058
1 0.5873469387755103 0.22472426470588236 0.02040816326530612 0.02665441176470588
1 0.6134693877551021 0.22518382352941177 0.015510204081632653 0.02022058823529412
1 0.6155102040816327 0.234375 0.017959183673469388 0.022058823529411766
1 0.6297959183673469 0.23575367647058823 0.015510204081632653 0.02297794117647059
1 0.6444897959183673 0.23713235294117646 0.017142857142857144 0.02022058823529412
2 0.6444897959183673 0.2261029411764706 0.0236734693877551 0.02389705882352941
2 0.6612244897959184 0.2261029411764706 0.02122448979591837 0.027573529411764705
2 0.6730612244897959 0.22426470588235295 0.018775510204081632 0.02022058823529412
1 0.6836734693877551 0.23299632352941177 0.010612244897959184 0.017463235294117647
1 0.6681632653061225 0.23713235294117646 0.013877551020408163 0.02022058823529412
1 0.6963265306122449 0.23575367647058823 0.00816326530612245 0.015625
1 0.30857142857142855 0.15441176470588236 0.011428571428571429 0.02022058823529412
1 0.19387755102040816 0.18198529411764705 0.012244897959183673 0.022058823529411766
2 0.25673469387755105 0.15211397058823528 0.018775510204081632 0.019301470588235295
2 0.22653061224489796 0.15487132352941177 0.018775510204081632 0.019301470588235295
2 0.24122448979591837 0.16038602941176472 0.022040816326530613 0.024816176470588234
2 0.25510204081632654 0.16819852941176472 0.03346938775510204 0.027573529411764705
1 0.26857142857142857 0.17830882352941177 0.014693877551020407 0.016544117647058824
2 0.2889795918367347 0.18198529411764705 0.04244897959183674 0.034926470588235295
1 0.34122448979591835 0.22012867647058823 0.029387755102040815 0.04871323529411765
1 0.35836734693877553 0.23345588235294118 0.031020408163265307 0.04963235294117647
1 0.3146938775510204 0.20036764705882354 0.02857142857142857 0.04044117647058824
1 0.8742857142857143 0.6723345588235294 0.03428571428571429 0.03768382352941176
2 0.8848979591836734 0.8382352941176471 0.029387755102040815 0.06066176470588235
