2 0.9885416666666667 0.46119791666666665 0.017708333333333333 0.030729166666666665
2 0.9848958333333333 0.4864583333333333 0.01875 0.019791666666666666
2 0.97578125 0.47317708333333336 0.0171875 0.030729166666666665
2 0.8875 0.22864583333333333 0.021875 0.01875
3 0.35 0.07604166666666666 0.017708333333333333 0.030208333333333334
1 0.7919270833333333 0.05234375 0.0078125 0.009895833333333333
1 0.8010416666666667 0.055989583333333336 0.005208333333333333 0.0109375
1 0.8010416666666667 0.07916666666666666 0.008333333333333333 0.013541666666666667
2 0.77265625 0.07265625 0.0203125 0.0203125
1 0.03828125 0.3177083333333333 0.0203125 0.010416666666666666
1 0.07161458333333333 0.27734375 0.025520833333333333 0.015104166666666667
1 0.5229166666666667 0.011197916666666667 0.014583333333333334 0.021354166666666667
3 0.06015625 0.3359375 0.0234375 0.011458333333333333
2 0.9596354166666666 0.48723958333333334 0.024479166666666666 0.033854166666666664
2 0.9682291666666667 0.5403645833333334 0.023958333333333335 0.030729166666666665
2 0.9596354166666666 0.6216145833333333 0.021354166666666667 0.0359375
1 0.98046875 0.5833333333333334 0.0109375 0.008333333333333333
1 0.9815104166666667 0.59609375 0.0109375 0.0078125
4 0.6161458333333333 0.01796875 0.053125 0.034895833333333334
4 0.9872395833333333 0.56484375 0.015104166666666667 0.0203125
1 0.14791666666666667 0.15442708333333333 0.020833333333333332 0.021354166666666667
