1 0.8943548387096775 0.4696691176470588 0.041935483870967745 0.058823529411764705
1 0.5088709677419355 0.5625 0.12903225806451613 0.09558823529411764
1 0.6963709677419355 0.2109375 0.04435483870967742 0.050551470588235295
1 0.32298387096774195 0.27941176470588236 0.07338709677419354 0.07352941176470588
1 0.7504032258064516 0.23988970588235295 0.031451612903225803 0.042279411764705885
1 0.8193548387096774 0.27941176470588236 0.027419354838709678 0.03860294117647059
1 0.3064516129032258 0.49402573529411764 0.11290322580645161 0.08915441176470588
1 0.29758064516129035 0.5739889705882353 0.11290322580645161 0.08731617647058823
1 0.19193548387096773 0.48713235294117646 0.07903225806451612 0.06985294117647059
1 0.14274193548387096 0.5376838235294118 0.06451612903225806 0.06985294117647059
0 0.8133064516129033 0.8354779411764706 0.225 0.3272058823529412
2 0.3395161290322581 0.22196691176470587 0.15806451612903225 0.1056985294117647
2 0.050806451612903224 0.4728860294117647 0.02903225806451613 0.05974264705882353
2 0.2661290322580645 0.19439338235294118 0.1 0.08731617647058823
1 0.14717741935483872 0.3883272058823529 0.062096774193548386 0.04136029411764706
1 0.15 0.4273897058823529 0.06935483870967742 0.04044117647058824
1 0.06895161290322581 0.5275735294117647 0.03306451612903226 0.04044117647058824
1 0.0814516129032258 0.5863970588235294 0.04516129032258064 0.042279411764705885
1 0.0846774193548387 0.4420955882352941 0.027419354838709678 0.04044117647058824
1 0.06733870967741935 0.49172794117647056 0.031451612903225803 0.03125
