1 0.45183673469387753 0.20450367647058823 0.013877551020408163 0.017463235294117647
1 0.08612244897959184 0.4025735294117647 0.02857142857142857 0.04779411764705882
0 0.7542857142857143 0.3235294117647059 0.03918367346938775 0.03860294117647059
1 0.6657142857142857 0.2789522058823529 0.012244897959183673 0.013786764705882353
1 0.72 0.30284926470588236 0.011428571428571429 0.013786764705882353
1 0.56 0.23207720588235295 0.013061224489795919 0.013786764705882353
2 0.5775510204081633 0.23115808823529413 0.018775510204081632 0.013786764705882353
1 0.726530612244898 0.3161764705882353 0.009795918367346938 0.014705882352941176
1 0.7387755102040816 0.3239889705882353 0.009795918367346938 0.015625
1 0.7873469387755102 0.3759191176470588 0.013877551020408163 0.01838235294117647
2 0.49673469387755104 0.2348345588235294 0.06285714285714286 0.03400735294117647
1 0.6571428571428571 0.3359375 0.04081632653061224 0.04503676470588235
2 0.5636734693877551 0.27068014705882354 0.07918367346938776 0.046875
1 0.5971428571428572 0.33088235294117646 0.05142857142857143 0.06433823529411764
