2 0.8044270833333333 0.12729779411764705 0.0453125 0.07996323529411764
1 0.1109375 0.8920036764705882 0.03854166666666667 0.10753676470588236
1 0.025520833333333333 0.8409926470588235 0.026041666666666668 0.07536764705882353
1 0.04973958333333333 0.8460477941176471 0.030729166666666665 0.09650735294117647
2 0.0765625 0.2679227941176471 0.03125 0.06709558823529412
1 0.8265625 0.16819852941176472 0.014583333333333334 0.027573529411764705
1 0.6296875 0.13556985294117646 0.053125 0.0818014705882353
1 0.1828125 0.16130514705882354 0.022916666666666665 0.06341911764705882
1 0.008854166666666666 0.5303308823529411 0.016666666666666666 0.03125
2 0.8052083333333333 0.19025735294117646 0.051041666666666666 0.07169117647058823
3 0.3296875 0.051470588235294115 0.015625 0.058823529411764705
1 0.8708333333333333 0.2265625 0.011458333333333333 0.02297794117647059
2 0.03958333333333333 0.3170955882352941 0.013541666666666667 0.027573529411764705
