2 0.9885416666666667 0.46067708333333335 0.017708333333333333 0.030729166666666665
2 0.984375 0.48671875 0.019791666666666666 0.021354166666666667
2 0.9768229166666667 0.4734375 0.019270833333333334 0.030208333333333334
2 0.8877604166666667 0.22838541666666667 0.019270833333333334 0.0171875
0 0.9888020833333333 0.59453125 0.021354166666666667 0.033854166666666664
3 0.9497395833333333 0.40130208333333334 0.025520833333333333 0.0109375
1 0.8083333333333333 0.10442708333333334 0.011458333333333333 0.0171875
4 0.815625 0.07447916666666667 0.021875 0.025
1 0.95078125 0.6236979166666666 0.021354166666666667 0.018229166666666668
1 0.94609375 0.44557291666666665 0.027604166666666666 0.019270833333333334
2 0.803125 0.14427083333333332 0.041666666666666664 0.04479166666666667
3 0.07395833333333333 0.32916666666666666 0.028125 0.015625
1 0.5627604166666667 0.017708333333333333 0.0140625 0.023958333333333335
2 0.03125 0.27760416666666665 0.025 0.019791666666666666
