1 0.41260162601626016 0.19117647058823528 0.013821138211382113 0.022058823529411766
1 0.401219512195122 0.18887867647058823 0.01056910569105691 0.02297794117647059
1 0.3902439024390244 0.18474264705882354 0.016260162601626018 0.027573529411764705
1 0.37642276422764226 0.17738970588235295 0.013008130081300813 0.02389705882352941
1 0.3650406504065041 0.17601102941176472 0.00975609756097561 0.02297794117647059
1 0.3565040650406504 0.1875 0.013821138211382113 0.02022058823529412
1 0.34308943089430893 0.19025735294117646 0.013008130081300813 0.01838235294117647
1 0.32926829268292684 0.18566176470588236 0.01788617886178862 0.025735294117647058
1 0.25040650406504067 0.22288602941176472 0.01951219512195122 0.03952205882352941
1 0.5459349593495935 0.23023897058823528 0.03008130081300813 0.024816176470588234
1 0.15853658536585366 0.24678308823529413 0.01788617886178862 0.04136029411764706
1 0.1353658536585366 0.25965073529411764 0.013821138211382113 0.035845588235294115
1 0.11788617886178862 0.2693014705882353 0.013008130081300813 0.03308823529411765
1 0.09959349593495935 0.2821691176470588 0.012195121951219513 0.027573529411764705
1 0.08902439024390243 0.2881433823529412 0.01056910569105691 0.02665441176470588
2 0.44065040650406506 0.19025735294117646 0.05040650406504065 0.05330882352941176
2 0.7077235772357724 0.3193933823529412 0.038211382113821135 0.03400735294117647
2 0.6747967479674797 0.2849264705882353 0.04715447154471545 0.03676470588235294
2 0.15569105691056911 0.6162683823529411 0.17154471544715447 0.15716911764705882
1 0.7857723577235772 0.359375 0.01707317073170732 0.02389705882352941
1 0.6430894308943089 0.25597426470588236 0.022764227642276424 0.02665441176470588
