2 0.6821138211382114 0.20818014705882354 0.08617886178861789 0.04503676470588235
3 0.11178861788617886 0.6121323529411765 0.046341463414634146 0.05514705882352941
3 0.9382113821138212 0.6236213235294118 0.03739837398373984 0.05974264705882353
2 0.8398373983739837 0.25919117647058826 0.04065040650406504 0.03308823529411765
2 0.7731707317073171 0.234375 0.06504065040650407 0.04044117647058824
1 0.8 0.21783088235294118 0.024390243902439025 0.025735294117647058
1 0.47560975609756095 0.16727941176470587 0.01788617886178862 0.03676470588235294
1 0.4971544715447154 0.16544117647058823 0.025203252032520326 0.03125
1 0.526829268292683 0.16498161764705882 0.024390243902439025 0.02849264705882353
2 0.874390243902439 0.2780330882352941 0.028455284552845527 0.02665441176470588
3 0.05569105691056911 0.5280330882352942 0.02032520325203252 0.03400735294117647
3 0.05 0.5496323529411765 0.02032520325203252 0.029411764705882353
2 0.17357723577235773 0.2913602941176471 0.038211382113821135 0.04779411764705882
2 0.2138211382113821 0.2803308823529412 0.056910569105691054 0.051470588235294115
