1 0.38266129032258067 0.8943014705882353 0.08629032258064516 0.13419117647058823
2 0.3814516129032258 0.19715073529411764 0.06129032258064516 0.046875
2 0.2737903225806452 0.17095588235294118 0.036290322580645164 0.029411764705882353
2 0.29879032258064514 0.18152573529411764 0.042741935483870966 0.030330882352941176
1 0.3096774193548387 0.19944852941176472 0.03225806451612903 0.042279411764705885
2 0.867741935483871 0.7591911764705882 0.0467741935483871 0.09558823529411764
3 0.7241935483870968 0.40027573529411764 0.02903225806451613 0.04136029411764706
1 0.7298387096774194 0.3828125 0.02258064516129032 0.02849264705882353
1 0.7431451612903226 0.3984375 0.02338709677419355 0.030330882352941176
1 0.7536290322580645 0.4103860294117647 0.02661290322580645 0.035845588235294115
