2 0.7165322580645161 0.40579044117647056 0.0814516129032258 0.09283088235294118
1 0.17096774193548386 0.6847426470588235 0.07903225806451612 0.0661764705882353
1 0.7205645161290323 0.36994485294117646 0.02338709677419355 0.024816176470588234
1 0.3241935483870968 0.5436580882352942 0.06612903225806452 0.1332720588235294
1 0.25483870967741934 0.7265625 0.056451612903225805 0.140625
1 0.6971774193548387 0.9384191176470589 0.07338709677419354 0.03676470588235294
1 0.8391129032258065 0.6052389705882353 0.03790322580645161 0.05422794117647059
1 0.7778225806451613 0.49494485294117646 0.04596774193548387 0.04871323529411765
1 0.744758064516129 0.44485294117647056 0.04435483870967742 0.04779411764705882
1 0.8653225806451613 0.6737132352941176 0.04032258064516129 0.04411764705882353
2 0.7088709677419355 0.7026654411764706 0.1596774193548387 0.21783088235294118
2 0.5818548387096775 0.3147977941176471 0.11209677419354838 0.09466911764705882
2 0.6951612903225807 0.49402573529411764 0.15483870967741936 0.171875
2 0.22782258064516128 0.2610294117647059 0.05725806451612903 0.07904411764705882
2 0.19959677419354838 0.1870404411764706 0.029838709677419355 0.030330882352941176
2 0.24596774193548387 0.1953125 0.041935483870967745 0.03952205882352941
2 0.8536290322580645 0.7555147058823529 0.05403225806451613 0.10477941176470588
1 0.3056451612903226 0.18474264705882354 0.01935483870967742 0.027573529411764705
1 0.3 0.19025735294117646 0.02258064516129032 0.029411764705882353
2 0.6326612903225807 0.22058823529411764 0.029838709677419355 0.027573529411764705
2 0.6580645161290323 0.21966911764705882 0.027419354838709678 0.03308823529411765
1 0.5717741935483871 0.20818014705882354 0.014516129032258065 0.017463235294117647
1 0.625 0.23253676470588236 0.016129032258064516 0.02022058823529412
2 0.3157258064516129 0.16773897058823528 0.03951612903225806 0.02665441176470588
