1 0.09233870967741936 0.6070772058823529 0.0846774193548387 0.10018382352941177
1 0.09274193548387097 0.7136948529411765 0.09032258064516129 0.08915441176470588
3 0.6427419354838709 0.31985294117647056 0.020967741935483872 0.029411764705882353
1 0.34758064516129034 0.19209558823529413 0.041935483870967745 0.04411764705882353
3 0.42379032258064514 0.21783088235294118 0.031451612903225803 0.051470588235294115
2 0.4967741935483871 0.17555147058823528 0.024193548387096774 0.029411764705882353
2 0.5274193548387097 0.18474264705882354 0.03387096774193549 0.034926470588235295
2 0.5189516129032258 0.19990808823529413 0.04435483870967742 0.043198529411764705
2 0.5375 0.2417279411764706 0.050806451612903224 0.06066176470588235
1 0.5955645161290323 0.30652573529411764 0.036290322580645164 0.03952205882352941
2 0.5931451612903226 0.2780330882352941 0.055645161290322584 0.057904411764705885
3 0.675 0.3602941176470588 0.01935483870967742 0.022058823529411766
2 0.6201612903225806 0.36902573529411764 0.08225806451612903 0.11672794117647059
2 0.11129032258064517 0.33777573529411764 0.07580645161290323 0.10386029411764706
0 0.05725806451612903 0.4641544117647059 0.08870967741935484 0.22977941176470587
1 0.8314516129032258 0.6493566176470589 0.017741935483870968 0.013786764705882353
1 0.8274193548387097 0.6704963235294118 0.024193548387096774 0.02297794117647059
1 0.785483870967742 0.6245404411764706 0.035483870967741936 0.03952205882352941
1 0.8286290322580645 0.6047794117647058 0.013709677419354839 0.02022058823529412
3 0.6875 0.37775735294117646 0.021774193548387097 0.02389705882352941
3 0.7 0.41268382352941174 0.024193548387096774 0.029411764705882353
3 0.7443548387096774 0.45266544117647056 0.020967741935483872 0.02297794117647059
3 0.707258064516129 0.4443933823529412 0.024193548387096774 0.024816176470588234
2 0.7911290322580645 0.5174632352941176 0.027419354838709678 0.034926470588235295
4 0.8084677419354839 0.5105698529411765 0.03467741935483871 0.04871323529411765
