1 0.16666666666666666 0.36075367647058826 0.058634538152610445 0.08915441176470588
1 0.24819277108433735 0.7936580882352942 0.09477911646586346 0.109375
3 0.3144578313253012 0.7518382352941176 0.05542168674698795 0.07904411764705882
2 0.3686746987951807 0.14384191176470587 0.04497991967871486 0.024816176470588234
2 0.41967871485943775 0.16268382352941177 0.05060240963855422 0.029411764705882353
1 0.5389558232931727 0.20128676470588236 0.02248995983935743 0.027573529411764705
1 0.5598393574297189 0.21323529411764705 0.02248995983935743 0.025735294117647058
2 0.7931726907630522 0.453125 0.05060240963855422 0.07352941176470588
2 0.665863453815261 0.22564338235294118 0.02248995983935743 0.024816176470588234
2 0.6449799196787148 0.2265625 0.024096385542168676 0.02297794117647059
3 0.7590361445783133 0.4342830882352941 0.02891566265060241 0.04136029411764706
3 0.7385542168674699 0.38097426470588236 0.028112449799196786 0.03952205882352941
1 0.5971887550200803 0.20863970588235295 0.013654618473895583 0.014705882352941176
1 0.6156626506024097 0.21323529411764705 0.013654618473895583 0.01838235294117647
1 0.621285140562249 0.2270220588235294 0.016867469879518072 0.02389705882352941
1 0.6341365461847389 0.23713235294117646 0.012048192771084338 0.01838235294117647
1 0.6630522088353413 0.23621323529411764 0.015261044176706828 0.016544117647058824
1 0.6485943775100401 0.24126838235294118 0.015261044176706828 0.02297794117647059
1 0.6907630522088354 0.2587316176470588 0.014457831325301205 0.019301470588235295
1 0.5429718875502008 0.2771139705882353 0.03855421686746988 0.050551470588235295
2 0.44738955823293175 0.9269301470588235 0.21526104417670683 0.14430147058823528
2 0.27228915662650605 0.16727941176470587 0.020883534136546186 0.02389705882352941
2 0.29156626506024097 0.17555147058823528 0.035341365461847386 0.03308823529411765
1 0.31606425702811247 0.19209558823529413 0.018473895582329317 0.03308823529411765
1 0.3429718875502008 0.20634191176470587 0.027309236947791166 0.03952205882352941
1 0.3646586345381526 0.23069852941176472 0.033734939759036145 0.04779411764705882
1 0.2931726907630522 0.18887867647058823 0.020883534136546186 0.02849264705882353
1 0.3309236947791165 0.19347426470588236 0.020883534136546186 0.030330882352941176
1 0.87429718875502 0.6158088235294118 0.02650602409638554 0.042279411764705885
1 0.8987951807228916 0.7738970588235294 0.024096385542168676 0.03308823529411765
2 0.25261044176706826 0.16038602941176472 0.024899598393574297 0.024816176470588234
2 0.8771084337349397 0.8662683823529411 0.027309236947791166 0.04136029411764706
