2 0.9885416666666667 0.46119791666666665 0.017708333333333333 0.030729166666666665
2 0.98515625 0.4864583333333333 0.018229166666666668 0.019791666666666666
2 0.97578125 0.47317708333333336 0.0171875 0.030729166666666665
2 0.8872395833333333 0.22864583333333333 0.022395833333333334 0.01875
3 0.020833333333333332 0.3229166666666667 0.011458333333333333 0.00625
2 0.049479166666666664 0.23697916666666666 0.01875 0.01875
0 0.02890625 0.2734375 0.03802083333333333 0.034375
4 0.05755208333333333 0.25807291666666665 0.033854166666666664 0.03177083333333333
1 0.16614583333333333 0.20520833333333333 0.034375 0.027083333333333334
1 0.609375 0.09453125 0.03125 0.0421875
3 0.01640625 0.31614583333333335 0.0109375 0.00625
1 0.98359375 0.5838541666666667 0.011979166666666667 0.007291666666666667
1 0.9830729166666666 0.521875 0.013020833333333334 0.009375
4 0.609375 0.01953125 0.05625 0.03802083333333333
1 0.52109375 0.011458333333333333 0.013020833333333334 0.021875
2 0.9791666666666666 0.6036458333333333 0.011458333333333333 0.017708333333333333
