2 0.5299539170506913 0.10845588235294118 0.027649769585253458 0.029411764705882353
3 0.37465437788018435 0.8134191176470589 0.041474654377880185 0.05514705882352941
1 0.5557603686635945 0.11626838235294118 0.014746543778801843 0.02849264705882353
0 0.15483870967741936 0.5739889705882353 0.13640552995391705 0.19025735294117646
3 0.4414746543778802 0.1213235294117647 0.012903225806451613 0.029411764705882353
3 0.4308755760368664 0.12408088235294118 0.011981566820276499 0.029411764705882353
1 0.8516129032258064 0.5707720588235294 0.060829493087557605 0.05330882352941176
1 0.7769585253456222 0.6158088235294118 0.06267281105990784 0.0625
1 0.7391705069124423 0.6158088235294118 0.0663594470046083 0.07720588235294118
2 0.9271889400921659 0.3947610294117647 0.04423963133640553 0.04871323529411765
