1 0.3834677419354839 0.8952205882352942 0.08629032258064516 0.13419117647058823
2 0.5044354838709677 0.27205882352941174 0.10887096774193548 0.08272058823529412
2 0.27419354838709675 0.1714154411764706 0.03387096774193549 0.030330882352941176
2 0.3040322580645161 0.18290441176470587 0.03870967741935484 0.029411764705882353
1 0.31129032258064515 0.19898897058823528 0.03064516129032258 0.03952205882352941
3 0.7241935483870968 0.40027573529411764 0.02903225806451613 0.04136029411764706
1 0.7298387096774194 0.3828125 0.02258064516129032 0.02849264705882353
1 0.7431451612903226 0.3984375 0.02338709677419355 0.030330882352941176
1 0.7536290322580645 0.4103860294117647 0.02661290322580645 0.035845588235294115
2 0.8737903225806452 0.8423713235294118 0.03306451612903226 0.046875
