1 0.17258064516129032 0.6861213235294118 0.07903225806451612 0.06709558823529412
1 0.719758064516129 0.36672794117647056 0.028225806451612902 0.03125
1 0.7298387096774194 0.38143382352941174 0.025806451612903226 0.027573529411764705
1 0.7415322580645162 0.39889705882352944 0.02338709677419355 0.027573529411764705
1 0.75 0.41130514705882354 0.025806451612903226 0.03216911764705882
1 0.7141129032258065 0.6107536764705882 0.07661290322580645 0.11121323529411764
1 0.6955645161290323 0.7118566176470589 0.09112903225806451 0.10753676470588236
1 0.6338709677419355 0.40579044117647056 0.054838709677419356 0.07628676470588236
1 0.6806451612903226 0.2624080882352941 0.014516129032258065 0.019301470588235295
1 0.6645161290322581 0.2697610294117647 0.017741935483870968 0.024816176470588234
1 0.6479838709677419 0.27481617647058826 0.018548387096774192 0.02389705882352941
1 0.635483870967742 0.2959558823529412 0.020967741935483872 0.025735294117647058
1 0.6169354838709677 0.3147977941176471 0.027419354838709678 0.03952205882352941
1 0.5774193548387097 0.2757352941176471 0.02258064516129032 0.03308823529411765
1 0.5629032258064516 0.2849264705882353 0.025806451612903226 0.029411764705882353
1 0.5540322580645162 0.3046875 0.025806451612903226 0.02665441176470588
1 0.5379032258064517 0.33088235294117646 0.03064516129032258 0.042279411764705885
1 0.5975806451612903 0.3336397058823529 0.03064516129032258 0.042279411764705885
1 0.5826612903225806 0.36856617647058826 0.03790322580645161 0.05330882352941176
1 0.5899193548387097 0.4641544117647059 0.05403225806451613 0.09375
1 0.22661290322580646 0.3478860294117647 0.03870967741935484 0.08363970588235294
2 0.8403225806451613 0.7201286764705882 0.06612903225806452 0.12959558823529413
2 0.8225806451612904 0.5395220588235294 0.07741935483870968 0.11029411764705882
2 0.2794354838709677 0.17601102941176472 0.03951612903225806 0.03400735294117647
2 0.23709677419354838 0.18244485294117646 0.027419354838709678 0.02849264705882353
2 0.8737903225806452 0.8092830882352942 0.03467741935483871 0.06341911764705882
2 0.855241935483871 0.6484375 0.049193548387096775 0.07996323529411764
1 0.8016129032258065 0.5537683823529411 0.04516129032258064 0.043198529411764705
1 0.7947580645161291 0.5638786764705882 0.04435483870967742 0.03952205882352941
1 0.8346774193548387 0.5790441176470589 0.04516129032258064 0.03676470588235294
1 0.807258064516129 0.6171875 0.05161290322580645 0.050551470588235295
1 0.5447580645161291 0.21691176470588236 0.021774193548387097 0.025735294117647058
1 0.5596774193548387 0.23667279411764705 0.024193548387096774 0.024816176470588234
1 0.21895161290322582 0.1953125 0.016935483870967744 0.024816176470588234
3 0.6810483870967742 0.3625919117647059 0.029838709677419355 0.04503676470588235
3 0.6693548387096774 0.35431985294117646 0.035483870967741936 0.04503676470588235
2 0.635483870967742 0.23253676470588236 0.02903225806451613 0.027573529411764705
2 0.5943548387096774 0.22886029411764705 0.043548387096774194 0.03125
