1 0.163855421686747 0.36075367647058826 0.06746987951807229 0.09283088235294118
1 0.25100401606425704 0.7936580882352942 0.09236947791164658 0.11856617647058823
3 0.3421686746987952 0.8019301470588235 0.06586345381526104 0.07261029411764706
1 0.6096385542168675 0.22518382352941177 0.017670682730923693 0.02389705882352941
1 0.3208835341365462 0.16544117647058823 0.016867469879518072 0.03125
1 0.45140562248995986 0.21645220588235295 0.02891566265060241 0.046875
1 0.40522088353413654 0.18382352941176472 0.024899598393574297 0.027573529411764705
1 0.3481927710843373 0.16084558823529413 0.012048192771084338 0.01838235294117647
1 0.3562248995983936 0.16498161764705882 0.018473895582329317 0.021139705882352942
1 0.37349397590361444 0.18106617647058823 0.020883534136546186 0.029411764705882353
2 0.40602409638554215 0.21691176470588236 0.07309236947791165 0.04779411764705882
2 0.3678714859437751 0.14292279411764705 0.046586345381526104 0.024816176470588234
2 0.42088353413654617 0.16130514705882354 0.05140562248995984 0.030330882352941176
1 0.5405622489959839 0.20174632352941177 0.02570281124497992 0.03400735294117647
1 0.5024096385542168 0.23575367647058823 0.023293172690763052 0.04136029411764706
1 0.4823293172690763 0.24770220588235295 0.0393574297188755 0.05238970588235294
1 0.5016064257028112 0.29090073529411764 0.04096385542168675 0.06341911764705882
1 0.5610441767068273 0.2734375 0.04096385542168675 0.057904411764705885
2 0.665863453815261 0.22334558823529413 0.024096385542168676 0.02389705882352941
2 0.6445783132530121 0.22794117647058823 0.02971887550200803 0.025735294117647058
1 0.6967871485943775 0.23069852941176472 0.010441767068273093 0.012867647058823529
1 0.6847389558232931 0.25045955882352944 0.013654618473895583 0.017463235294117647
1 0.6767068273092369 0.2555147058823529 0.013654618473895583 0.022058823529411766
1 0.6172690763052209 0.2614889705882353 0.018473895582329317 0.02665441176470588
2 0.7959839357429719 0.45174632352941174 0.05461847389558233 0.07996323529411764
1 0.8417670682730923 0.5611213235294118 0.036947791164658635 0.02849264705882353
1 0.8389558232931726 0.5877757352941176 0.04578313253012048 0.050551470588235295
1 0.8056224899598393 0.5202205882352942 0.04819277108433735 0.05514705882352941
1 0.6132530120481928 0.3524816176470588 0.04899598393574297 0.05606617647058824
1 0.6967871485943775 0.36902573529411764 0.04096385542168675 0.046875
1 0.6959839357429719 0.4664522058823529 0.060240963855421686 0.07261029411764706
2 0.7433734939759036 0.47472426470588236 0.09397590361445783 0.12040441176470588
2 0.8959839357429719 0.7431066176470589 0.02971887550200803 0.0818014705882353
3 0.6847389558232931 0.29411764705882354 0.013654618473895583 0.03125
3 0.6991967871485943 0.3000919117647059 0.015261044176706828 0.02849264705882353
1 0.7016064257028113 0.3318014705882353 0.023293172690763052 0.034926470588235295
2 0.4497991967871486 0.9278492647058824 0.20722891566265061 0.14430147058823528
2 0.20682730923694778 0.16590073529411764 0.016867469879518072 0.017463235294117647
2 0.2248995983935743 0.15946691176470587 0.01606425702811245 0.017463235294117647
2 0.2321285140562249 0.1723345588235294 0.024096385542168676 0.02849264705882353
2 0.43092369477911646 0.4756433823529412 0.20642570281124498 0.2693014705882353
2 0.45502008032128516 0.33777573529411764 0.1534136546184739 0.14981617647058823
2 0.26626506024096386 0.16727941176470587 0.024899598393574297 0.027573529411764705
2 0.28714859437751006 0.17555147058823528 0.04257028112449799 0.03676470588235294
2 0.28072289156626506 0.21461397058823528 0.061847389558232935 0.050551470588235295
1 0.20321285140562248 0.21645220588235295 0.020883534136546186 0.03216911764705882
2 0.8546184738955823 0.7362132352941176 0.06907630522088354 0.1213235294117647
1 0.8779116465863454 0.6626838235294118 0.02891566265060241 0.034926470588235295
1 0.8975903614457831 0.6654411764705882 0.016867469879518072 0.025735294117647058
1 0.7795180722891566 0.9388786764705882 0.05220883534136546 0.03216911764705882
1 0.7642570281124498 0.9710477941176471 0.05220883534136546 0.03400735294117647
2 0.8839357429718876 0.8455882352941176 0.02650602409638554 0.04595588235294118
2 0.8554216867469879 0.8805147058823529 0.03855421686746988 0.0661764705882353
1 0.6321285140562249 0.2104779411764706 0.01606425702811245 0.02022058823529412
