0 0.669795918367347 0.2734375 0.08571428571428572 0.06709558823529412
2 0.7673469387755102 0.33409926470588236 0.014693877551020407 0.019301470588235295
2 0.7510204081632653 0.3290441176470588 0.022857142857142857 0.022058823529411766
2 0.5779591836734694 0.22840073529411764 0.019591836734693877 0.013786764705882353
2 0.8404081632653061 0.4554227941176471 0.04326530612244898 0.05238970588235294
1 0.9085714285714286 0.6337316176470589 0.02122448979591837 0.043198529411764705
2 0.16163265306122448 0.3180147058823529 0.07510204081632653 0.08272058823529412
3 0.21346938775510205 0.24310661764705882 0.012244897959183673 0.024816176470588234
4 0.4648979591836735 0.22012867647058823 0.07918367346938776 0.03768382352941176
2 0.5653061224489796 0.27297794117647056 0.07428571428571429 0.04595588235294118
