1 0.2434959349593496 0.20955882352941177 0.02032520325203252 0.04044117647058824
1 0.20934959349593496 0.21783088235294118 0.015447154471544716 0.03860294117647059
1 0.19796747967479675 0.22426470588235295 0.015447154471544716 0.04044117647058824
1 0.17601626016260163 0.5372242647058824 0.07235772357723577 0.07261029411764706
1 0.8097560975609757 0.35891544117647056 0.01788617886178862 0.02665441176470588
2 0.6642276422764227 0.23667279411764705 0.06829268292682927 0.046875
2 0.567479674796748 0.2509191176470588 0.13008130081300814 0.0661764705882353
2 0.8317073170731707 0.32766544117647056 0.01951219512195122 0.02297794117647059
2 0.8463414634146341 0.3258272058823529 0.016260162601626018 0.02297794117647059
1 0.859349593495935 0.3708639705882353 0.013008130081300813 0.017463235294117647
