2 0.30040650406504066 0.17555147058823528 0.036585365853658534 0.03125
2 0.39715447154471545 0.1645220588235294 0.041463414634146344 0.03308823529411765
1 0.7947154471544715 0.27619485294117646 0.00894308943089431 0.013786764705882353
1 0.7975609756097561 0.2844669117647059 0.00975609756097561 0.011948529411764705
1 0.7540650406504065 0.2624080882352941 0.015447154471544716 0.017463235294117647
1 0.8154471544715447 0.30514705882352944 0.008130081300813009 0.014705882352941176
2 0.8256097560975609 0.3014705882352941 0.013821138211382113 0.02022058823529412
2 0.8349593495934959 0.3272058823529412 0.016260162601626018 0.022058823529411766
2 0.8048780487804879 0.3239889705882353 0.03414634146341464 0.03216911764705882
2 0.7016260162601626 0.27159926470588236 0.06829268292682927 0.04871323529411765
2 0.6361788617886179 0.3947610294117647 0.17317073170731706 0.11856617647058823
2 0.7922764227642276 0.3708639705882353 0.052845528455284556 0.05238970588235294
1 0.8686991869918699 0.6158088235294118 0.036585365853658534 0.03125
1 0.8609756097560975 0.6681985294117647 0.03739837398373984 0.042279411764705885
1 0.843089430894309 0.7003676470588235 0.03902439024390244 0.051470588235294115
2 0.6955284552845529 0.7973345588235294 0.11951219512195121 0.27297794117647056
4 0.13902439024390245 0.2532169117647059 0.061788617886178863 0.07996323529411764
2 0.055284552845528454 0.5574448529411765 0.055284552845528454 0.09466911764705882
2 0.4113821138211382 0.21645220588235295 0.13333333333333333 0.06341911764705882
2 0.16341463414634147 0.30330882352941174 0.1024390243902439 0.10477941176470588
1 0.47073170731707314 0.26838235294117646 0.056910569105691054 0.058823529411764705
2 0.2573170731707317 0.3671875 0.18943089430894308 0.13694852941176472
3 0.3569105691056911 0.17095588235294118 0.016260162601626018 0.034926470588235295
1 0.7784552845528455 0.27389705882352944 0.012195121951219513 0.016544117647058824
