1 0.1890625 0.201953125 0.025 0.01953125
1 0.17109375 0.23359375 0.0265625 0.0203125
2 0.55703125 0.018359375 0.0203125 0.01640625
2 0.513671875 0.97265625 0.04453125 0.0359375
1 0.505078125 0.03828125 0.01015625 0.0171875
1 0.84453125 0.2453125 0.025 0.0203125
2 0.50546875 0.0234375 0.0171875 0.0140625
1 0.86015625 0.25546875 0.0265625 0.01875
2 0.9453125 0.36015625 0.025 0.025
1 0.204296875 0.209765625 0.03203125 0.02578125
2 0.472265625 0.041796875 0.02265625 0.02109375
2 0.48671875 0.035546875 0.0203125 0.01796875
2 0.531640625 0.050390625 0.02578125 0.02421875
1 0.46640625 0.0609375 0.0125 0.0234375
1 0.191796875 0.2265625 0.03046875 0.021875
4 0.671875 0.684375 0.121875 0.2
1 0.79453125 0.209765625 0.0265625 0.02421875
1 0.765625 0.198046875 0.034375 0.01953125
1 0.74296875 0.166796875 0.0328125 0.02421875
1 0.20703125 0.194140625 0.03125 0.02578125
1 0.494921875 0.06015625 0.01171875 0.025
1 0.81328125 0.2453125 0.0375 0.025
1 0.76640625 0.212109375 0.034375 0.02734375
0 0.64140625 0.049609375 0.0421875 0.04609375
2 0.674609375 0.06640625 0.02265625 0.021875
2 0.438671875 0.162109375 0.08671875 0.05703125
2 0.45234375 0.050390625 0.0296875 0.02734375
2 0.91796875 0.332421875 0.0328125 0.03515625
1 0.75625 0.180078125 0.0328125 0.02421875
2 0.687109375 0.083203125 0.02265625 0.01953125
1 0.22734375 0.186328125 0.0359375 0.03203125
4 0.586328125 0.316796875 0.11640625 0.18984375
2 0.5265625 0.775390625 0.06875 0.11796875
1 0.741796875 0.726171875 0.04296875 0.06484375
2 0.876171875 0.2875 0.04453125 0.046875
2 0.857421875 0.46640625 0.06328125 0.1203125
2 0.641015625 0.8515625 0.07421875 0.096875
2 0.59140625 0.83203125 0.0921875 0.1125
2 0.81953125 0.625 0.0828125 0.121875
1 0.82109375 0.521484375 0.0546875 0.04921875
