2 0.47314814814814815 0.07077205882352941 0.07407407407407407 0.05698529411764706
2 0.019444444444444445 0.5965073529411765 0.027777777777777776 0.03860294117647059
4 0.15787037037037038 0.1135110294117647 0.023148148148148147 0.021139705882352942
4 0.8430555555555556 0.14659926470588236 0.04351851851851852 0.03400735294117647
2 0.7925925925925926 0.13924632352941177 0.044444444444444446 0.03952205882352941
2 0.7435185185185185 0.13189338235294118 0.07407407407407407 0.050551470588235295
2 0.6685185185185185 0.09926470588235294 0.07777777777777778 0.04595588235294118
1 0.3282407407407407 0.17647058823529413 0.05462962962962963 0.0625
1 0.5222222222222223 0.08409926470588236 0.04259259259259259 0.046875
2 0.15185185185185185 0.12821691176470587 0.016666666666666666 0.017463235294117647
2 0.1425925925925926 0.1410845588235294 0.018518518518518517 0.021139705882352942
4 0.12824074074074074 0.16268382352941177 0.026851851851851852 0.029411764705882353
2 0.060648148148148145 0.2665441176470588 0.021296296296296296 0.03125
2 0.05648148148148148 0.6806066176470589 0.02962962962962963 0.03400735294117647
2 0.05462962962962963 0.7063419117647058 0.024074074074074074 0.024816176470588234
2 0.0824074074074074 0.734375 0.027777777777777776 0.025735294117647058
2 0.5421296296296296 0.953125 0.06018518518518518 0.03860294117647059
