4 0.13495934959349593 0.2568933823529412 0.06666666666666667 0.09099264705882353
2 0.609349593495935 0.7835477941176471 0.16829268292682928 0.32996323529411764
2 0.2995934959349594 0.1792279411764706 0.038211382113821135 0.03860294117647059
2 0.3955284552845528 0.16865808823529413 0.046341463414634146 0.035845588235294115
1 0.341869918699187 0.18887867647058823 0.023577235772357725 0.04503676470588235
1 0.45284552845528453 0.3791360294117647 0.11382113821138211 0.1130514705882353
1 0.6048780487804878 0.27849264705882354 0.05853658536585366 0.06066176470588235
1 0.8711382113821138 0.6171875 0.046341463414634146 0.05974264705882353
1 0.8626016260162601 0.6764705882352942 0.04878048780487805 0.05698529411764706
1 0.8536585365853658 0.7090992647058824 0.04878048780487805 0.05422794117647059
1 0.7626016260162601 0.38419117647058826 0.04390243902439024 0.05698529411764706
1 0.7642276422764228 0.3239889705882353 0.02926829268292683 0.03768382352941176
1 0.8113821138211382 0.34237132352941174 0.016260162601626018 0.02665441176470588
1 0.8105691056910569 0.375 0.022764227642276424 0.029411764705882353
1 0.8333333333333334 0.35799632352941174 0.014634146341463415 0.02297794117647059
2 0.8276422764227642 0.29963235294117646 0.01788617886178862 0.02022058823529412
1 0.23902439024390243 0.25045955882352944 0.061788617886178863 0.07261029411764706
1 0.5439024390243903 0.30652573529411764 0.06341463414634146 0.07261029411764706
2 0.7845528455284553 0.27619485294117646 0.026016260162601626 0.02665441176470588
