2 0.2991869918699187 0.17417279411764705 0.04227642276422764 0.043198529411764705
2 0.39390243902439026 0.16636029411764705 0.04796747967479675 0.042279411764705885
1 0.34308943089430893 0.1870404411764706 0.026016260162601626 0.04871323529411765
4 0.11544715447154472 0.4117647058823529 0.15284552845528454 0.20036764705882354
2 0.16260162601626016 0.2766544117647059 0.1024390243902439 0.09558823529411764
1 0.8707317073170732 0.6222426470588235 0.04878048780487805 0.06066176470588235
1 0.8313008130081301 0.4209558823529412 0.028455284552845527 0.03860294117647059
1 0.8483739837398374 0.6594669117647058 0.05447154471544716 0.05974264705882353
1 0.8495934959349594 0.7095588235294118 0.05203252032520325 0.05698529411764706
1 0.5467479674796748 0.20220588235294118 0.03983739837398374 0.03860294117647059
2 0.7959349593495935 0.2775735294117647 0.022764227642276424 0.022058823529411766
2 0.8150406504065041 0.29963235294117646 0.02032520325203252 0.022058823529411766
