1 0.08709677419354839 0.6277573529411765 0.08709677419354839 0.08455882352941177
1 0.09758064516129032 0.7256433823529411 0.09516129032258064 0.07996323529411764
2 0.11612903225806452 0.33639705882352944 0.06612903225806452 0.09375
1 0.1342741935483871 0.38005514705882354 0.06532258064516129 0.09283088235294118
1 0.08508064516129032 0.3837316176470588 0.03790322580645161 0.07996323529411764
1 0.032661290322580645 0.640625 0.042741935483870966 0.07352941176470588
1 0.8193548387096774 0.6084558823529411 0.020967741935483872 0.022058823529411766
1 0.7491935483870967 0.45358455882352944 0.025806451612903226 0.021139705882352942
2 0.7794354838709677 0.5045955882352942 0.03306451612903226 0.03860294117647059
2 0.8189516129032258 0.5409007352941176 0.016935483870967744 0.024816176470588234
2 0.8100806451612903 0.6580882352941176 0.03467741935483871 0.03860294117647059
4 0.7979838709677419 0.4990808823529412 0.03951612903225806 0.05514705882352941
3 0.39233870967741935 0.14613970588235295 0.021774193548387097 0.029411764705882353
3 0.777016129032258 0.8639705882352942 0.04758064516129032 0.03125
0 0.0532258064516129 0.4820772058823529 0.06612903225806452 0.1957720588235294
2 0.8419354838709677 0.6176470588235294 0.016129032258064516 0.02022058823529412
