2 0.6692708333333334 0.15807291666666667 0.020833333333333332 0.0203125
4 0.5463541666666667 0.12473958333333333 0.06041666666666667 0.0328125
0 0.18932291666666667 0.22057291666666667 0.04010416666666667 0.028645833333333332
2 0.13177083333333334 0.88046875 0.05625 0.09010416666666667
4 0.07265625 0.8393229166666667 0.059895833333333336 0.10364583333333334
1 0.0296875 0.6296875 0.03854166666666667 0.030208333333333334
1 0.08515625 0.6627604166666666 0.0484375 0.0453125
1 0.11302083333333333 0.7125 0.053125 0.051041666666666666
1 0.33307291666666666 0.1828125 0.0203125 0.028125
1 0.41380208333333335 0.15052083333333333 0.016145833333333335 0.017708333333333333
2 0.2875 0.18151041666666667 0.03333333333333333 0.022395833333333334
2 0.46822916666666664 0.13984375 0.035416666666666666 0.018229166666666668
2 0.45755208333333336 0.18697916666666667 0.06927083333333334 0.03333333333333333
2 0.24453125 0.25416666666666665 0.06510416666666667 0.04791666666666667
2 0.1828125 0.2747395833333333 0.03958333333333333 0.04114583333333333
2 0.52734375 0.14036458333333332 0.033854166666666664 0.019270833333333334
1 0.796875 0.259375 0.026041666666666668 0.022916666666666665
2 0.72109375 0.16666666666666666 0.0171875 0.016666666666666666
