1 0.14779116465863454 0.3515625 0.02570281124497992 0.021139705882352942
1 0.14417670682730924 0.3625919117647059 0.028112449799196786 0.021139705882352942
1 0.13694779116465863 0.3791360294117647 0.023293172690763052 0.02297794117647059
1 0.13092369477911647 0.39246323529411764 0.01927710843373494 0.02389705882352941
1 0.12650602409638553 0.4071691176470588 0.02650602409638554 0.022058823529411766
1 0.11927710843373494 0.4255514705882353 0.028112449799196786 0.025735294117647058
1 0.11365461847389559 0.44806985294117646 0.02650602409638554 0.02849264705882353
1 0.10281124497991968 0.4728860294117647 0.02891566265060241 0.030330882352941176
1 0.09598393574297188 0.5032169117647058 0.028112449799196786 0.03216911764705882
1 0.08714859437751005 0.7302389705882353 0.028112449799196786 0.030330882352941176
1 0.09036144578313253 0.7550551470588235 0.028112449799196786 0.024816176470588234
1 0.10481927710843374 0.8138786764705882 0.028112449799196786 0.024816176470588234
2 0.3072289156626506 0.40441176470588236 0.11485943775100402 0.25
2 0.4614457831325301 0.0978860294117647 0.02650602409638554 0.02849264705882353
3 0.3385542168674699 0.24770220588235295 0.03293172690763052 0.05422794117647059
3 0.26947791164658635 0.29181985294117646 0.028112449799196786 0.03952205882352941
2 0.516867469879518 0.09880514705882353 0.03614457831325301 0.024816176470588234
2 0.13654618473895583 0.5381433823529411 0.06746987951807229 0.19025735294117646
2 0.61285140562249 0.32306985294117646 0.12208835341365462 0.16268382352941177
0 0.636144578313253 0.14981617647058823 0.15903614457831325 0.14154411764705882
0 0.3670682730923695 0.11213235294117647 0.06907630522088354 0.0661764705882353
2 0.43012048192771085 0.08869485294117647 0.024899598393574297 0.019301470588235295
2 0.42128514056224897 0.10202205882352941 0.024899598393574297 0.016544117647058824
4 0.8610441767068273 0.7256433823529411 0.09156626506024096 0.2509191176470588
3 0.8791164658634538 0.3428308823529412 0.02971887550200803 0.03308823529411765
1 0.7903614457831325 0.28170955882352944 0.02891566265060241 0.03768382352941176
1 0.7947791164658634 0.34880514705882354 0.04096385542168675 0.06893382352941177
1 0.8863453815261044 0.3915441176470588 0.02650602409638554 0.042279411764705885
1 0.8839357429718876 0.4554227941176471 0.03132530120481928 0.057904411764705885
1 0.8991967871485944 0.5431985294117647 0.04578313253012048 0.07169117647058823
1 0.3068273092369478 0.15211397058823528 0.01927710843373494 0.03216911764705882
1 0.27590361445783135 0.18060661764705882 0.02971887550200803 0.035845588235294115
3 0.7907630522088354 0.20588235294117646 0.020080321285140562 0.027573529411764705
2 0.6971887550200804 0.9407169117647058 0.12048192771084337 0.11856617647058823
2 0.40562248995983935 0.0896139705882353 0.01927710843373494 0.021139705882352942
1 0.8931726907630522 0.5588235294117647 0.040160642570281124 0.07169117647058823
