1 0.5558232931726907 0.21001838235294118 0.024096385542168676 0.02849264705882353
1 0.5734939759036145 0.22931985294117646 0.014457831325301205 0.02297794117647059
1 0.5887550200803213 0.22334558823529413 0.017670682730923693 0.025735294117647058
1 0.6048192771084338 0.21966911764705882 0.014457831325301205 0.022058823529411766
1 0.16305220883534136 0.359375 0.06907630522088354 0.0900735294117647
1 0.2469879518072289 0.7964154411764706 0.10040160642570281 0.12040441176470588
3 0.3369477911646586 0.7936580882352942 0.061847389558232935 0.07077205882352941
2 0.4686746987951807 0.21507352941176472 0.10040160642570281 0.0625
2 0.3257028112449799 0.18198529411764705 0.060240963855421686 0.042279411764705885
2 0.24016064257028114 0.15487132352941177 0.017670682730923693 0.019301470588235295
2 0.25502008032128515 0.15946691176470587 0.020080321285140562 0.021139705882352942
2 0.27309236947791166 0.16544117647058823 0.02891566265060241 0.027573529411764705
2 0.3690763052208835 0.14246323529411764 0.04417670682730924 0.025735294117647058
2 0.42048192771084336 0.16314338235294118 0.05220883534136546 0.02849264705882353
2 0.7931726907630522 0.45358455882352944 0.05220883534136546 0.0744485294117647
2 0.6538152610441768 0.2265625 0.01927710843373494 0.019301470588235295
2 0.6702811244979919 0.22564338235294118 0.015261044176706828 0.019301470588235295
1 0.6224899598393574 0.22840073529411764 0.01285140562248996 0.019301470588235295
1 0.6224899598393574 0.23805147058823528 0.01606425702811245 0.02022058823529412
1 0.6381526104417671 0.23529411764705882 0.013654618473895583 0.025735294117647058
1 0.697991967871486 0.23161764705882354 0.008032128514056224 0.012867647058823529
1 0.6871485943775101 0.23621323529411764 0.010441767068273093 0.012867647058823529
1 0.6738955823293172 0.23621323529411764 0.01285140562248996 0.014705882352941176
1 0.6646586345381527 0.23943014705882354 0.012048192771084338 0.015625
1 0.6538152610441768 0.23943014705882354 0.01285140562248996 0.015625
1 0.6987951807228916 0.23988970588235295 0.00963855421686747 0.014705882352941176
1 0.7032128514056225 0.2495404411764706 0.012048192771084338 0.015625
2 0.6662650602409639 0.2587316176470588 0.03132530120481928 0.024816176470588234
1 0.6590361445783133 0.27205882352941174 0.016867469879518072 0.027573529411764705
1 0.6044176706827309 0.2555147058823529 0.028112449799196786 0.034926470588235295
1 0.8160642570281125 0.5395220588235294 0.040160642570281124 0.04963235294117647
1 0.8168674698795181 0.5946691176470589 0.05140562248995984 0.05330882352941176
2 0.870281124497992 0.7477022058823529 0.060240963855421686 0.10753676470588236
3 0.7433734939759036 0.39246323529411764 0.03132530120481928 0.042279411764705885
3 0.6835341365461848 0.28952205882352944 0.01606425702811245 0.025735294117647058
1 0.6995983935742972 0.33409926470588236 0.020883534136546186 0.03216911764705882
