3 0.9365853658536586 0.6245404411764706 0.03739837398373984 0.05606617647058824
3 0.1524390243902439 0.6236213235294118 0.06260162601626017 0.06709558823529412
2 0.6829268292682927 0.20726102941176472 0.08943089430894309 0.04503676470588235
2 0.4666666666666667 0.17830882352941177 0.07804878048780488 0.03676470588235294
2 0.7719512195121951 0.23115808823529413 0.06097560975609756 0.03768382352941176
1 0.5004065040650406 0.16130514705882354 0.01869918699186992 0.021139705882352942
1 0.5280487804878049 0.1640625 0.023577235772357725 0.02665441176470588
2 0.8760162601626016 0.2771139705882353 0.02195121951219512 0.02849264705882353
2 0.717479674796748 0.19715073529411764 0.06260162601626017 0.03952205882352941
2 0.8390243902439024 0.2601102941176471 0.04227642276422764 0.034926470588235295
2 0.08536585365853659 0.5202205882352942 0.03577235772357724 0.0974264705882353
2 0.11341463414634147 0.3492647058823529 0.028455284552845527 0.034926470588235295
3 0.0475609756097561 0.5514705882352942 0.01869918699186992 0.03125
3 0.0540650406504065 0.5284926470588235 0.02032520325203252 0.03125
