1 0.41566265060240964 0.19255514705882354 0.013654618473895583 0.021139705882352942
1 0.40522088353413654 0.19025735294117646 0.010441767068273093 0.02389705882352941
1 0.39437751004016064 0.18520220588235295 0.01285140562248996 0.02849264705882353
1 0.378714859437751 0.17463235294117646 0.013654618473895583 0.022058823529411766
1 0.3678714859437751 0.17509191176470587 0.011244979919678716 0.02297794117647059
1 0.3606425702811245 0.18841911764705882 0.01285140562248996 0.022058823529411766
1 0.3485943775100402 0.18841911764705882 0.011244979919678716 0.022058823529411766
1 0.3333333333333333 0.18428308823529413 0.01927710843373494 0.02849264705882353
1 0.25582329317269076 0.22288602941176472 0.021686746987951807 0.043198529411764705
1 0.16586345381526105 0.24586397058823528 0.021686746987951807 0.04136029411764706
1 0.142570281124498 0.25827205882352944 0.013654618473895583 0.04044117647058824
1 0.12248995983935743 0.2688419117647059 0.012048192771084338 0.03400735294117647
1 0.10722891566265061 0.28262867647058826 0.013654618473895583 0.02665441176470588
1 0.09598393574297188 0.2881433823529412 0.010441767068273093 0.02297794117647059
1 0.5465863453815261 0.23023897058823528 0.03132530120481928 0.02665441176470588
2 0.43293172690763054 0.25643382352941174 0.12690763052208837 0.058823529411764705
2 0.770281124497992 0.3272058823529412 0.017670682730923693 0.016544117647058824
1 0.7353413654618474 0.2977941176470588 0.010441767068273093 0.011029411764705883
1 0.7076305220883534 0.2881433823529412 0.01285140562248996 0.015625
1 0.7779116465863454 0.3524816176470588 0.010441767068273093 0.019301470588235295
1 0.5457831325301205 0.2532169117647059 0.028112449799196786 0.02665441176470588
1 0.5096385542168674 0.44025735294117646 0.0714859437751004 0.07904411764705882
3 0.7963855421686747 0.44715073529411764 0.023293172690763052 0.03216911764705882
2 0.44497991967871486 0.18979779411764705 0.046586345381526104 0.04871323529411765
1 0.7803212851405622 0.3708639705882353 0.016867469879518072 0.03216911764705882
1 0.642570281124498 0.25505514705882354 0.020883534136546186 0.024816176470588234
1 0.6899598393574298 0.2725183823529412 0.01927710843373494 0.021139705882352942
1 0.6646586345381527 0.2789522058823529 0.021686746987951807 0.02849264705882353
