2 0.7169354838709677 0.4071691176470588 0.08064516129032258 0.0900735294117647
1 0.17096774193548386 0.6856617647058824 0.07903225806451612 0.0661764705882353
1 0.7205645161290323 0.36902573529411764 0.02338709677419355 0.02665441176470588
1 0.4290322580645161 0.21507352941176472 0.03225806451612903 0.03860294117647059
1 0.4866935483870968 0.19806985294117646 0.03306451612903226 0.030330882352941176
1 0.4959677419354839 0.20772058823529413 0.03870967741935484 0.03125
1 0.5153225806451613 0.30422794117647056 0.03387096774193549 0.05330882352941176
2 0.8314516129032258 0.6663602941176471 0.07258064516129033 0.12683823529411764
2 0.822983870967742 0.5353860294117647 0.07661290322580645 0.10018382352941177
0 0.3362903225806452 0.15716911764705882 0.09838709677419355 0.0661764705882353
2 0.2778225806451613 0.17371323529411764 0.025 0.02389705882352941
1 0.28669354838709676 0.19393382352941177 0.018548387096774192 0.027573529411764705
1 0.3092741935483871 0.19209558823529413 0.016935483870967744 0.027573529411764705
1 0.5733870967741935 0.21323529411764705 0.02258064516129032 0.02022058823529412
2 0.6479838709677419 0.2261029411764706 0.025 0.022058823529411766
3 0.7806451612903226 0.46691176470588236 0.037096774193548385 0.04595588235294118
