2 0.3 0.18152573529411764 0.04227642276422764 0.03768382352941176
2 0.3955284552845528 0.1645220588235294 0.04796747967479675 0.042279411764705885
1 0.34227642276422765 0.18566176470588236 0.027642276422764227 0.04595588235294118
1 0.5349593495934959 0.18979779411764705 0.032520325203252036 0.03400735294117647
1 0.4272357723577236 0.19255514705882354 0.046341463414634146 0.04503676470588235
1 0.32439024390243903 0.21966911764705882 0.04878048780487805 0.05330882352941176
2 0.12113821138211382 0.2936580882352941 0.07317073170731707 0.08363970588235294
1 0.2703252032520325 0.21369485294117646 0.041463414634146344 0.05238970588235294
1 0.32398373983739837 0.45266544117647056 0.11626016260162601 0.1130514705882353
1 0.6439024390243903 0.42830882352941174 0.06341463414634146 0.06801470588235294
2 0.275609756097561 0.3524816176470588 0.2016260162601626 0.12775735294117646
4 0.667479674796748 0.27205882352941174 0.0959349593495935 0.06985294117647059
2 0.5788617886178862 0.22196691176470587 0.08943089430894309 0.06525735294117647
1 0.733739837398374 0.2509191176470588 0.025203252032520326 0.02389705882352941
1 0.708130081300813 0.24310661764705882 0.026016260162601626 0.030330882352941176
1 0.675609756097561 0.23023897058823528 0.026016260162601626 0.019301470588235295
4 0.7638211382113821 0.2614889705882353 0.036585365853658534 0.03400735294117647
2 0.7719512195121951 0.2867647058823529 0.043089430894308944 0.03308823529411765
2 0.824390243902439 0.30422794117647056 0.01788617886178862 0.029411764705882353
2 0.8130081300813008 0.3014705882352941 0.01951219512195122 0.027573529411764705
2 0.8455284552845529 0.3244485294117647 0.016260162601626018 0.022058823529411766
2 0.8239837398373984 0.32996323529411764 0.023577235772357725 0.03125
2 0.8540650406504066 0.36075367647058826 0.02032520325203252 0.030330882352941176
2 0.8276422764227642 0.36580882352941174 0.03739837398373984 0.04779411764705882
1 0.7686991869918699 0.39246323529411764 0.04796747967479675 0.05330882352941176
1 0.08536585365853659 0.6415441176470589 0.07479674796747968 0.07536764705882353
1 0.8699186991869918 0.6254595588235294 0.04390243902439024 0.06525735294117647
1 0.8471544715447155 0.7072610294117647 0.05203252032520325 0.06341911764705882
1 0.20934959349593496 0.21966911764705882 0.01707317073170732 0.034926470588235295
2 0.4410569105691057 0.16636029411764705 0.026829268292682926 0.027573529411764705
