2 0.9885416666666667 0.46067708333333335 0.017708333333333333 0.030729166666666665
2 0.984375 0.4869791666666667 0.019791666666666666 0.021875
2 0.9768229166666667 0.47369791666666666 0.019270833333333334 0.030729166666666665
2 0.8877604166666667 0.22838541666666667 0.019270833333333334 0.0171875
0 0.9888020833333333 0.5942708333333333 0.021354166666666667 0.034375
2 0.81171875 0.11744791666666667 0.0296875 0.034895833333333334
4 0.815625 0.07421875 0.021875 0.024479166666666666
1 0.022916666666666665 0.30078125 0.013541666666666667 0.0078125
1 0.039322916666666666 0.27109375 0.013020833333333334 0.009895833333333333
1 0.9518229166666666 0.6268229166666667 0.021354166666666667 0.018229166666666668
1 0.8080729166666667 0.52578125 0.05364583333333333 0.03697916666666667
1 0.7880208333333333 0.15729166666666666 0.025 0.03125
1 0.70625 0.13125 0.029166666666666667 0.03333333333333333
3 0.11328125 0.3411458333333333 0.0421875 0.021875
1 0.5625 0.017708333333333333 0.013541666666666667 0.023958333333333335
4 0.9731770833333333 0.5434895833333333 0.025520833333333333 0.044270833333333336
