2 0.9846354166666667 0.48671875 0.016145833333333335 0.0203125
2 0.9768229166666667 0.47317708333333336 0.0203125 0.030729166666666665
2 0.8885416666666667 0.22708333333333333 0.023958333333333335 0.017708333333333333
3 0.1515625 0.3848958333333333 0.04895833333333333 0.021875
3 0.02421875 0.32760416666666664 0.011979166666666667 0.00625
1 0.0453125 0.30833333333333335 0.019791666666666666 0.011458333333333333
1 0.04973958333333333 0.27682291666666664 0.0171875 0.0109375
1 0.0328125 0.28489583333333335 0.017708333333333333 0.009375
2 0.7950520833333333 0.06614583333333333 0.018229166666666668 0.01875
2 0.7705729166666667 0.06171875 0.019270833333333334 0.022395833333333334
0 0.8223958333333333 0.12395833333333334 0.06145833333333333 0.08125
2 0.7630208333333334 0.14140625 0.053125 0.05677083333333333
2 0.6364583333333333 0.12213541666666666 0.10208333333333333 0.06927083333333334
2 0.21640625 0.18125 0.08385416666666666 0.06354166666666666
2 0.1 0.23984375 0.036458333333333336 0.030729166666666665
1 0.5072916666666667 0.14348958333333334 0.05416666666666667 0.05260416666666667
1 0.25546875 0.20052083333333334 0.0453125 0.04479166666666667
1 0.4861979166666667 0.034375 0.019270833333333334 0.03125
2 0.9677083333333333 0.48098958333333336 0.021875 0.034895833333333334
2 0.15572916666666667 0.2734375 0.078125 0.053125
3 0.10755208333333334 0.19401041666666666 0.018229166666666668 0.016145833333333335
2 0.9822916666666667 0.6315104166666666 0.010416666666666666 0.015104166666666667
2 0.09895833333333333 0.19609375 0.027083333333333334 0.0296875
2 0.052083333333333336 0.23333333333333334 0.013541666666666667 0.015625
1 0.021614583333333333 0.29973958333333334 0.011979166666666667 0.009895833333333333
2 0.5138020833333333 0.007552083333333333 0.034895833333333334 0.0140625
4 0.6067708333333334 0.009114583333333334 0.036458333333333336 0.0171875
