1 0.17258064516129032 0.6870404411764706 0.07903225806451612 0.06709558823529412
1 0.7298387096774194 0.38327205882352944 0.025806451612903226 0.029411764705882353
1 0.7431451612903226 0.3984375 0.025 0.030330882352941176
1 0.7504032258064516 0.4117647058823529 0.025 0.03125
1 0.8060483870967742 0.5183823529411765 0.050806451612903224 0.04595588235294118
1 0.7451612903225806 0.4834558823529412 0.0532258064516129 0.042279411764705885
1 0.5935483870967742 0.35431985294117646 0.043548387096774194 0.06525735294117647
1 0.594758064516129 0.40808823529411764 0.04758064516129032 0.06801470588235294
1 0.42983870967741933 0.18244485294117646 0.025806451612903226 0.02665441176470588
1 0.5576612903225806 0.20542279411764705 0.021774193548387097 0.024816176470588234
2 0.3592741935483871 0.1875 0.07016129032258064 0.042279411764705885
2 0.5177419354838709 0.21461397058823528 0.07419354838709677 0.03952205882352941
2 0.2810483870967742 0.17784926470588236 0.04112903225806452 0.03400735294117647
2 0.8689516129032258 0.7711397058823529 0.04596774193548387 0.0974264705882353
2 0.2254032258064516 0.18612132352941177 0.031451612903225803 0.03216911764705882
1 0.3133064516129032 0.16176470588235295 0.012096774193548387 0.01838235294117647
1 0.22741935483870968 0.20128676470588236 0.012903225806451613 0.025735294117647058
1 0.6245967741935484 0.23253676470588236 0.01532258064516129 0.02022058823529412
1 0.7443548387096774 0.5220588235294118 0.0532258064516129 0.051470588235294115
1 0.7645161290322581 0.5790441176470589 0.05967741935483871 0.0625
1 0.8100806451612903 0.6553308823529411 0.04758064516129032 0.04963235294117647
1 0.8475806451612903 0.6328125 0.03064516129032258 0.035845588235294115
2 0.6540322580645161 0.22931985294117646 0.025806451612903226 0.024816176470588234
