2 0.3008130081300813 0.17601102941176472 0.03739837398373984 0.03216911764705882
2 0.39715447154471545 0.1636029411764706 0.041463414634146344 0.03308823529411765
2 0.441869918699187 0.16636029411764705 0.01869918699186992 0.022058823529411766
2 0.85 0.35431985294117646 0.015447154471544716 0.02665441176470588
2 0.8495934959349594 0.28125 0.008130081300813009 0.009191176470588236
2 0.8426829268292683 0.2743566176470588 0.00894308943089431 0.01011029411764706
2 0.843089430894309 0.28308823529411764 0.008130081300813009 0.011029411764705883
1 0.8504065040650407 0.29411764705882354 0.008130081300813009 0.011029411764705883
1 0.8577235772357723 0.3014705882352941 0.008130081300813009 0.009191176470588236
1 0.848780487804878 0.30284926470588236 0.008130081300813009 0.01011029411764706
1 0.8532520325203252 0.31295955882352944 0.00894308943089431 0.01011029411764706
1 0.8569105691056911 0.32215073529411764 0.008130081300813009 0.011948529411764705
1 0.8349593495934959 0.27481617647058826 0.008130081300813009 0.009191176470588236
1 0.8276422764227642 0.27159926470588236 0.008130081300813009 0.01011029411764706
1 0.832520325203252 0.28400735294117646 0.008130081300813009 0.009191176470588236
1 0.8260162601626017 0.27941176470588236 0.008130081300813009 0.009191176470588236
1 0.8138211382113821 0.2647058823529412 0.008130081300813009 0.009191176470588236
1 0.8186991869918699 0.2734375 0.008130081300813009 0.01011029411764706
1 0.8203252032520325 0.27941176470588236 0.008130081300813009 0.009191176470588236
1 0.7504065040650406 0.2555147058823529 0.01788617886178862 0.014705882352941176
2 0.8382113821138212 0.29411764705882354 0.008130081300813009 0.012867647058823529
2 0.8292682926829268 0.3005514705882353 0.013008130081300813 0.022058823529411766
2 0.8410569105691057 0.3244485294117647 0.012195121951219513 0.02022058823529412
2 0.7731707317073171 0.27159926470588236 0.02926829268292683 0.024816176470588234
2 0.8 0.29733455882352944 0.026016260162601626 0.02849264705882353
2 0.8113821138211382 0.32950367647058826 0.026016260162601626 0.030330882352941176
1 0.693089430894309 0.22748161764705882 0.012195121951219513 0.021139705882352942
1 0.7036585365853658 0.23988970588235295 0.01869918699186992 0.02022058823529412
1 0.8239837398373984 0.3515625 0.012195121951219513 0.019301470588235295
1 0.8642276422764228 0.34650735294117646 0.00975609756097561 0.014705882352941176
1 0.8739837398373984 0.3552389705882353 0.008130081300813009 0.011948529411764705
1 0.8682926829268293 0.36534926470588236 0.008130081300813009 0.01011029411764706
1 0.8609756097560975 0.37637867647058826 0.008130081300813009 0.011948529411764705
1 0.8463414634146341 0.37316176470588236 0.011382113821138212 0.014705882352941176
1 0.8414634146341463 0.390625 0.016260162601626018 0.02389705882352941
1 0.8252032520325203 0.37454044117647056 0.016260162601626018 0.024816176470588234
1 0.8085365853658537 0.3671875 0.01707317073170732 0.024816176470588234
1 0.7784552845528455 0.38327205882352944 0.03008130081300813 0.03860294117647059
1 0.8052845528455285 0.42003676470588236 0.028455284552845527 0.03676470588235294
1 0.7276422764227642 0.38786764705882354 0.04065040650406504 0.051470588235294115
1 0.7621951219512195 0.45128676470588236 0.041463414634146344 0.04595588235294118
1 0.5833333333333334 0.2109375 0.028455284552845527 0.03216911764705882
1 0.6682926829268293 0.4163602941176471 0.05203252032520325 0.05698529411764706
2 0.651219512195122 0.25965073529411764 0.08780487804878048 0.050551470588235295
2 0.5995934959349594 0.31755514705882354 0.14552845528455285 0.078125
1 0.8678861788617886 0.6158088235294118 0.036585365853658534 0.03125
1 0.8609756097560975 0.6686580882352942 0.03739837398373984 0.043198529411764705
1 0.8422764227642277 0.7003676470588235 0.03902439024390244 0.051470588235294115
2 0.691869918699187 0.8046875 0.11382113821138211 0.2601102941176471
4 0.13902439024390245 0.2536764705882353 0.061788617886178863 0.07904411764705882
2 0.09024390243902439 0.34420955882352944 0.04878048780487805 0.0744485294117647
1 0.39227642276422764 0.20082720588235295 0.044715447154471545 0.03768382352941176
1 0.4491869918699187 0.21599264705882354 0.041463414634146344 0.05514705882352941
1 0.4691056910569106 0.2693014705882353 0.05365853658536585 0.05330882352941176
1 0.30934959349593494 0.21369485294117646 0.036585365853658534 0.03768382352941176
1 0.3394308943089431 0.2270220588235294 0.04959349593495935 0.042279411764705885
1 0.2548780487804878 0.2495404411764706 0.04959349593495935 0.05606617647058824
1 0.6345528455284553 0.5091911764705882 0.08536585365853659 0.07720588235294118
1 0.32398373983739837 0.546875 0.11138211382113822 0.0900735294117647
1 0.12764227642276424 0.5533088235294118 0.06504065040650407 0.06433823529411764
1 0.13739837398373983 0.6272977941176471 0.07479674796747968 0.06893382352941177
2 0.16747967479674797 0.375 0.13495934959349593 0.10477941176470588
2 0.05447154471544716 0.53125 0.04390243902439024 0.09375
3 0.3491869918699187 0.17095588235294118 0.015447154471544716 0.03308823529411765
