1 0.14857142857142858 0.3556985294117647 0.05877551020408163 0.09375
2 0.3575510204081633 0.14246323529411764 0.045714285714285714 0.027573529411764705
2 0.7910204081632654 0.45174632352941174 0.05714285714285714 0.07628676470588236
3 0.7253061224489796 0.36902573529411764 0.025306122448979593 0.035845588235294115
3 0.7342857142857143 0.3864889705882353 0.02857142857142857 0.04136029411764706
3 0.7444897959183674 0.39659926470588236 0.027755102040816326 0.04136029411764706
3 0.31020408163265306 0.7628676470588235 0.06693877551020408 0.07904411764705882
1 0.23959183673469386 0.7931985294117647 0.09714285714285714 0.125
2 0.40938775510204084 0.16268382352941177 0.053061224489795916 0.025735294117647058
2 0.2163265306122449 0.15165441176470587 0.013061224489795919 0.016544117647058824
2 0.23061224489795917 0.15303308823529413 0.017142857142857144 0.021139705882352942
2 0.24040816326530612 0.15900735294117646 0.0236734693877551 0.02389705882352941
0 0.2795918367346939 0.17095588235294118 0.04 0.034926470588235295
2 0.39510204081632655 0.37454044117647056 0.16326530612244897 0.17555147058823528
1 0.5004081632653061 0.22931985294117646 0.03918367346938775 0.04136029411764706
1 0.3273469387755102 0.21231617647058823 0.03428571428571429 0.042279411764705885
0 0.9053061224489796 0.7068014705882353 0.0326530612244898 0.06985294117647059
1 0.8351020408163266 0.5243566176470589 0.022857142857142857 0.04503676470588235
1 0.8440816326530612 0.5409007352941176 0.024489795918367346 0.04136029411764706
1 0.8644897959183674 0.5799632352941176 0.022857142857142857 0.03860294117647059
1 0.873061224489796 0.6121323529411765 0.02857142857142857 0.04595588235294118
1 0.8624489795918368 0.6006433823529411 0.04 0.046875
1 0.8820408163265306 0.7256433823529411 0.03183673469387755 0.04136029411764706
1 0.8902040816326531 0.8000919117647058 0.03183673469387755 0.03400735294117647
1 0.6946938775510204 0.33088235294117646 0.024489795918367346 0.03308823529411765
1 0.5669387755102041 0.30284926470588236 0.04 0.05238970588235294
1 0.25142857142857145 0.17003676470588236 0.019591836734693877 0.025735294117647058
1 0.29061224489795917 0.19117647058823528 0.022857142857142857 0.03308823529411765
1 0.5775510204081633 0.20726102941176472 0.018775510204081632 0.024816176470588234
1 0.5930612244897959 0.21277573529411764 0.017142857142857144 0.024816176470588234
1 0.6044897959183674 0.21369485294117646 0.015510204081632653 0.021139705882352942
2 0.6212244897959184 0.22380514705882354 0.029387755102040815 0.021139705882352942
1 0.6151020408163266 0.23529411764705882 0.02040816326530612 0.025735294117647058
1 0.633061224489796 0.2426470588235294 0.018775510204081632 0.02389705882352941
1 0.6481632653061224 0.23345588235294118 0.013061224489795919 0.02022058823529412
1 0.669795918367347 0.2348345588235294 0.010612244897959184 0.017463235294117647
1 0.6918367346938775 0.23943014705882354 0.008979591836734694 0.017463235294117647
2 0.6644897959183673 0.22977941176470587 0.02122448979591837 0.022058823529411766
