2 0.2983739837398374 0.17693014705882354 0.03577235772357724 0.03952205882352941
1 0.8695121951219512 0.6153492647058824 0.036585365853658534 0.04503676470588235
1 0.8617886178861789 0.6576286764705882 0.04552845528455285 0.050551470588235295
1 0.8459349593495935 0.7022058823529411 0.04796747967479675 0.05514705882352941
3 0.5589430894308943 0.75 0.08373983739837398 0.07536764705882353
1 0.6215447154471545 0.3915441176470588 0.07073170731707316 0.07904411764705882
1 0.5747967479674797 0.5 0.09268292682926829 0.09558823529411764
2 0.39634146341463417 0.16498161764705882 0.043089430894308944 0.03952205882352941
1 0.49552845528455286 0.18566176470588236 0.028455284552845527 0.03308823529411765
2 0.3910569105691057 0.2417279411764706 0.16910569105691056 0.08088235294117647
1 0.06504065040650407 0.5772058823529411 0.055284552845528454 0.08088235294117647
2 0.802439024390244 0.2945772058823529 0.027642276422764227 0.030330882352941176
2 0.8199186991869919 0.31295955882352944 0.01707317073170732 0.021139705882352942
1 0.8345528455284553 0.3671875 0.015447154471544716 0.02297794117647059
2 0.8028455284552846 0.33318014705882354 0.046341463414634146 0.04871323529411765
2 0.6800813008130081 0.2614889705882353 0.07560975609756097 0.057904411764705885
1 0.8284552845528456 0.3883272058823529 0.022764227642276424 0.03216911764705882
1 0.790650406504065 0.390625 0.03008130081300813 0.04595588235294118
1 0.758130081300813 0.36213235294117646 0.03170731707317073 0.04044117647058824
2 0.515040650406504 0.3079044117647059 0.15040650406504066 0.09926470588235294
4 0.13333333333333333 0.25827205882352944 0.06829268292682927 0.08639705882352941
1 0.6955284552845529 0.22518382352941177 0.01707317073170732 0.029411764705882353
