2 0.80390625 0.1254595588235294 0.04739583333333333 0.0818014705882353
1 0.11145833333333334 0.8915441176470589 0.0375 0.10477941176470588
1 0.02578125 0.8400735294117647 0.024479166666666666 0.07352941176470588
1 0.05078125 0.8469669117647058 0.0265625 0.09283088235294118
2 0.07682291666666667 0.26838235294117646 0.030729166666666665 0.06801470588235294
3 0.019010416666666665 0.7711397058823529 0.027604166666666666 0.03125
1 0.8263020833333333 0.16773897058823528 0.0140625 0.02665441176470588
1 0.9 0.4021139705882353 0.021875 0.04136029411764706
1 0.8067708333333333 0.5602022058823529 0.06145833333333333 0.12224264705882353
1 0.19609375 0.1714154411764706 0.0296875 0.06341911764705882
1 0.22604166666666667 0.1870404411764706 0.03854166666666667 0.07628676470588236
1 0.30130208333333336 0.09375 0.03697916666666667 0.06985294117647059
1 0.11770833333333333 0.2541360294117647 0.023958333333333335 0.04503676470588235
1 0.10729166666666666 0.29044117647058826 0.027083333333333334 0.05330882352941176
2 0.04765625 0.5027573529411765 0.044270833333333336 0.10661764705882353
2 0.043229166666666666 0.6291360294117647 0.04479166666666667 0.1056985294117647
4 0.5005208333333333 0.19209558823529413 0.2604166666666667 0.20588235294117646
3 0.32578125 0.05330882352941176 0.016145833333333335 0.05698529411764706
2 0.008072916666666667 0.6594669117647058 0.015104166666666667 0.0744485294117647
2 0.005989583333333334 0.5850183823529411 0.0109375 0.06525735294117647
