1 0.1963265306122449 0.30514705882352944 0.02857142857142857 0.04411764705882353
2 0.5775510204081633 0.23161764705882354 0.017142857142857144 0.012867647058823529
1 0.7277551020408163 0.3161764705882353 0.008979591836734694 0.016544117647058824
1 0.7404081632653061 0.3244485294117647 0.00816326530612245 0.016544117647058824
1 0.6281632653061224 0.2587316176470588 0.015510204081632653 0.013786764705882353
3 0.09755102040816327 0.3478860294117647 0.013877551020408163 0.024816176470588234
1 0.4583673469387755 0.26424632352941174 0.03510204081632653 0.03952205882352941
2 0.45346938775510204 0.22196691176470587 0.06285714285714286 0.02665441176470588
2 0.4816326530612245 0.2601102941176471 0.08653061224489796 0.051470588235294115
1 0.5877551020408164 0.2536764705882353 0.017959183673469388 0.01838235294117647
2 0.7310204081632653 0.35431985294117646 0.06448979591836734 0.05606617647058824
2 0.8008163265306123 0.41268382352941174 0.052244897959183675 0.05330882352941176
1 0.7751020408163265 0.3635110294117647 0.02040816326530612 0.024816176470588234
1 0.8812244897959184 0.5611213235294118 0.025306122448979593 0.03216911764705882
