1 0.17258064516129032 0.6861213235294118 0.07903225806451612 0.06709558823529412
1 0.7298387096774194 0.3818933823529412 0.025806451612903226 0.02849264705882353
1 0.7419354838709677 0.39797794117647056 0.024193548387096774 0.027573529411764705
1 0.75 0.41130514705882354 0.025806451612903226 0.03216911764705882
1 0.34516129032258064 0.7435661764705882 0.07580645161290323 0.15625
2 0.34919354838709676 0.3860294117647059 0.15161290322580645 0.19301470588235295
0 0.3411290322580645 0.16222426470588236 0.10483870967741936 0.06709558823529412
2 0.28911290322580646 0.18428308823529413 0.03951612903225806 0.03400735294117647
2 0.26048387096774195 0.17325367647058823 0.03387096774193549 0.02849264705882353
1 0.3096774193548387 0.19761029411764705 0.020967741935483872 0.029411764705882353
1 0.32661290322580644 0.203125 0.024193548387096774 0.03308823529411765
1 0.5705645161290323 0.20726102941176472 0.016935483870967744 0.02297794117647059
3 0.3278225806451613 0.8189338235294118 0.055645161290322584 0.051470588235294115
2 0.6544354838709677 0.22886029411764705 0.02338709677419355 0.02389705882352941
2 0.635483870967742 0.23023897058823528 0.027419354838709678 0.024816176470588234
