2 0.9848958333333333 0.4869791666666667 0.016666666666666666 0.020833333333333332
2 0.9770833333333333 0.4734375 0.019791666666666666 0.030208333333333334
2 0.8888020833333333 0.22734375 0.024479166666666666 0.018229166666666668
3 0.16458333333333333 0.3296875 0.04375 0.028125
3 0.13776041666666666 0.33697916666666666 0.0359375 0.01875
3 0.1296875 0.34427083333333336 0.04375 0.021875
3 0.27291666666666664 0.09088541666666666 0.015625 0.0234375
2 0.7752604166666667 0.07265625 0.019270833333333334 0.0203125
2 0.7932291666666667 0.0703125 0.016666666666666666 0.01875
1 0.046614583333333334 0.27682291666666664 0.015104166666666667 0.013020833333333334
1 0.228125 0.15833333333333333 0.030208333333333334 0.036458333333333336
1 0.04869791666666667 0.24661458333333333 0.009895833333333333 0.008854166666666666
4 0.18151041666666667 0.15390625 0.049479166666666664 0.05260416666666667
2 0.08697916666666666 0.24557291666666667 0.030208333333333334 0.028645833333333332
2 0.06692708333333333 0.25416666666666665 0.025520833333333333 0.026041666666666668
2 0.05286458333333333 0.234375 0.015104166666666667 0.016666666666666666
2 0.09921875 0.196875 0.025520833333333333 0.027083333333333334
1 0.9747395833333333 0.5380208333333333 0.016145833333333335 0.011458333333333333
1 0.9375 0.45026041666666666 0.029166666666666667 0.0171875
1 0.94453125 0.478125 0.028645833333333332 0.019791666666666666
1 0.9364583333333333 0.46536458333333336 0.028125 0.0171875
4 0.9494791666666667 0.5213541666666667 0.042708333333333334 0.04895833333333333
2 0.9791666666666666 0.60546875 0.015625 0.0203125
2 0.96640625 0.6325520833333333 0.0203125 0.0234375
1 0.9151041666666667 0.35572916666666665 0.03333333333333333 0.03125
1 0.8809895833333333 0.26927083333333335 0.033854166666666664 0.027083333333333334
