2 0.8991967871485944 0.34972426470588236 0.04417670682730924 0.06158088235294118
2 0.457429718875502 0.09926470588235294 0.03293172690763052 0.02022058823529412
1 0.1465863453815261 0.3515625 0.02650602409638554 0.021139705882352942
1 0.14417670682730924 0.3616727941176471 0.023293172690763052 0.024816176470588234
1 0.13694779116465863 0.3818933823529412 0.024899598393574297 0.017463235294117647
1 0.12570281124497992 0.40762867647058826 0.023293172690763052 0.02849264705882353
1 0.12008032128514057 0.4319852941176471 0.024899598393574297 0.025735294117647058
1 0.11244979919678715 0.45266544117647056 0.02570281124497992 0.021139705882352942
1 0.10963855421686747 0.45266544117647056 0.02971887550200803 0.02849264705882353
1 0.09598393574297188 0.5073529411764706 0.024899598393574297 0.03125
1 0.08674698795180723 0.7270220588235294 0.02891566265060241 0.02389705882352941
1 0.08995983935742972 0.7527573529411765 0.02570281124497992 0.027573529411764705
1 0.10722891566265061 0.8138786764705882 0.024899598393574297 0.024816176470588234
1 0.763855421686747 0.21231617647058823 0.02891566265060241 0.034926470588235295
1 0.8128514056224899 0.2734375 0.033734939759036145 0.03768382352941176
1 0.8353413654618473 0.3069852941176471 0.02570281124497992 0.03125
1 0.7903614457831325 0.24678308823529413 0.027309236947791166 0.03400735294117647
1 0.15100401606425704 0.2844669117647059 0.024096385542168676 0.02297794117647059
1 0.20481927710843373 0.2633272058823529 0.020883534136546186 0.02849264705882353
3 0.6847389558232931 0.13878676470588236 0.013654618473895583 0.027573529411764705
1 0.7248995983935743 0.17371323529411764 0.03453815261044177 0.03308823529411765
1 0.8497991967871485 0.3350183823529412 0.030522088353413655 0.03400735294117647
2 0.9373493975903614 0.42325367647058826 0.027309236947791166 0.04871323529411765
3 0.078714859437751 0.578125 0.035341365461847386 0.029411764705882353
1 0.1891566265060241 0.2959558823529412 0.03453815261044177 0.03308823529411765
1 0.40080321285140563 0.09420955882352941 0.00963855421686747 0.017463235294117647
2 0.348995983935743 0.12729779411764705 0.03775100401606426 0.03400735294117647
1 0.11967871485943775 0.7288602941176471 0.03855421686746988 0.08088235294117647
1 0.8863453815261044 0.34237132352941174 0.02650602409638554 0.03400735294117647
1 0.8502008032128514 0.28722426470588236 0.024899598393574297 0.02849264705882353
1 0.7469879518072289 0.19852941176470587 0.024096385542168676 0.025735294117647058
2 0.572289156626506 0.08409926470588236 0.024899598393574297 0.017463235294117647
2 0.457429718875502 0.078125 0.020080321285140562 0.016544117647058824
2 0.3706827309236948 0.10018382352941177 0.021686746987951807 0.016544117647058824
1 0.7771084337349398 0.23069852941176472 0.03132530120481928 0.029411764705882353
2 0.9606425702811245 0.5638786764705882 0.01927710843373494 0.03952205882352941
