2 0.9885416666666667 0.46119791666666665 0.017708333333333333 0.030729166666666665
2 0.9848958333333333 0.4864583333333333 0.017708333333333333 0.019791666666666666
2 0.9760416666666667 0.47317708333333336 0.017708333333333333 0.030729166666666665
2 0.8877604166666667 0.228125 0.0234375 0.01875
2 0.04973958333333333 0.23671875 0.0171875 0.019270833333333334
2 0.16979166666666667 0.16380208333333332 0.05 0.0484375
1 0.1 0.23619791666666667 0.023958333333333335 0.0171875
1 0.065625 0.23072916666666668 0.013541666666666667 0.010416666666666666
1 0.07604166666666666 0.3171875 0.030208333333333334 0.01875
2 0.8971354166666666 0.5942708333333333 0.0390625 0.046875
2 0.8703125 0.2713541666666667 0.046875 0.06770833333333333
2 0.5919270833333333 0.009635416666666667 0.0328125 0.018229166666666668
1 0.05286458333333333 0.24192708333333332 0.0109375 0.008854166666666666
1 0.035416666666666666 0.32083333333333336 0.017708333333333333 0.0125
1 0.93671875 0.6221354166666667 0.025520833333333333 0.015104166666666667
1 0.9546875 0.4895833333333333 0.026041666666666668 0.014583333333333334
2 0.93359375 0.5453125 0.04114583333333333 0.051041666666666666
