1 0.4591145833333333 0.11328125 0.018229166666666668 0.0421875
1 0.5421875 0.0765625 0.0125 0.026041666666666668
1 0.73203125 0.10807291666666667 0.011979166666666667 0.0171875
1 0.7421875 0.13697916666666668 0.014583333333333334 0.01875
1 0.4546875 0.95625 0.015625 0.03854166666666667
1 0.1703125 0.82890625 0.023958333333333335 0.0234375
2 0.63359375 0.06015625 0.019270833333333334 0.019270833333333334
2 0.659375 0.062239583333333334 0.016666666666666666 0.019270833333333334
2 0.6372395833333333 0.08776041666666666 0.022395833333333334 0.027604166666666666
2 0.69375 0.08567708333333333 0.016666666666666666 0.021354166666666667
2 0.7223958333333333 0.09635416666666667 0.015625 0.016666666666666666
0 0.5854166666666667 0.07447916666666667 0.071875 0.07395833333333333
1 0.8130208333333333 0.30572916666666666 0.03333333333333333 0.030208333333333334
1 0.8015625 0.25494791666666666 0.030208333333333334 0.0265625
1 0.23515625 0.29296875 0.034895833333333334 0.030729166666666665
1 0.20729166666666668 0.3359375 0.0375 0.027083333333333334
1 0.19791666666666666 0.35963541666666665 0.03854166666666667 0.0265625
1 0.1703125 0.41119791666666666 0.0375 0.0328125
1 0.15729166666666666 0.4283854166666667 0.05416666666666667 0.03177083333333333
1 0.18229166666666666 0.33645833333333336 0.03958333333333333 0.034375
