2 0.7169354838709677 0.40670955882352944 0.08064516129032258 0.09099264705882353
1 0.17096774193548386 0.6856617647058824 0.07903225806451612 0.0661764705882353
1 0.7209677419354839 0.3694852941176471 0.02258064516129032 0.025735294117647058
1 0.8088709677419355 0.5409007352941176 0.0467741935483871 0.03768382352941176
1 0.8088709677419355 0.5625 0.04838709677419355 0.042279411764705885
1 0.8008064516129032 0.5900735294117647 0.05806451612903226 0.04963235294117647
1 0.7915322580645161 0.6346507352941176 0.06048387096774194 0.06341911764705882
1 0.39153225806451614 0.27527573529411764 0.029838709677419355 0.05606617647058824
1 0.4254032258064516 0.35431985294117646 0.036290322580645164 0.07628676470588236
1 0.4407258064516129 0.4967830882352941 0.06693548387096775 0.11488970588235294
1 0.5907258064516129 0.40579044117647056 0.04596774193548387 0.07077205882352941
1 0.6274193548387097 0.4609375 0.04838709677419355 0.07628676470588236
1 0.6685483870967742 0.39568014705882354 0.03870967741935484 0.06341911764705882
1 0.7 0.48575367647058826 0.041935483870967745 0.07261029411764706
1 0.48104838709677417 0.7339154411764706 0.0717741935483871 0.13694852941176472
1 0.2568548387096774 0.7256433823529411 0.06693548387096775 0.13143382352941177
1 0.36451612903225805 0.9329044117647058 0.07419354838709677 0.09558823529411764
1 0.8274193548387097 0.7141544117647058 0.05806451612903226 0.04963235294117647
2 0.8689516129032258 0.6989889705882353 0.049193548387096775 0.08731617647058823
2 0.8556451612903225 0.7559742647058824 0.0532258064516129 0.10753676470588236
2 0.5701612903225807 0.234375 0.0532258064516129 0.04595588235294118
2 0.38225806451612904 0.17784926470588236 0.06451612903225806 0.03952205882352941
2 0.3778225806451613 0.21875 0.06532258064516129 0.05330882352941176
2 0.5955645161290323 0.27849264705882354 0.05403225806451613 0.05514705882352941
2 0.6540322580645161 0.21966911764705882 0.03064516129032258 0.029411764705882353
2 0.31129032258064515 0.16314338235294118 0.03064516129032258 0.024816176470588234
2 0.27903225806451615 0.17784926470588236 0.04032258064516129 0.03216911764705882
1 0.25766129032258067 0.1796875 0.012096774193548387 0.02297794117647059
1 0.23911290322580644 0.19117647058823528 0.016935483870967744 0.02389705882352941
1 0.22016129032258064 0.19393382352941177 0.016129032258064516 0.022058823529411766
1 0.20524193548387096 0.20220588235294118 0.01532258064516129 0.02389705882352941
1 0.19435483870967743 0.21277573529411764 0.014516129032258065 0.024816176470588234
2 0.6169354838709677 0.22242647058823528 0.035483870967741936 0.03125
3 0.22379032258064516 0.5261948529411765 0.04758064516129032 0.10753676470588236
2 0.8193548387096774 0.5395220588235294 0.07903225806451612 0.10845588235294118
