2 0.8044270833333333 0.12821691176470587 0.044270833333333336 0.07996323529411764
1 0.8604166666666667 0.5307904411764706 0.042708333333333334 0.07077205882352941
1 0.11119791666666666 0.8924632352941176 0.0390625 0.10845588235294118
1 0.026041666666666668 0.8414522058823529 0.027083333333333334 0.07628676470588236
1 0.049479166666666664 0.8460477941176471 0.03333333333333333 0.09834558823529412
2 0.0765625 0.2679227941176471 0.03125 0.06709558823529412
3 0.26666666666666666 0.7757352941176471 0.08125 0.08088235294117647
3 0.26328125 0.8658088235294118 0.0828125 0.06433823529411764
1 0.8265625 0.16819852941176472 0.014583333333333334 0.027573529411764705
1 0.85546875 0.20634191176470587 0.011979166666666667 0.02849264705882353
1 0.9005208333333333 0.3717830882352941 0.019791666666666666 0.04136029411764706
1 0.8791666666666667 0.3795955882352941 0.025 0.051470588235294115
1 0.6372395833333333 0.0546875 0.0359375 0.05606617647058824
1 0.115625 0.27389705882352944 0.022916666666666665 0.04779411764705882
1 0.06614583333333333 0.3170955882352941 0.0125 0.029411764705882353
1 0.44921875 0.04733455882352941 0.05364583333333333 0.07261029411764706
2 0.28567708333333336 0.16819852941176472 0.1421875 0.18933823529411764
2 0.3390625 0.2568933823529412 0.19375 0.17555147058823528
2 0.7875 0.24310661764705882 0.07291666666666667 0.1056985294117647
2 0.6419270833333334 0.32996323529411764 0.19010416666666666 0.18198529411764705
2 0.9013020833333333 0.2881433823529412 0.0203125 0.04503676470588235
2 0.7520833333333333 0.15119485294117646 0.07604166666666666 0.07996323529411764
3 0.3151041666666667 0.05560661764705882 0.017708333333333333 0.05974264705882353
2 0.005989583333333334 0.5988051470588235 0.0109375 0.05422794117647059
