2 0.8869791666666667 0.228125 0.019791666666666666 0.017708333333333333
2 0.9841145833333333 0.48072916666666665 0.019270833333333334 0.025
1 0.89609375 0.6010416666666667 0.03802083333333333 0.025
1 0.9716145833333333 0.6026041666666667 0.015104166666666667 0.01875
1 0.9700520833333334 0.58515625 0.015104166666666667 0.0203125
1 0.871875 0.23932291666666666 0.03125 0.022395833333333334
1 0.8361979166666667 0.20703125 0.0265625 0.033854166666666664
1 0.80859375 0.20859375 0.0296875 0.0390625
1 0.7606770833333333 0.17447916666666666 0.0296875 0.034375
1 0.5322916666666667 0.36041666666666666 0.07291666666666667 0.06666666666666667
1 0.5020833333333333 0.14557291666666666 0.052083333333333336 0.05260416666666667
1 0.7934895833333333 0.09479166666666666 0.013020833333333334 0.01875
3 0.20598958333333334 0.12734375 0.019270833333333334 0.028645833333333332
1 0.04765625 0.2864583333333333 0.0171875 0.013541666666666667
1 0.078125 0.3026041666666667 0.028125 0.019791666666666666
1 0.17421875 0.23229166666666667 0.03802083333333333 0.029166666666666667
1 0.21848958333333332 0.23645833333333333 0.04635416666666667 0.0375
1 0.11458333333333333 0.3658854166666667 0.040625 0.0265625
1 0.5731770833333333 0.014322916666666666 0.013020833333333334 0.024479166666666666
2 0.09895833333333333 0.19609375 0.027083333333333334 0.028645833333333332
2 0.9799479166666667 0.6106770833333334 0.013020833333333334 0.018229166666666668
2 0.9833333333333333 0.58984375 0.011458333333333333 0.0171875
2 0.7731770833333333 0.0734375 0.022395833333333334 0.030208333333333334
2 0.8190104166666666 0.10885416666666667 0.021354166666666667 0.026041666666666668
2 0.022395833333333334 0.28541666666666665 0.013541666666666667 0.015625
2 0.029947916666666668 0.27708333333333335 0.016145833333333335 0.01875
2 0.028385416666666666 0.296875 0.016145833333333335 0.016666666666666666
2 0.1984375 0.19192708333333333 0.07395833333333333 0.05260416666666667
2 0.8244791666666667 0.17291666666666666 0.035416666666666666 0.036458333333333336
2 0.7028645833333333 0.12786458333333334 0.07760416666666667 0.0484375
2 0.36302083333333335 0.13880208333333333 0.121875 0.059895833333333336
2 0.8265625 0.14401041666666667 0.027083333333333334 0.033854166666666664
2 0.09557291666666666 0.24609375 0.034895833333333334 0.028645833333333332
2 0.050520833333333334 0.26875 0.025 0.020833333333333332
1 0.9440104166666666 0.6203125 0.0234375 0.014583333333333334
3 0.8614583333333333 0.159375 0.015625 0.016666666666666666
2 0.04375 0.3346354166666667 0.027083333333333334 0.021354166666666667
1 0.9388020833333334 0.4786458333333333 0.0328125 0.016666666666666666
