2 0.5299539170506913 0.10983455882352941 0.029493087557603687 0.030330882352941176
3 0.391705069124424 0.8203125 0.03870967741935484 0.05422794117647059
1 0.556221198156682 0.1171875 0.01566820276497696 0.030330882352941176
1 0.0576036866359447 0.49402573529411764 0.02857142857142857 0.01011029411764706
1 0.06175115207373272 0.5101102941176471 0.03133640552995392 0.012867647058823529
2 0.09631336405529954 0.4186580882352941 0.04884792626728111 0.046875
1 0.28755760368663597 0.2035845588235294 0.029493087557603687 0.03400735294117647
2 0.5405529953917051 0.27159926470588236 0.15391705069124423 0.078125
3 0.4258064516129032 0.12454044117647059 0.011059907834101382 0.02849264705882353
3 0.41751152073732717 0.12270220588235294 0.011059907834101382 0.024816176470588234
4 0.9124423963133641 0.3625919117647059 0.06267281105990784 0.057904411764705885
1 0.9414746543778801 0.48299632352941174 0.03778801843317972 0.019301470588235295
1 0.7986175115207373 0.7012867647058824 0.06728110599078341 0.051470588235294115
