1 0.265625 0.8640625 0.0328125 0.0390625
4 0.430859375 0.178125 0.07265625 0.075
1 0.276171875 0.212109375 0.04296875 0.03515625
1 0.284765625 0.18671875 0.03515625 0.0328125
1 0.30078125 0.167578125 0.0359375 0.03515625
1 0.2140625 0.196875 0.03125 0.028125
1 0.196484375 0.2265625 0.03046875 0.0234375
1 0.1953125 0.2140625 0.0328125 0.0234375
1 0.19609375 0.20390625 0.03125 0.0203125
2 0.167578125 0.212890625 0.02734375 0.02890625
1 0.17109375 0.23125 0.0265625 0.025
2 0.45234375 0.05078125 0.0296875 0.0265625
2 0.473046875 0.041015625 0.02109375 0.02265625
2 0.4859375 0.0359375 0.021875 0.01875
2 0.511328125 0.028515625 0.01796875 0.01484375
2 0.64609375 0.037890625 0.0140625 0.01328125
2 0.616796875 0.028515625 0.01328125 0.01328125
2 0.673828125 0.0671875 0.02265625 0.021875
2 0.68671875 0.083203125 0.0234375 0.01953125
1 0.7421875 0.2265625 0.0328125 0.0390625
1 0.755859375 0.187890625 0.03515625 0.03359375
1 0.744140625 0.169921875 0.03515625 0.02734375
1 0.782421875 0.199609375 0.03046875 0.02734375
1 0.820703125 0.250390625 0.03515625 0.02578125
1 0.817578125 0.22265625 0.03046875 0.0203125
1 0.828125 0.239453125 0.028125 0.02421875
1 0.849609375 0.25703125 0.02890625 0.0234375
1 0.84453125 0.24375 0.0234375 0.01875
2 0.8890625 0.30859375 0.046875 0.0421875
2 0.919140625 0.333984375 0.03359375 0.03671875
2 0.946484375 0.3640625 0.02578125 0.025
2 0.856640625 0.46796875 0.06484375 0.1234375
1 0.755078125 0.38125 0.05078125 0.05
2 0.596484375 0.52890625 0.12734375 0.2234375
2 0.81953125 0.62578125 0.084375 0.1203125
2 0.787109375 0.734375 0.06328125 0.05625
2 0.600390625 0.814453125 0.08984375 0.11171875
2 0.49609375 0.834375 0.0578125 0.10625
2 0.551953125 0.91328125 0.03671875 0.0421875
4 0.523828125 0.96796875 0.06015625 0.0484375
2 0.478515625 0.959375 0.03984375 0.03125
