3 0.8223577235772358 0.5514705882352942 0.06097560975609756 0.09375
2 0.13495934959349593 0.3318014705882353 0.032520325203252036 0.04595588235294118
3 0.9609756097560975 0.48621323529411764 0.01951219512195122 0.034926470588235295
3 0.9504065040650407 0.47840073529411764 0.01788617886178862 0.03400735294117647
3 0.9443089430894309 0.4678308823529412 0.023577235772357725 0.04963235294117647
1 0.06869918699186991 0.4586397058823529 0.026829268292682926 0.029411764705882353
3 0.34552845528455284 0.19301470588235295 0.014634146341463415 0.022058823529411766
2 0.8329268292682926 0.24080882352941177 0.036585365853658534 0.029411764705882353
3 0.09390243902439024 0.5836397058823529 0.034959349593495934 0.04779411764705882
3 0.09065040650406504 0.6011029411764706 0.03170731707317073 0.04779411764705882
3 0.08780487804878048 0.6277573529411765 0.03577235772357724 0.04595588235294118
2 0.07764227642276422 0.5193014705882353 0.034959349593495934 0.0974264705882353
2 0.10365853658536585 0.3874080882352941 0.03008130081300813 0.043198529411764705
0 0.07804878048780488 0.38097426470588236 0.030894308943089432 0.050551470588235295
1 0.2121951219512195 0.9315257352941176 0.061788617886178863 0.06525735294117647
