1 0.380241935483871 0.8943014705882353 0.08629032258064516 0.13419117647058823
1 0.7193548387096774 0.45955882352941174 0.054838709677419356 0.06066176470588235
1 0.6483870967741936 0.31204044117647056 0.027419354838709678 0.043198529411764705
2 0.2725806451612903 0.17095588235294118 0.037096774193548385 0.029411764705882353
2 0.3024193548387097 0.18244485294117646 0.03870967741935484 0.02849264705882353
1 0.39153225806451614 0.1957720588235294 0.029838709677419355 0.04411764705882353
3 0.7241935483870968 0.40119485294117646 0.02903225806451613 0.04136029411764706
1 0.7298387096774194 0.3828125 0.02258064516129032 0.02849264705882353
1 0.7431451612903226 0.3984375 0.02338709677419355 0.030330882352941176
1 0.7536290322580645 0.4103860294117647 0.02661290322580645 0.035845588235294115
1 0.3092741935483871 0.1953125 0.029838709677419355 0.03952205882352941
