1 0.1642570281124498 0.36121323529411764 0.06506024096385542 0.09191176470588236
1 0.2497991967871486 0.7936580882352942 0.09317269076305221 0.11488970588235294
3 0.342570281124498 0.7987132352941176 0.05542168674698795 0.0625
1 0.3742971887550201 0.546875 0.07550200803212852 0.11948529411764706
1 0.3855421686746988 0.4296875 0.05783132530120482 0.1056985294117647
2 0.24056224899598394 0.14292279411764705 0.016867469879518072 0.015625
2 0.26626506024096386 0.14659926470588236 0.015261044176706828 0.015625
4 0.2815261044176707 0.15027573529411764 0.028112449799196786 0.024816176470588234
1 0.40281124497991966 0.17555147058823528 0.024899598393574297 0.027573529411764705
1 0.357429718875502 0.22748161764705882 0.033734939759036145 0.04871323529411765
1 0.28795180722891567 0.24908088235294118 0.02971887550200803 0.05514705882352941
1 0.27349397590361446 0.3083639705882353 0.03614457831325301 0.08363970588235294
1 0.30120481927710846 0.1488970588235294 0.014457831325301205 0.022058823529411766
1 0.3140562248995984 0.15073529411764705 0.014457831325301205 0.022058823529411766
2 0.3313253012048193 0.171875 0.04096385542168675 0.029411764705882353
2 0.3682730923694779 0.14292279411764705 0.04578313253012048 0.024816176470588234
2 0.42088353413654617 0.16222426470588236 0.05140562248995984 0.030330882352941176
1 0.5421686746987951 0.19990808823529413 0.02570281124497992 0.03400735294117647
1 0.5622489959839357 0.21737132352941177 0.027309236947791166 0.030330882352941176
2 0.793574297188755 0.4540441176470588 0.04979919678714859 0.07352941176470588
1 0.6823293172690763 0.42049632352941174 0.05220883534136546 0.06158088235294118
1 0.7285140562248996 0.43887867647058826 0.04497991967871486 0.050551470588235295
2 0.665863453815261 0.22380514705882354 0.02248995983935743 0.024816176470588234
2 0.6465863453815262 0.22564338235294118 0.024096385542168676 0.02297794117647059
1 0.5971887550200803 0.20955882352941177 0.013654618473895583 0.02022058823529412
1 0.614859437751004 0.21369485294117646 0.012048192771084338 0.021139705882352942
1 0.6269076305220883 0.21461397058823528 0.010441767068273093 0.015625
1 0.6188755020080321 0.22886029411764705 0.013654618473895583 0.01838235294117647
1 0.6329317269076306 0.23161764705882354 0.01285140562248996 0.022058823529411766
1 0.6935742971887551 0.2339154411764706 0.010441767068273093 0.019301470588235295
1 0.7028112449799196 0.24310661764705882 0.011244979919678716 0.017463235294117647
3 0.6827309236947792 0.29044117647058826 0.01606425702811245 0.03308823529411765
3 0.6991967871485943 0.29963235294117646 0.015261044176706828 0.027573529411764705
3 0.6397590361445783 0.2509191176470588 0.010441767068273093 0.022058823529411766
3 0.629718875502008 0.2495404411764706 0.01606425702811245 0.02849264705882353
1 0.5502008032128514 0.2803308823529412 0.03855421686746988 0.04779411764705882
2 0.44819277108433736 0.9283088235294118 0.20883534136546184 0.14154411764705882
1 0.8698795180722891 0.6488970588235294 0.035341365461847386 0.04044117647058824
2 0.8759036144578313 0.7697610294117647 0.0393574297188755 0.09466911764705882
2 0.619277108433735 0.6089154411764706 0.20562248995983937 0.26378676470588236
2 0.5614457831325301 0.33777573529411764 0.1285140562248996 0.11672794117647059
1 0.7028112449799196 0.9080882352941176 0.078714859437751 0.058823529411764705
1 0.7795180722891566 0.9315257352941176 0.06345381526104418 0.043198529411764705
2 0.2678714859437751 0.16498161764705882 0.021686746987951807 0.024816176470588234
2 0.29397590361445786 0.17693014705882354 0.035341365461847386 0.03216911764705882
2 0.22208835341365463 0.16865808823529413 0.018473895582329317 0.021139705882352942
2 0.2289156626506024 0.18658088235294118 0.02570281124497992 0.027573529411764705
2 0.25220883534136546 0.16038602941176472 0.020883534136546186 0.019301470588235295
1 0.20240963855421687 0.18336397058823528 0.014457831325301205 0.024816176470588234
1 0.21325301204819277 0.21783088235294118 0.013654618473895583 0.025735294117647058
1 0.26706827309236947 0.18244485294117646 0.013654618473895583 0.02297794117647059
1 0.28072289156626506 0.18658088235294118 0.021686746987951807 0.02389705882352941
