1 0.8728110599078341 0.5579044117647058 0.05898617511520737 0.04779411764705882
1 0.8516129032258064 0.5680147058823529 0.060829493087557605 0.04779411764705882
1 0.8354838709677419 0.5882352941176471 0.05806451612903226 0.058823529411764705
1 0.8723502304147466 0.625 0.07096774193548387 0.04411764705882353
1 0.39308755760368663 0.15395220588235295 0.026728110599078342 0.03216911764705882
3 0.39953917050691246 0.14613970588235295 0.013824884792626729 0.03125
3 0.9244239631336405 0.5537683823529411 0.04055299539170507 0.017463235294117647
2 0.5834101382488479 0.11029411764705882 0.023963133640552997 0.027573529411764705
2 0.5364055299539171 0.10799632352941177 0.022119815668202765 0.02849264705882353
1 0.5170506912442396 0.1130514705882353 0.012903225806451613 0.029411764705882353
1 0.5986175115207373 0.15946691176470587 0.03778801843317972 0.04136029411764706
