1 0.22398373983739836 0.9485294117647058 0.05772357723577236 0.07536764705882353
1 0.17845528455284554 0.9159007352941176 0.044715447154471545 0.050551470588235295
1 0.16910569105691056 0.8690257352941176 0.05203252032520325 0.05238970588235294
1 0.48048780487804876 0.16865808823529413 0.02113821138211382 0.024816176470588234
1 0.508130081300813 0.16498161764705882 0.01951219512195122 0.024816176470588234
1 0.5369918699186992 0.16268382352941177 0.01869918699186992 0.02022058823529412
1 0.5617886178861788 0.1645220588235294 0.01951219512195122 0.022058823529411766
1 0.5849593495934959 0.16176470588235295 0.01707317073170732 0.02022058823529412
1 0.6040650406504066 0.16544117647058823 0.02113821138211382 0.02022058823529412
1 0.7817073170731708 0.21231617647058823 0.01707317073170732 0.016544117647058824
2 0.3252032520325203 0.22748161764705882 0.07479674796747968 0.05238970588235294
2 0.08577235772357723 0.4103860294117647 0.023577235772357725 0.030330882352941176
2 0.06544715447154471 0.44485294117647056 0.01707317073170732 0.027573529411764705
1 0.08008130081300813 0.43795955882352944 0.012195121951219513 0.019301470588235295
3 0.05813008130081301 0.5188419117647058 0.015447154471544716 0.017463235294117647
2 0.08130081300813008 0.48391544117647056 0.02926829268292683 0.05974264705882353
