1 0.16224899598393575 0.359375 0.07068273092369477 0.0900735294117647
1 0.24819277108433735 0.7950367647058824 0.10120481927710843 0.1213235294117647
3 0.3457831325301205 0.8198529411764706 0.060240963855421686 0.06985294117647059
2 0.3682730923694779 0.14338235294117646 0.04417670682730924 0.025735294117647058
1 0.5204819277108433 0.19761029411764705 0.02891566265060241 0.03125
1 0.4891566265060241 0.21231617647058823 0.02248995983935743 0.03308823529411765
1 0.5012048192771085 0.23575367647058823 0.0321285140562249 0.03952205882352941
2 0.42088353413654617 0.1640625 0.05140562248995984 0.02849264705882353
2 0.7943775100401607 0.45174632352941174 0.05622489959839357 0.07628676470588236
1 0.6132530120481928 0.21277573529411764 0.016867469879518072 0.021139705882352942
1 0.5863453815261044 0.2104779411764706 0.01927710843373494 0.02022058823529412
1 0.6389558232931727 0.21323529411764705 0.012048192771084338 0.016544117647058824
2 0.5072289156626506 0.2849264705882353 0.07630522088353414 0.08272058823529412
2 0.5714859437751004 0.234375 0.058634538152610445 0.04411764705882353
1 0.6104417670682731 0.22426470588235295 0.01606425702811245 0.02389705882352941
1 0.6176706827309237 0.23713235294117646 0.01606425702811245 0.02389705882352941
1 0.6305220883534136 0.23759191176470587 0.01285140562248996 0.019301470588235295
2 0.6738955823293172 0.2265625 0.024096385542168676 0.021139705882352942
1 0.668273092369478 0.24126838235294118 0.017670682730923693 0.019301470588235295
2 0.6481927710843374 0.22931985294117646 0.0321285140562249 0.02849264705882353
2 0.6228915662650603 0.2601102941176471 0.04257028112449799 0.03860294117647059
2 0.6132530120481928 0.34880514705882354 0.06345381526104418 0.08731617647058823
1 0.6714859437751004 0.3244485294117647 0.02570281124497992 0.034926470588235295
1 0.6726907630522089 0.35891544117647056 0.03132530120481928 0.050551470588235295
1 0.6546184738955824 0.27389705882352944 0.01927710843373494 0.022058823529411766
1 0.6369477911646586 0.2899816176470588 0.02248995983935743 0.03400735294117647
1 0.7124497991967872 0.45450367647058826 0.040160642570281124 0.06525735294117647
1 0.772289156626506 0.47380514705882354 0.04578313253012048 0.05606617647058824
2 0.6 0.5376838235294118 0.14136546184738955 0.21875
2 0.2931726907630522 0.18106617647058823 0.036947791164658635 0.03308823529411765
1 0.3538152610441767 0.1645220588235294 0.018473895582329317 0.022058823529411766
1 0.3441767068273092 0.16865808823529413 0.020080321285140562 0.02665441176470588
2 0.2678714859437751 0.16773897058823528 0.02650602409638554 0.02665441176470588
2 0.2289156626506024 0.16819852941176472 0.020883534136546186 0.02022058823529412
2 0.2353413654618474 0.17095588235294118 0.024096385542168676 0.025735294117647058
2 0.20682730923694778 0.17784926470588236 0.020080321285140562 0.024816176470588234
2 0.24096385542168675 0.18520220588235295 0.02891566265060241 0.02849264705882353
1 0.20682730923694778 0.20818014705882354 0.016867469879518072 0.03400735294117647
2 0.87429718875502 0.7467830882352942 0.058634538152610445 0.109375
3 0.6883534136546184 0.3088235294117647 0.01927710843373494 0.03676470588235294
1 0.6995983935742972 0.33455882352941174 0.020883534136546186 0.03125
2 0.8975903614457831 0.75 0.03132530120481928 0.06433823529411764
2 0.9032128514056225 0.8046875 0.028112449799196786 0.04503676470588235
2 0.8803212851405623 0.8386948529411765 0.0321285140562249 0.05606617647058824
1 0.8096385542168675 0.5326286764705882 0.040160642570281124 0.04503676470588235
1 0.7566265060240964 0.5859375 0.05943775100401606 0.09466911764705882
1 0.7626506024096386 0.7068014705882353 0.07309236947791165 0.10477941176470588
1 0.8244979919678714 0.8079044117647058 0.060240963855421686 0.07169117647058823
1 0.8224899598393575 0.5574448529411765 0.04497991967871486 0.03768382352941176
1 0.8140562248995984 0.5850183823529411 0.05060240963855422 0.04503676470588235
1 0.8546184738955823 0.5790441176470589 0.027309236947791166 0.03125
1 0.8550200803212852 0.6047794117647058 0.03453815261044177 0.03308823529411765
1 0.8060240963855422 0.6364889705882353 0.058634538152610445 0.05974264705882353
1 0.8393574297188755 0.6704963235294118 0.04979919678714859 0.046875
1 0.846987951807229 0.6323529411764706 0.0393574297188755 0.04044117647058824
1 0.8755020080321285 0.6397058823529411 0.033734939759036145 0.03125
1 0.8080321285140563 0.9397977941176471 0.04176706827309237 0.03400735294117647
1 0.8658634538152611 0.6806066176470589 0.030522088353413655 0.043198529411764705
