3 0.3248979591836735 0.8193933823529411 0.07183673469387755 0.0818014705882353
1 0.15142857142857144 0.36075367647058826 0.054693877551020405 0.09650735294117647
1 0.23714285714285716 0.7913602941176471 0.09877551020408164 0.11213235294117647
1 0.6951020408163265 0.33318014705882354 0.0236734693877551 0.03952205882352941
2 0.35918367346938773 0.14384191176470587 0.045714285714285714 0.02665441176470588
2 0.4126530612244898 0.1640625 0.05795918367346939 0.035845588235294115
2 0.7926530612244898 0.45174632352941174 0.05877551020408163 0.07996323529411764
1 0.5824489795918367 0.20909926470588236 0.02040816326530612 0.021139705882352942
1 0.6008163265306122 0.2104779411764706 0.017959183673469388 0.022058823529411766
1 0.6151020408163266 0.20404411764705882 0.015510204081632653 0.01838235294117647
1 0.5930612244897959 0.22748161764705882 0.025306122448979593 0.02849264705882353
1 0.6126530612244898 0.2261029411764706 0.017142857142857144 0.02389705882352941
1 0.6240816326530613 0.22840073529411764 0.015510204081632653 0.02665441176470588
1 0.5653061224489796 0.22748161764705882 0.0236734693877551 0.02665441176470588
1 0.6469387755102041 0.21323529411764705 0.012244897959183673 0.016544117647058824
1 0.6334693877551021 0.21185661764705882 0.013061224489795919 0.015625
1 0.6722448979591836 0.2881433823529412 0.017142857142857144 0.024816176470588234
3 0.6853061224489796 0.30422794117647056 0.017142857142857144 0.025735294117647058
3 0.1673469387755102 0.25505514705882354 0.019591836734693877 0.02849264705882353
3 0.1673469387755102 0.28768382352941174 0.024489795918367346 0.05514705882352941
1 0.5355102040816326 0.2679227941176471 0.037551020408163265 0.046875
1 0.5751020408163265 0.3147977941176471 0.04816326530612245 0.050551470588235295
1 0.43673469387755104 0.22150735294117646 0.0326530612244898 0.042279411764705885
1 0.46285714285714286 0.22472426470588236 0.029387755102040815 0.03952205882352941
1 0.46938775510204084 0.2522977941176471 0.035918367346938776 0.05422794117647059
2 0.6751020408163265 0.22380514705882354 0.017959183673469388 0.021139705882352942
2 0.6657142857142857 0.22840073529411764 0.022040816326530613 0.024816176470588234
2 0.6444897959183673 0.22886029411764705 0.02857142857142857 0.02389705882352941
0 0.7012244897959183 0.38924632352941174 0.10285714285714286 0.10753676470588236
2 0.6387755102040816 0.4227941176470588 0.13795918367346938 0.12867647058823528
1 0.8183673469387756 0.53125 0.044897959183673466 0.03125
1 0.8036734693877551 0.5454963235294118 0.04816326530612245 0.04871323529411765
1 0.8208163265306122 0.5942095588235294 0.044897959183673466 0.050551470588235295
1 0.863265306122449 0.6148897058823529 0.03183673469387755 0.04044117647058824
1 0.23183673469387756 0.15073529411764705 0.00816326530612245 0.012867647058823529
1 0.2587755102040816 0.15257352941176472 0.009795918367346938 0.012867647058823529
1 0.2493877551020408 0.15211397058823528 0.008979591836734694 0.013786764705882353
2 0.24285714285714285 0.14705882352941177 0.018775510204081632 0.016544117647058824
1 0.2702040816326531 0.14981617647058823 0.011428571428571429 0.016544117647058824
1 0.3093877551020408 0.15854779411764705 0.011428571428571429 0.017463235294117647
1 0.32448979591836735 0.15992647058823528 0.013877551020408163 0.022058823529411766
1 0.29183673469387755 0.15119485294117646 0.010612244897959184 0.013786764705882353
1 0.28244897959183674 0.1479779411764706 0.009795918367346938 0.012867647058823529
1 0.2836734693877551 0.16819852941176472 0.015510204081632653 0.014705882352941176
2 0.28530612244897957 0.16038602941176472 0.03346938775510204 0.024816176470588234
0 0.35020408163265304 0.18244485294117646 0.052244897959183675 0.043198529411764705
1 0.3787755102040816 0.18106617647058823 0.0163265306122449 0.025735294117647058
1 0.4057142857142857 0.18566176470588236 0.026122448979591838 0.03125
1 0.40122448979591835 0.19944852941176472 0.025306122448979593 0.03676470588235294
1 0.22122448979591836 0.15257352941176472 0.009795918367346938 0.014705882352941176
1 0.1983673469387755 0.18658088235294118 0.013061224489795919 0.025735294117647058
1 0.2416326530612245 0.18841911764705882 0.017959183673469388 0.029411764705882353
2 0.28816326530612246 0.18382352941176472 0.04244897959183674 0.034926470588235295
0 0.8746938775510205 0.6911764705882353 0.06285714285714286 0.12683823529411764
2 0.876734693877551 0.8023897058823529 0.037551020408163265 0.08639705882352941
