1 0.17096774193548386 0.6847426470588235 0.07903225806451612 0.0661764705882353
1 0.25766129032258067 0.7274816176470589 0.06693548387096775 0.14613970588235295
1 0.6713709677419355 0.9549632352941176 0.08629032258064516 0.051470588235294115
1 0.7875 0.9269301470588235 0.049193548387096775 0.03952205882352941
1 0.7580645161290323 0.9682904411764706 0.043548387096774194 0.030330882352941176
2 0.3580645161290323 0.19669117647058823 0.06129032258064516 0.04411764705882353
2 0.48346774193548386 0.4476102941176471 0.2056451612903226 0.23161764705882354
2 0.6298387096774194 0.3249080882352941 0.07419354838709677 0.078125
0 0.7592741935483871 0.5528492647058824 0.31370967741935485 0.44577205882352944
2 0.3100806451612903 0.16314338235294118 0.028225806451612902 0.02297794117647059
2 0.2794354838709677 0.17784926470588236 0.03790322580645161 0.03216911764705882
2 0.24919354838709679 0.20128676470588236 0.043548387096774194 0.04779411764705882
1 0.3024193548387097 0.18979779411764705 0.02258064516129032 0.024816176470588234
2 0.6318548387096774 0.21966911764705882 0.031451612903225803 0.027573529411764705
2 0.6580645161290323 0.21966911764705882 0.027419354838709678 0.03308823529411765
1 0.5846774193548387 0.2109375 0.020967741935483872 0.021139705882352942
