2 0.5714859437751004 0.0818014705882353 0.023293172690763052 0.016544117647058824
2 0.3526104417670683 0.11259191176470588 0.027309236947791166 0.021139705882352942
2 0.457429718875502 0.09880514705882353 0.03453815261044177 0.024816176470588234
1 0.14779116465863454 0.35018382352941174 0.027309236947791166 0.01838235294117647
1 0.14417670682730924 0.36075367647058826 0.024899598393574297 0.02297794117647059
1 0.13052208835341367 0.3943014705882353 0.028112449799196786 0.022058823529411766
1 0.12329317269076305 0.4085477941176471 0.024899598393574297 0.02665441176470588
1 0.11967871485943775 0.42922794117647056 0.02570281124497992 0.022058823529411766
1 0.1108433734939759 0.45128676470588236 0.02891566265060241 0.02389705882352941
1 0.10281124497991968 0.47150735294117646 0.0321285140562249 0.03125
1 0.09718875502008033 0.5032169117647058 0.027309236947791166 0.02849264705882353
1 0.08714859437751005 0.7261029411764706 0.024899598393574297 0.034926470588235295
1 0.09116465863453815 0.7518382352941176 0.02650602409638554 0.03125
1 0.10642570281124498 0.8111213235294118 0.02650602409638554 0.030330882352941176
1 0.7614457831325301 0.21645220588235295 0.0321285140562249 0.035845588235294115
1 0.8096385542168675 0.27297794117647056 0.040160642570281124 0.04411764705882353
1 0.8349397590361446 0.3056066176470588 0.03132530120481928 0.04136029411764706
1 0.7895582329317269 0.2495404411764706 0.0321285140562249 0.03952205882352941
1 0.3329317269076305 0.15946691176470587 0.018473895582329317 0.03216911764705882
1 0.3096385542168675 0.1640625 0.020080321285140562 0.030330882352941176
1 0.1598393574297189 0.8552389705882353 0.04819277108433735 0.07077205882352941
1 0.39518072289156625 0.09145220588235294 0.00963855421686747 0.017463235294117647
1 0.37630522088353413 0.10477941176470588 0.008835341365461847 0.014705882352941176
3 0.721285140562249 0.15119485294117646 0.014457831325301205 0.024816176470588234
