3 0.8556910569105691 0.5450367647058824 0.04959349593495935 0.07536764705882353
3 0.9426829268292682 0.47610294117647056 0.026829268292682926 0.051470588235294115
1 0.15691056910569107 0.7265625 0.06666666666666667 0.09650735294117647
2 0.8211382113821138 0.3102022058823529 0.07642276422764227 0.06341911764705882
2 0.7158536585365853 0.18933823529411764 0.052845528455284556 0.034926470588235295
2 0.6955284552845529 0.20863970588235295 0.07886178861788617 0.04411764705882353
2 0.40528455284552845 0.24034926470588236 0.12276422764227642 0.07996323529411764
1 0.5280487804878049 0.16590073529411764 0.02032520325203252 0.02665441176470588
1 0.5528455284552846 0.16176470588235295 0.022764227642276424 0.025735294117647058
1 0.5772357723577236 0.1714154411764706 0.03577235772357724 0.035845588235294115
1 0.4991869918699187 0.16773897058823528 0.027642276422764227 0.02849264705882353
1 0.474390243902439 0.17095588235294118 0.02195121951219512 0.03125
1 0.38333333333333336 0.19393382352941177 0.03008130081300813 0.03676470588235294
1 0.4247967479674797 0.17509191176470587 0.03008130081300813 0.02849264705882353
2 0.19878048780487806 0.29181985294117646 0.05447154471544716 0.05238970588235294
2 0.4089430894308943 0.7449448529411765 0.21300813008130082 0.35753676470588236
2 0.09471544715447154 0.3947610294117647 0.03008130081300813 0.03400735294117647
0 0.08577235772357723 0.3704044117647059 0.038211382113821135 0.04779411764705882
2 0.0524390243902439 0.4554227941176471 0.01707317073170732 0.024816176470588234
2 0.06991869918699187 0.4352022058823529 0.02926829268292683 0.03216911764705882
1 0.07520325203252033 0.4181985294117647 0.02032520325203252 0.022058823529411766
1 0.08008130081300813 0.4416360294117647 0.015447154471544716 0.021139705882352942
1 0.06666666666666667 0.45588235294117646 0.01788617886178862 0.027573529411764705
1 0.0910569105691057 0.4227941176470588 0.02113821138211382 0.025735294117647058
