1 0.6673387096774194 0.3515625 0.03467741935483871 0.043198529411764705
1 0.31129032258064515 0.7362132352941176 0.11451612903225807 0.13970588235294118
1 0.7645161290322581 0.5091911764705882 0.04838709677419355 0.05698529411764706
2 0.6564516129032258 0.22334558823529413 0.020967741935483872 0.025735294117647058
2 0.6342741935483871 0.22196691176470587 0.028225806451612902 0.02849264705882353
1 0.6379032258064516 0.27159926470588236 0.01935483870967742 0.02297794117647059
1 0.6 0.2192095588235294 0.020967741935483872 0.02297794117647059
1 0.7298387096774194 0.3818933823529412 0.024193548387096774 0.03400735294117647
2 0.2721774193548387 0.17555147058823528 0.03790322580645161 0.03125
2 0.4629032258064516 0.25597426470588236 0.0935483870967742 0.07077205882352941
1 0.3016129032258065 0.19439338235294118 0.027419354838709678 0.03400735294117647
1 0.3286290322580645 0.20496323529411764 0.03306451612903226 0.04044117647058824
1 0.742741935483871 0.3984375 0.027419354838709678 0.03216911764705882
1 0.7516129032258064 0.4103860294117647 0.025806451612903226 0.03400735294117647
2 0.24435483870967742 0.1645220588235294 0.027419354838709678 0.02389705882352941
