1 0.41646586345381525 0.18887867647058823 0.015261044176706828 0.02665441176470588
1 0.40562248995983935 0.1870404411764706 0.01285140562248996 0.024816176470588234
1 0.39437751004016064 0.18290441176470587 0.01285140562248996 0.029411764705882353
1 0.3791164658634538 0.17555147058823528 0.01285140562248996 0.022058823529411766
1 0.3690763052208835 0.17371323529411764 0.012048192771084338 0.022058823529411766
1 0.3606425702811245 0.18152573529411764 0.01285140562248996 0.024816176470588234
1 0.348995983935743 0.18841911764705882 0.012048192771084338 0.02022058823529412
1 0.3329317269076305 0.18428308823529413 0.018473895582329317 0.03216911764705882
1 0.5453815261044177 0.22886029411764705 0.02891566265060241 0.027573529411764705
1 0.39477911646586344 0.21323529411764705 0.03614457831325301 0.03860294117647059
1 0.25502008032128515 0.22242647058823528 0.021686746987951807 0.03860294117647059
1 0.1678714859437751 0.2509191176470588 0.014457831325301205 0.04411764705882353
1 0.1530120481927711 0.25275735294117646 0.018473895582329317 0.034926470588235295
1 0.142570281124498 0.2578125 0.013654618473895583 0.03768382352941176
1 0.1248995983935743 0.2688419117647059 0.016867469879518072 0.035845588235294115
1 0.10883534136546184 0.2775735294117647 0.015261044176706828 0.03308823529411765
1 0.0963855421686747 0.2927389705882353 0.011244979919678716 0.02297794117647059
2 0.8004016064257028 0.3883272058823529 0.021686746987951807 0.035845588235294115
1 0.6919678714859437 0.27297794117647056 0.015261044176706828 0.016544117647058824
1 0.6449799196787148 0.2587316176470588 0.01927710843373494 0.021139705882352942
2 0.778714859437751 0.34191176470588236 0.018473895582329317 0.022058823529411766
1 0.7461847389558233 0.29963235294117646 0.011244979919678716 0.012867647058823529
1 0.7975903614457831 0.35110294117647056 0.00963855421686747 0.012867647058823529
1 0.3791164658634538 0.21415441176470587 0.040160642570281124 0.03676470588235294
1 0.10361445783132531 0.32858455882352944 0.043373493975903614 0.06709558823529412
1 0.10040160642570281 0.5505514705882353 0.0642570281124498 0.08272058823529412
1 0.7136546184738956 0.31847426470588236 0.021686746987951807 0.02849264705882353
