1 0.14899598393574298 0.3515625 0.02650602409638554 0.021139705882352942
1 0.14457831325301204 0.36213235294117646 0.02891566265060241 0.02022058823529412
1 0.13654618473895583 0.3791360294117647 0.024096385542168676 0.02297794117647059
1 0.13172690763052208 0.3929227941176471 0.01927710843373494 0.024816176470588234
1 0.12610441767068273 0.4071691176470588 0.02570281124497992 0.022058823529411766
1 0.11887550200803212 0.4255514705882353 0.027309236947791166 0.025735294117647058
1 0.11325301204819277 0.44806985294117646 0.02570281124497992 0.02849264705882353
1 0.10200803212851406 0.4733455882352941 0.02891566265060241 0.03125
1 0.09558232931726908 0.5036764705882353 0.02891566265060241 0.03308823529411765
1 0.08755020080321285 0.7302389705882353 0.027309236947791166 0.02849264705882353
1 0.09036144578313253 0.7555147058823529 0.028112449799196786 0.02389705882352941
1 0.10441767068273092 0.8129595588235294 0.027309236947791166 0.024816176470588234
2 0.6236947791164659 0.11075367647058823 0.028112449799196786 0.021139705882352942
2 0.5759036144578313 0.0822610294117647 0.02891566265060241 0.017463235294117647
2 0.3522088353413655 0.11259191176470588 0.021686746987951807 0.011948529411764705
2 0.3329317269076305 0.13097426470588236 0.03775100401606426 0.02665441176470588
2 0.3076305220883534 0.40487132352941174 0.1140562248995984 0.2509191176470588
2 0.4610441767068273 0.1015625 0.024096385542168676 0.021139705882352942
3 0.3610441767068273 0.2192095588235294 0.03293172690763052 0.05422794117647059
3 0.2963855421686747 0.27297794117647056 0.02891566265060241 0.04044117647058824
3 0.3204819277108434 0.2587316176470588 0.027309236947791166 0.03400735294117647
0 0.39196787148594375 0.09099264705882353 0.04176706827309237 0.04411764705882353
0 0.5112449799196788 0.08409926470588236 0.04257028112449799 0.03216911764705882
3 0.7939759036144578 0.21461397058823528 0.016867469879518072 0.02665441176470588
2 0.6899598393574298 0.18336397058823528 0.07228915662650602 0.06341911764705882
2 0.6024096385542169 0.11121323529411764 0.040160642570281124 0.029411764705882353
2 0.5465863453815261 0.09099264705882353 0.02971887550200803 0.02389705882352941
1 0.7602409638554217 0.20588235294117646 0.028112449799196786 0.03308823529411765
1 0.8024096385542169 0.2647058823529412 0.0321285140562249 0.042279411764705885
1 0.8377510040160643 0.31066176470588236 0.030522088353413655 0.034926470588235295
2 0.18072289156626506 0.3984375 0.08353413654618475 0.17738970588235295
2 0.5642570281124498 0.16681985294117646 0.06506024096385542 0.057904411764705885
2 0.3746987951807229 0.12959558823529413 0.0570281124497992 0.04044117647058824
1 0.8281124497991967 0.3359375 0.0321285140562249 0.05238970588235294
1 0.27309236947791166 0.19209558823529413 0.027309236947791166 0.03860294117647059
1 0.17670682730923695 0.25597426470588236 0.020883534136546186 0.02665441176470588
2 0.45582329317269077 0.0896139705882353 0.02971887550200803 0.02297794117647059
