2 0.2983739837398374 0.17555147058823528 0.03739837398373984 0.04044117647058824
1 0.17032520325203251 0.30974264705882354 0.044715447154471545 0.0625
1 0.8686991869918699 0.6158088235294118 0.036585365853658534 0.04779411764705882
1 0.8613821138211382 0.6617647058823529 0.04796747967479675 0.051470588235294115
1 0.8447154471544716 0.7017463235294118 0.04552845528455285 0.05422794117647059
2 0.3959349593495935 0.16544117647058823 0.04390243902439024 0.042279411764705885
3 0.3467479674796748 0.17647058823529413 0.02195121951219512 0.04411764705882353
1 0.4959349593495935 0.18520220588235295 0.02926829268292683 0.03216911764705882
3 0.21666666666666667 0.22564338235294118 0.01869918699186992 0.043198529411764705
1 0.14796747967479676 0.2688419117647059 0.024390243902439025 0.04503676470588235
1 0.36829268292682926 0.20404411764705882 0.05040650406504065 0.04779411764705882
1 0.42560975609756097 0.18933823529411764 0.046341463414634146 0.04411764705882353
1 0.43373983739837396 0.21415441176470587 0.05447154471544716 0.04963235294117647
1 0.732520325203252 0.24448529411764705 0.01788617886178862 0.01838235294117647
1 0.7313008130081301 0.26286764705882354 0.01869918699186992 0.02389705882352941
2 0.7784552845528455 0.2702205882352941 0.028455284552845527 0.02389705882352941
2 0.558130081300813 0.22426470588235295 0.11138211382113822 0.05698529411764706
1 0.6288617886178862 0.22058823529411764 0.028455284552845527 0.03676470588235294
3 0.8304878048780487 0.5854779411764706 0.04959349593495935 0.05330882352941176
4 0.1329268292682927 0.25643382352941174 0.07398373983739838 0.0900735294117647
2 0.2658536585365854 0.23667279411764705 0.13008130081300814 0.08731617647058823
2 0.8272357723577236 0.3023897058823529 0.02032520325203252 0.022058823529411766
2 0.7955284552845528 0.2881433823529412 0.03983739837398374 0.03952205882352941
1 0.6955284552845529 0.22518382352941177 0.01869918699186992 0.034926470588235295
