1 0.24308943089430896 0.20818014705882354 0.02113821138211382 0.04136029411764706
1 0.20894308943089432 0.21737132352941177 0.016260162601626018 0.03952205882352941
1 0.1975609756097561 0.22472426470588236 0.016260162601626018 0.04136029411764706
2 0.841869918699187 0.4407169117647059 0.044715447154471545 0.07261029411764706
1 0.21991869918699186 0.24356617647058823 0.04796747967479675 0.06066176470588235
1 0.3699186991869919 0.20726102941176472 0.05365853658536585 0.04503676470588235
2 0.3459349593495935 0.2555147058823529 0.15853658536585366 0.07904411764705882
2 0.7902439024390244 0.3000919117647059 0.030894308943089432 0.03400735294117647
1 0.7642276422764228 0.26424632352941174 0.014634146341463415 0.024816176470588234
2 0.8109756097560976 0.28170955882352944 0.02032520325203252 0.021139705882352942
2 0.8394308943089431 0.30514705882352944 0.01869918699186992 0.01838235294117647
2 0.8199186991869919 0.3037683823529412 0.02195121951219512 0.02665441176470588
