1 0.6457142857142857 0.2578125 0.014693877551020407 0.015625
1 0.7261224489795919 0.3180147058823529 0.013877551020408163 0.01838235294117647
2 0.7661224489795918 0.3327205882352941 0.013877551020408163 0.01838235294117647
2 0.7502040816326531 0.32858455882352944 0.022857142857142857 0.021139705882352942
3 0.866938775510204 0.6475183823529411 0.0473469387755102 0.050551470588235295
0 0.4228571428571429 0.21507352941176472 0.16326530612244897 0.05698529411764706
1 0.2922448979591837 0.21553308823529413 0.014693877551020407 0.017463235294117647
1 0.061224489795918366 0.4852941176470588 0.019591836734693877 0.07536764705882353
2 0.10285714285714286 0.4250919117647059 0.060408163265306125 0.13878676470588236
4 0.5955102040816327 0.23805147058823528 0.04979591836734694 0.03308823529411765
1 0.6248979591836735 0.25827205882352944 0.022040816326530613 0.016544117647058824
4 0.30448979591836733 0.19806985294117646 0.035918367346938776 0.017463235294117647
2 0.24448979591836734 0.22380514705882354 0.025306122448979593 0.02297794117647059
