1 0.17258064516129032 0.6861213235294118 0.07903225806451612 0.06709558823529412
1 0.7201612903225807 0.3662683823529412 0.03064516129032258 0.03216911764705882
1 0.7298387096774194 0.38143382352941174 0.025806451612903226 0.027573529411764705
1 0.7415322580645162 0.39889705882352944 0.02338709677419355 0.027573529411764705
1 0.75 0.41130514705882354 0.025806451612903226 0.03216911764705882
1 0.8028225806451613 0.5533088235294118 0.04758064516129032 0.05514705882352941
1 0.3419354838709677 0.7398897058823529 0.06935483870967742 0.13970588235294118
2 0.6729838709677419 0.2532169117647059 0.028225806451612902 0.02665441176470588
2 0.6165322580645162 0.2614889705882353 0.062096774193548386 0.043198529411764705
2 0.4689516129032258 0.22196691176470587 0.09112903225806451 0.05422794117647059
2 0.8403225806451613 0.7205882352941176 0.06451612903225806 0.13051470588235295
2 0.8875 0.7238051470588235 0.03790322580645161 0.09099264705882353
2 0.8729838709677419 0.8083639705882353 0.03790322580645161 0.06158088235294118
2 0.655241935483871 0.23023897058823528 0.025 0.02665441176470588
2 0.6350806451612904 0.23023897058823528 0.028225806451612902 0.024816176470588234
