1 0.16586345381526105 0.36075367647058826 0.06345381526104418 0.09099264705882353
1 0.2497991967871486 0.7931985294117647 0.09317269076305221 0.11397058823529412
3 0.3136546184738956 0.7481617647058824 0.05220883534136546 0.08088235294117647
1 0.28313253012048195 0.14476102941176472 0.012048192771084338 0.015625
1 0.3200803212851406 0.15257352941176472 0.012048192771084338 0.01838235294117647
1 0.3321285140562249 0.16819852941176472 0.015261044176706828 0.022058823529411766
2 0.2991967871485944 0.15716911764705882 0.02650602409638554 0.022058823529411766
2 0.3823293172690763 0.19806985294117646 0.06746987951807229 0.03952205882352941
1 0.43775100401606426 0.20220588235294118 0.024096385542168676 0.03308823529411765
1 0.46265060240963857 0.22518382352941177 0.027309236947791166 0.042279411764705885
1 0.4891566265060241 0.22288602941176472 0.027309236947791166 0.03952205882352941
1 0.3570281124497992 0.2270220588235294 0.03132530120481928 0.042279411764705885
2 0.3682730923694779 0.14292279411764705 0.04578313253012048 0.024816176470588234
2 0.42088353413654617 0.16222426470588236 0.05140562248995984 0.030330882352941176
1 0.5421686746987951 0.20082720588235295 0.02570281124497992 0.03400735294117647
1 0.5614457831325301 0.2192095588235294 0.027309236947791166 0.030330882352941176
2 0.7959839357429719 0.4508272058823529 0.05461847389558233 0.07996323529411764
2 0.6759036144578313 0.2182904411764706 0.015261044176706828 0.021139705882352942
2 0.665863453815261 0.22564338235294118 0.02248995983935743 0.024816176470588234
2 0.6514056224899598 0.22472426470588236 0.024096385542168676 0.02297794117647059
3 0.46546184738955826 0.16957720588235295 0.010441767068273093 0.021139705882352942
3 0.4734939759036145 0.1714154411764706 0.012048192771084338 0.02297794117647059
3 0.6823293172690763 0.2867647058823529 0.012048192771084338 0.022058823529411766
1 0.5622489959839357 0.2881433823529412 0.033734939759036145 0.03952205882352941
1 0.6706827309236948 0.33777573529411764 0.033734939759036145 0.04136029411764706
1 0.6542168674698795 0.29549632352941174 0.021686746987951807 0.03216911764705882
1 0.6534136546184739 0.265625 0.023293172690763052 0.034926470588235295
1 0.593574297188755 0.20680147058823528 0.01927710843373494 0.02389705882352941
1 0.61285140562249 0.21001838235294118 0.01606425702811245 0.02297794117647059
1 0.6048192771084338 0.2265625 0.017670682730923693 0.024816176470588234
1 0.6184738955823293 0.23069852941176472 0.014457831325301205 0.025735294117647058
1 0.6305220883534136 0.2348345588235294 0.01285140562248996 0.02297794117647059
2 0.6803212851405622 0.24632352941176472 0.02570281124497992 0.029411764705882353
2 0.44819277108433736 0.9278492647058824 0.21044176706827308 0.14246323529411764
2 0.5538152610441767 0.32996323529411764 0.13413654618473897 0.10845588235294118
2 0.8530120481927711 0.6176470588235294 0.07389558232931727 0.12316176470588236
2 0.41646586345381525 0.41452205882352944 0.1742971887550201 0.20404411764705882
2 0.27670682730923696 0.23345588235294118 0.061847389558232935 0.06066176470588235
2 0.27028112449799196 0.1640625 0.021686746987951807 0.024816176470588234
2 0.29156626506024097 0.17784926470588236 0.035341365461847386 0.03216911764705882
1 0.26827309236947794 0.1792279411764706 0.014457831325301205 0.02022058823529412
1 0.3036144578313253 0.1879595588235294 0.020883534136546186 0.02665441176470588
1 0.3232931726907631 0.19852941176470587 0.020080321285140562 0.03125
1 0.3365461847389558 0.19990808823529413 0.01927710843373494 0.03216911764705882
2 0.22369477911646587 0.18060661764705882 0.023293172690763052 0.02849264705882353
1 0.20441767068273092 0.21645220588235295 0.015261044176706828 0.03216911764705882
1 0.21124497991967872 0.2536764705882353 0.01927710843373494 0.04963235294117647
1 0.9008032128514056 0.7352941176470589 0.028112449799196786 0.029411764705882353
2 0.8714859437751004 0.7780330882352942 0.05461847389558233 0.109375
2 0.8036144578313253 0.9131433823529411 0.07309236947791165 0.0744485294117647
2 0.21967871485943774 0.16865808823529413 0.018473895582329317 0.021139705882352942
2 0.25461847389558234 0.16084558823529413 0.02248995983935743 0.022058823529411766
