1 0.41686746987951806 0.18933823529411764 0.01606425702811245 0.025735294117647058
1 0.40562248995983935 0.18658088235294118 0.01285140562248996 0.02389705882352941
1 0.39437751004016064 0.18290441176470587 0.01285140562248996 0.029411764705882353
1 0.3791164658634538 0.17601102941176472 0.01285140562248996 0.02297794117647059
1 0.3686746987951807 0.17417279411764705 0.01285140562248996 0.021139705882352942
1 0.3606425702811245 0.18198529411764705 0.01285140562248996 0.02389705882352941
1 0.348995983935743 0.18841911764705882 0.012048192771084338 0.02022058823529412
1 0.3329317269076305 0.18474264705882354 0.018473895582329317 0.03125
1 0.5453815261044177 0.23115808823529413 0.030522088353413655 0.030330882352941176
1 0.39437751004016064 0.21369485294117646 0.035341365461847386 0.03768382352941176
1 0.25582329317269076 0.22242647058823528 0.021686746987951807 0.03860294117647059
1 0.1674698795180723 0.2495404411764706 0.015261044176706828 0.043198529411764705
1 0.15261044176706828 0.2522977941176471 0.017670682730923693 0.03400735294117647
1 0.142570281124498 0.2578125 0.013654618473895583 0.03768382352941176
1 0.12449799196787148 0.2688419117647059 0.017670682730923693 0.035845588235294115
1 0.10803212851405622 0.27849264705882354 0.015261044176706828 0.03308823529411765
1 0.09678714859437751 0.29181985294117646 0.012048192771084338 0.02297794117647059
2 0.8004016064257028 0.38786764705882354 0.021686746987951807 0.034926470588235295
1 0.6919678714859437 0.27297794117647056 0.015261044176706828 0.016544117647058824
1 0.6449799196787148 0.2587316176470588 0.01927710843373494 0.021139705882352942
2 0.6369477911646586 0.2835477941176471 0.05301204819277108 0.03768382352941176
2 0.7562248995983936 0.31525735294117646 0.016867469879518072 0.01838235294117647
1 0.5746987951807229 0.3869485294117647 0.05060240963855422 0.0625
1 0.7666666666666667 0.3474264705882353 0.015261044176706828 0.02389705882352941
