2 0.3 0.18106617647058823 0.04227642276422764 0.03860294117647059
2 0.3959349593495935 0.1640625 0.04715447154471545 0.04136029411764706
1 0.341869918699187 0.18612132352941177 0.026829268292682926 0.046875
1 0.4658536585365854 0.1792279411764706 0.03414634146341464 0.03676470588235294
4 0.6097560975609756 0.26378676470588236 0.12682926829268293 0.08272058823529412
2 0.20772357723577237 0.40579044117647056 0.1943089430894309 0.14246323529411764
1 0.2573170731707317 0.21323529411764705 0.038211382113821135 0.042279411764705885
1 0.2524390243902439 0.2348345588235294 0.043089430894308944 0.04871323529411765
1 0.3402439024390244 0.23529411764705882 0.052845528455284556 0.06066176470588235
1 0.3951219512195122 0.19025735294117646 0.04227642276422764 0.04044117647058824
1 0.47276422764227644 0.22748161764705882 0.05121951219512195 0.057904411764705885
2 0.5410569105691057 0.21507352941176472 0.108130081300813 0.0625
1 0.666260162601626 0.4416360294117647 0.07073170731707316 0.08363970588235294
1 0.6451219512195122 0.23713235294117646 0.041463414634146344 0.04044117647058824
1 0.6894308943089431 0.23713235294117646 0.027642276422764227 0.029411764705882353
1 0.7065040650406504 0.25597426470588236 0.026016260162601626 0.017463235294117647
1 0.7601626016260162 0.2587316176470588 0.014634146341463415 0.017463235294117647
1 0.7682926829268293 0.2803308823529412 0.016260162601626018 0.01838235294117647
1 0.7670731707317073 0.29963235294117646 0.02032520325203252 0.02389705882352941
2 0.816260162601626 0.2844669117647059 0.016260162601626018 0.021139705882352942
2 0.8422764227642277 0.32858455882352944 0.01951219512195122 0.02297794117647059
2 0.7886178861788617 0.2927389705882353 0.03902439024390244 0.035845588235294115
2 0.8016260162601626 0.33455882352941174 0.03902439024390244 0.04044117647058824
2 0.7260162601626017 0.28400735294117646 0.06016260162601626 0.05514705882352941
1 0.6056910569105691 0.20909926470588236 0.032520325203252036 0.035845588235294115
1 0.8715447154471545 0.6263786764705882 0.04552845528455285 0.06525735294117647
1 0.8467479674796748 0.7072610294117647 0.052845528455284556 0.06341911764705882
1 0.21016260162601627 0.21875 0.01707317073170732 0.034926470588235295
