2 0.30040650406504066 0.1796875 0.034959349593495934 0.02849264705882353
2 0.39796747967479673 0.16681985294117646 0.03983739837398374 0.03400735294117647
1 0.8695121951219512 0.6144301470588235 0.03333333333333333 0.024816176470588234
1 0.8621951219512195 0.6677389705882353 0.041463414634146344 0.03952205882352941
1 0.8475609756097561 0.6994485294117647 0.044715447154471545 0.05698529411764706
4 0.13739837398373983 0.2545955882352941 0.061788617886178863 0.08639705882352941
2 0.08943089430894309 0.3478860294117647 0.04715447154471545 0.07628676470588236
2 0.8211382113821138 0.3336397058823529 0.02926829268292683 0.03308823529411765
1 0.7894308943089431 0.34972426470588236 0.014634146341463415 0.030330882352941176
1 0.4926829268292683 0.18474264705882354 0.024390243902439025 0.03125
1 0.567479674796748 0.3694852941176471 0.06829268292682927 0.07536764705882353
1 0.29471544715447157 0.34972426470588236 0.07886178861788617 0.08363970588235294
1 0.2528455284552846 0.5096507352941176 0.0910569105691057 0.0818014705882353
1 0.05772357723577236 0.5110294117647058 0.04227642276422764 0.05514705882352941
2 0.34471544715447155 0.2614889705882353 0.14959349593495935 0.078125
3 0.09715447154471545 0.7738970588235294 0.041463414634146344 0.042279411764705885
1 0.6947154471544715 0.2265625 0.01869918699186992 0.030330882352941176
