1 0.3713709677419355 0.8970588235294118 0.0846774193548387 0.12683823529411764
1 0.4838709677419355 0.2624080882352941 0.043548387096774194 0.057904411764705885
2 0.7592741935483871 0.5009191176470589 0.09919354838709678 0.13419117647058823
2 0.32620967741935486 0.29090073529411764 0.10080645161290322 0.12408088235294118
2 0.2721774193548387 0.171875 0.036290322580645164 0.029411764705882353
2 0.3 0.18244485294117646 0.04032258064516129 0.03216911764705882
1 0.31048387096774194 0.20036764705882354 0.025806451612903226 0.03676470588235294
2 0.8350806451612903 0.8818933823529411 0.050806451612903224 0.07628676470588236
2 0.8774193548387097 0.84375 0.04838709677419355 0.05514705882352941
3 0.7245967741935484 0.40027573529411764 0.028225806451612902 0.04136029411764706
1 0.7310483870967742 0.38327205882352944 0.02338709677419355 0.029411764705882353
1 0.742741935483871 0.39889705882352944 0.02258064516129032 0.029411764705882353
1 0.7536290322580645 0.4103860294117647 0.02661290322580645 0.035845588235294115
