2 0.5285714285714286 0.10799632352941177 0.02857142857142857 0.030330882352941176
3 0.37695852534562213 0.8147977941176471 0.04055299539170507 0.057904411764705885
1 0.5557603686635945 0.11626838235294118 0.014746543778801843 0.02849264705882353
0 0.32995391705069127 0.4352022058823529 0.30783410138248846 0.19761029411764705
2 0.03640552995391705 0.4742647058823529 0.02488479262672811 0.025735294117647058
1 0.10783410138248847 0.4806985294117647 0.04423963133640553 0.01838235294117647
3 0.4414746543778802 0.1213235294117647 0.012903225806451613 0.029411764705882353
3 0.4308755760368664 0.12408088235294118 0.011981566820276499 0.029411764705882353
1 0.8516129032258064 0.5707720588235294 0.060829493087557605 0.05330882352941176
1 0.7774193548387097 0.6162683823529411 0.06359447004608294 0.06341911764705882
1 0.7396313364055299 0.6158088235294118 0.06728110599078341 0.07720588235294118
