1 0.17258064516129032 0.6870404411764706 0.07903225806451612 0.06709558823529412
1 0.7298387096774194 0.3837316176470588 0.025806451612903226 0.030330882352941176
1 0.7435483870967742 0.39797794117647056 0.025806451612903226 0.03125
1 0.7504032258064516 0.4117647058823529 0.025 0.03125
1 0.8040322580645162 0.5188419117647058 0.0532258064516129 0.043198529411764705
1 0.7911290322580645 0.5376838235294118 0.043548387096774194 0.04595588235294118
1 0.5754032258064516 0.24816176470588236 0.03306451612903226 0.029411764705882353
1 0.3318548387096774 0.15900735294117646 0.020161290322580645 0.027573529411764705
2 0.5342741935483871 0.21323529411764705 0.0717741935483871 0.03676470588235294
2 0.2794354838709677 0.17876838235294118 0.04112903225806452 0.03400735294117647
2 0.2979838709677419 0.16130514705882354 0.029838709677419355 0.021139705882352942
2 0.8681451612903226 0.7715992647058824 0.050806451612903224 0.09650735294117647
2 0.225 0.18612132352941177 0.03225806451612903 0.03400735294117647
1 0.2254032258064516 0.19623161764705882 0.018548387096774192 0.03216911764705882
1 0.5846774193548387 0.20588235294117646 0.020967741935483872 0.027573529411764705
1 0.5399193548387097 0.19898897058823528 0.025 0.024816176470588234
2 0.6024193548387097 0.22288602941176472 0.037096774193548385 0.030330882352941176
1 0.7923387096774194 0.6047794117647058 0.04596774193548387 0.03676470588235294
1 0.8455645161290323 0.6383272058823529 0.036290322580645164 0.03216911764705882
1 0.8044354838709677 0.6369485294117647 0.049193548387096775 0.04044117647058824
1 0.8129032258064516 0.6622242647058824 0.05161290322580645 0.050551470588235295
