1 0.41526104417670684 0.19163602941176472 0.014457831325301205 0.02297794117647059
1 0.40481927710843374 0.19025735294117646 0.00963855421686747 0.02389705882352941
1 0.39397590361445783 0.18566176470588236 0.013654618473895583 0.029411764705882353
1 0.378714859437751 0.17509191176470587 0.013654618473895583 0.02297794117647059
1 0.3674698795180723 0.17509191176470587 0.012048192771084338 0.02297794117647059
1 0.3606425702811245 0.1879595588235294 0.01285140562248996 0.02297794117647059
1 0.3485943775100402 0.1870404411764706 0.01285140562248996 0.024816176470588234
1 0.3325301204819277 0.18428308823529413 0.01927710843373494 0.030330882352941176
1 0.25582329317269076 0.22288602941176472 0.021686746987951807 0.043198529411764705
1 0.1642570281124498 0.24586397058823528 0.020080321285140562 0.04136029411764706
1 0.14176706827309238 0.25827205882352944 0.013654618473895583 0.03860294117647059
1 0.12289156626506025 0.2679227941176471 0.01285140562248996 0.035845588235294115
1 0.10682730923694779 0.28262867647058826 0.01285140562248996 0.02849264705882353
1 0.09598393574297188 0.2881433823529412 0.010441767068273093 0.02297794117647059
1 0.5485943775100401 0.23069852941176472 0.02570281124497992 0.027573529411764705
2 0.7746987951807229 0.31985294117647056 0.012048192771084338 0.016544117647058824
1 0.7433734939759036 0.30330882352941174 0.012048192771084338 0.016544117647058824
1 0.7835341365461848 0.35753676470588236 0.012048192771084338 0.016544117647058824
2 0.727710843373494 0.3483455882352941 0.03855421686746988 0.04044117647058824
2 0.6734939759036145 0.40027573529411764 0.07951807228915662 0.0744485294117647
1 0.3273092369477912 0.2261029411764706 0.0393574297188755 0.04595588235294118
1 0.17389558232931726 0.26378676470588236 0.04257028112449799 0.04779411764705882
1 0.3100401606425703 0.48161764705882354 0.09477911646586346 0.09375
2 0.4397590361445783 0.18933823529411764 0.03614457831325301 0.04044117647058824
1 0.6911646586345381 0.2725183823529412 0.016867469879518072 0.017463235294117647
1 0.6429718875502008 0.2568933823529412 0.020080321285140562 0.024816176470588234
