2 0.7116935483870968 0.5854779411764706 0.0846774193548387 0.09558823529411764
2 0.555241935483871 0.32077205882352944 0.11370967741935484 0.0900735294117647
2 0.6689516129032258 0.47794117647058826 0.10080645161290322 0.10845588235294118
2 0.13790322580645162 0.390625 0.17096774193548386 0.15441176470588236
1 0.8056451612903226 0.5197610294117647 0.01935483870967742 0.017463235294117647
1 0.8116935483870967 0.5510110294117647 0.021774193548387097 0.017463235294117647
1 0.7991935483870968 0.6240808823529411 0.027419354838709678 0.02022058823529412
2 0.7830645161290323 0.4921875 0.025806451612903226 0.030330882352941176
2 0.7741935483870968 0.5523897058823529 0.035483870967741936 0.051470588235294115
2 0.8137096774193548 0.6608455882352942 0.03387096774193549 0.042279411764705885
3 0.7814516129032258 0.6930147058823529 0.02903225806451613 0.02389705882352941
3 0.7887096774193548 0.703125 0.02903225806451613 0.02389705882352941
0 0.8262096774193548 0.5974264705882353 0.04758064516129032 0.06066176470588235
4 0.7467741935483871 0.44393382352941174 0.07258064516129033 0.0900735294117647
3 0.3842741935483871 0.14384191176470587 0.01532258064516129 0.02665441176470588
1 0.5084677419354838 0.19439338235294118 0.025 0.030330882352941176
