1 0.3834677419354839 0.8943014705882353 0.08629032258064516 0.13419117647058823
2 0.25120967741935485 0.16176470588235295 0.02338709677419355 0.027573529411764705
2 0.2701612903225806 0.1714154411764706 0.03387096774193549 0.02849264705882353
2 0.29879032258064514 0.18244485294117646 0.04596774193548387 0.02665441176470588
1 0.3092741935483871 0.1953125 0.029838709677419355 0.043198529411764705
2 0.7161290322580646 0.4834558823529412 0.12580645161290321 0.14705882352941177
3 0.7241935483870968 0.40027573529411764 0.02903225806451613 0.04136029411764706
1 0.7298387096774194 0.3828125 0.02258064516129032 0.02849264705882353
1 0.7431451612903226 0.3984375 0.02338709677419355 0.030330882352941176
1 0.7536290322580645 0.4103860294117647 0.02661290322580645 0.035845588235294115
