2 0.5299539170506913 0.10891544117647059 0.029493087557603687 0.030330882352941176
3 0.42811059907834104 0.8189338235294118 0.026728110599078342 0.058823529411764705
2 0.5732718894009217 0.10386029411764706 0.025806451612903226 0.025735294117647058
1 0.567741935483871 0.1135110294117647 0.011059907834101382 0.024816176470588234
1 0.5548387096774193 0.1171875 0.012903225806451613 0.02849264705882353
1 0.0912442396313364 0.5257352941176471 0.035023041474654376 0.012867647058823529
1 0.10460829493087558 0.3318014705882353 0.017511520737327188 0.01838235294117647
2 0.15391705069124423 0.3170955882352941 0.047926267281105994 0.051470588235294115
3 0.44193548387096776 0.12224264705882353 0.011981566820276499 0.03125
3 0.4304147465437788 0.12454044117647059 0.011059907834101382 0.02849264705882353
3 0.22258064516129034 0.20174632352941177 0.017511520737327188 0.019301470588235295
1 0.8525345622119815 0.5698529411764706 0.060829493087557605 0.05330882352941176
1 0.7755760368663595 0.6153492647058824 0.06543778801843318 0.06341911764705882
1 0.9442396313364055 0.4742647058823529 0.03963133640552995 0.022058823529411766
2 0.8539170506912442 0.3874080882352941 0.07096774193548387 0.06709558823529412
