1 0.756734693877551 0.38005514705882354 0.024489795918367346 0.024816176470588234
0 0.8620408163265306 0.46277573529411764 0.09959183673469388 0.12959558823529413
1 0.36775510204081635 0.24126838235294118 0.0236734693877551 0.03952205882352941
1 0.4616326530612245 0.23575367647058823 0.025306122448979593 0.030330882352941176
1 0.32 0.22426470588235295 0.0163265306122449 0.025735294117647058
1 0.5726530612244898 0.25045955882352944 0.022040816326530613 0.021139705882352942
1 0.5918367346938775 0.2536764705882353 0.019591836734693877 0.01838235294117647
1 0.7436734693877551 0.31755514705882354 0.0163265306122449 0.015625
1 0.7073469387755102 0.32077205882352944 0.02040816326530612 0.025735294117647058
1 0.7310204081632653 0.33639705882352944 0.018775510204081632 0.02022058823529412
1 0.2726530612244898 0.2270220588235294 0.009795918367346938 0.01838235294117647
4 0.3346938775510204 0.20680147058823528 0.03918367346938775 0.027573529411764705
2 0.27714285714285714 0.21369485294117646 0.02857142857142857 0.015625
2 0.2542857142857143 0.21461397058823528 0.0236734693877551 0.017463235294117647
