2 0.5294930875576037 0.109375 0.030414746543778803 0.03125
3 0.37649769585253456 0.8129595588235294 0.03963133640552995 0.05974264705882353
1 0.5557603686635945 0.11672794117647059 0.014746543778801843 0.029411764705882353
2 0.22995391705069124 0.33088235294117646 0.10046082949308756 0.07352941176470588
2 0.015207373271889401 0.5096507352941176 0.017511520737327188 0.019301470588235295
2 0.03686635944700461 0.48713235294117646 0.025806451612903226 0.025735294117647058
2 0.07649769585253456 0.42830882352941174 0.03686635944700461 0.03125
2 0.07465437788018434 0.46737132352941174 0.0423963133640553 0.03768382352941176
1 0.04516129032258064 0.5243566176470589 0.025806451612903226 0.013786764705882353
1 0.2870967741935484 0.203125 0.02488479262672811 0.03125
0 0.13087557603686636 0.7178308823529411 0.09953917050691244 0.15073529411764705
3 0.4414746543778802 0.1213235294117647 0.012903225806451613 0.029411764705882353
3 0.4308755760368664 0.12408088235294118 0.011981566820276499 0.029411764705882353
1 0.8516129032258064 0.5712316176470589 0.060829493087557605 0.05422794117647059
1 0.7778801843317973 0.6167279411764706 0.06267281105990784 0.0625
1 0.7387096774193549 0.6171875 0.06543778801843318 0.078125
2 0.7857142857142857 0.31847426470588236 0.0728110599078341 0.06341911764705882
2 0.8728110599078341 0.40487132352941174 0.05898617511520737 0.05974264705882353
1 0.22580645161290322 0.7284007352941176 0.05714285714285714 0.06341911764705882
