1 0.41606425702811245 0.18979779411764705 0.014457831325301205 0.024816176470588234
1 0.40441767068273093 0.19025735294117646 0.010441767068273093 0.02022058823529412
1 0.39477911646586344 0.18382352941176472 0.010441767068273093 0.03125
1 0.3795180722891566 0.17693014705882354 0.013654618473895583 0.024816176470588234
1 0.3670682730923695 0.17601102941176472 0.011244979919678716 0.024816176470588234
1 0.3586345381526104 0.1870404411764706 0.013654618473895583 0.024816176470588234
1 0.3485943775100402 0.1879595588235294 0.01285140562248996 0.02297794117647059
1 0.3333333333333333 0.18428308823529413 0.020883534136546186 0.030330882352941176
1 0.25582329317269076 0.22288602941176472 0.020080321285140562 0.04136029411764706
1 0.16626506024096385 0.24816176470588236 0.01606425702811245 0.03676470588235294
1 0.15261044176706828 0.2532169117647059 0.01285140562248996 0.03768382352941176
1 0.14096385542168674 0.25919117647058826 0.012048192771084338 0.03308823529411765
1 0.12369477911646587 0.2693014705882353 0.011244979919678716 0.034926470588235295
1 0.10763052208835341 0.28079044117647056 0.01285140562248996 0.030330882352941176
1 0.09598393574297188 0.2890625 0.010441767068273093 0.02297794117647059
1 0.5465863453815261 0.22886029411764705 0.028112449799196786 0.02389705882352941
2 0.8004016064257028 0.38556985294117646 0.018473895582329317 0.02849264705882353
2 0.6742971887550201 0.28952205882352944 0.04096385542168675 0.03125
2 0.5184738955823294 0.48299632352941174 0.18875502008032127 0.14246323529411764
1 0.6823293172690763 0.3805147058823529 0.02971887550200803 0.04779411764705882
1 0.7176706827309237 0.47518382352941174 0.0393574297188755 0.05698529411764706
1 0.7682730923694779 0.31387867647058826 0.010441767068273093 0.015625
2 0.26465863453815264 0.24862132352941177 0.04738955823293173 0.05238970588235294
1 0.7734939759036145 0.359375 0.01606425702811245 0.02022058823529412
1 0.691566265060241 0.27297794117647056 0.01927710843373494 0.02022058823529412
1 0.6445783132530121 0.2578125 0.020080321285140562 0.024816176470588234
