2 0.3983739837398374 0.1640625 0.03577235772357724 0.03400735294117647
2 0.30040650406504066 0.1801470588235294 0.036585365853658534 0.03125
1 0.3426829268292683 0.18933823529411764 0.02032520325203252 0.04411764705882353
1 0.3073170731707317 0.19347426470588236 0.02113821138211382 0.035845588235294115
4 0.8422764227642277 0.4053308823529412 0.08292682926829269 0.11397058823529412
2 0.4796747967479675 0.16130514705882354 0.04065040650406504 0.03952205882352941
2 0.8731707317073171 0.3648897058823529 0.01951219512195122 0.02389705882352941
1 0.8178861788617886 0.2959558823529412 0.00975609756097561 0.016544117647058824
1 0.7052845528455285 0.25045955882352944 0.023577235772357725 0.02665441176470588
1 0.6882113821138212 0.23299632352941177 0.02195121951219512 0.024816176470588234
1 0.633739837398374 0.22334558823529413 0.03170731707317073 0.03860294117647059
2 0.7910569105691057 0.27987132352941174 0.026016260162601626 0.02297794117647059
2 0.46991869918699186 0.20680147058823528 0.12845528455284552 0.05330882352941176
1 0.8731707317073171 0.6240808823529411 0.04715447154471545 0.06985294117647059
1 0.2032520325203252 0.21783088235294118 0.03414634146341464 0.04779411764705882
2 0.11016260162601627 0.3046875 0.06260162601626017 0.0744485294117647
2 0.8276422764227642 0.29963235294117646 0.014634146341463415 0.02022058823529412
