1 0.41526104417670684 0.18887867647058823 0.014457831325301205 0.024816176470588234
1 0.40522088353413654 0.19117647058823528 0.010441767068273093 0.02022058823529412
1 0.39437751004016064 0.18382352941176472 0.011244979919678716 0.03125
1 0.3795180722891566 0.17693014705882354 0.013654618473895583 0.024816176470588234
1 0.3674698795180723 0.17555147058823528 0.012048192771084338 0.02389705882352941
1 0.3586345381526104 0.1879595588235294 0.013654618473895583 0.024816176470588234
1 0.3485943775100402 0.1879595588235294 0.01285140562248996 0.02297794117647059
1 0.3325301204819277 0.18474264705882354 0.020883534136546186 0.03125
1 0.25582329317269076 0.22288602941176472 0.020080321285140562 0.04136029411764706
1 0.16626506024096385 0.24816176470588236 0.01606425702811245 0.03676470588235294
1 0.1538152610441767 0.25183823529411764 0.013654618473895583 0.04044117647058824
1 0.14096385542168674 0.2587316176470588 0.012048192771084338 0.03400735294117647
1 0.12369477911646587 0.2688419117647059 0.011244979919678716 0.03400735294117647
1 0.10763052208835341 0.28079044117647056 0.01285140562248996 0.030330882352941176
1 0.09678714859437751 0.2890625 0.010441767068273093 0.02297794117647059
1 0.5465863453815261 0.22886029411764705 0.028112449799196786 0.02389705882352941
2 0.7995983935742972 0.38465073529411764 0.018473895582329317 0.02849264705882353
4 0.7449799196787149 0.29871323529411764 0.03453815261044177 0.03676470588235294
2 0.8060240963855422 0.3524816176470588 0.013654618473895583 0.019301470588235295
2 0.7811244979919679 0.3226102941176471 0.012048192771084338 0.012867647058823529
1 0.7883534136546185 0.33318014705882354 0.008835341365461847 0.011948529411764705
1 0.7827309236947791 0.3570772058823529 0.012048192771084338 0.015625
3 0.5718875502008032 0.23621323529411764 0.01606425702811245 0.025735294117647058
1 0.6919678714859437 0.27297794117647056 0.020080321285140562 0.02022058823529412
1 0.6445783132530121 0.25827205882352944 0.020080321285140562 0.02389705882352941
2 0.7983935742971887 0.34237132352941174 0.01285140562248996 0.013786764705882353
