3 0.8288617886178862 0.5546875 0.052845528455284556 0.09099264705882353
2 0.6898373983739837 0.19209558823529413 0.06585365853658537 0.03308823529411765
3 0.9402439024390243 0.5275735294117647 0.026829268292682926 0.05514705882352941
3 0.9471544715447154 0.47380514705882354 0.024390243902439025 0.046875
3 0.9613821138211383 0.5041360294117647 0.02032520325203252 0.030330882352941176
3 0.9491869918699187 0.5422794117647058 0.026829268292682926 0.04779411764705882
3 0.4353658536585366 0.16819852941176472 0.02032520325203252 0.029411764705882353
2 0.8508130081300813 0.25643382352941174 0.03333333333333333 0.027573529411764705
3 0.06747967479674796 0.5772058823529411 0.024390243902439025 0.03860294117647059
3 0.06585365853658537 0.5992647058823529 0.024390243902439025 0.03676470588235294
3 0.06260162601626017 0.6470588235294118 0.026016260162601626 0.03860294117647059
2 0.07560975609756097 0.46875 0.03739837398373984 0.051470588235294115
0 0.21666666666666667 0.2545955882352941 0.12113821138211382 0.11213235294117647
