3 0.6471774193548387 0.9292279411764706 0.0846774193548387 0.04595588235294118
3 0.5120967741935484 0.8993566176470589 0.08709677419354839 0.057904411764705885
1 0.14758064516129032 0.3740808823529412 0.08225806451612903 0.09558823529411764
1 0.16491935483870968 0.43244485294117646 0.08629032258064516 0.078125
1 0.09153225806451613 0.5229779411764706 0.06370967741935483 0.09191176470588236
1 0.13709677419354838 0.6957720588235294 0.10483870967741936 0.0900735294117647
2 0.7483870967741936 0.45496323529411764 0.03225806451612903 0.05330882352941176
3 0.7661290322580645 0.7421875 0.043548387096774194 0.03768382352941176
3 0.7766129032258065 0.7876838235294118 0.037096774193548385 0.025735294117647058
0 0.8056451612903226 0.5202205882352942 0.056451612903225805 0.07536764705882353
