1 0.14979591836734693 0.3630514705882353 0.061224489795918366 0.10845588235294118
2 0.3579591836734694 0.14430147058823528 0.044897959183673466 0.02389705882352941
2 0.7910204081632654 0.45174632352941174 0.05551020408163265 0.07628676470588236
3 0.7285714285714285 0.36443014705882354 0.022040816326530613 0.03216911764705882
3 0.7379591836734694 0.38556985294117646 0.022857142857142857 0.03952205882352941
3 0.7465306122448979 0.3984375 0.030204081632653063 0.03952205882352941
3 0.30979591836734693 0.7651654411764706 0.06775510204081632 0.078125
1 0.23877551020408164 0.7931985294117647 0.09714285714285714 0.125
2 0.41020408163265304 0.16314338235294118 0.05142857142857143 0.02849264705882353
1 0.26979591836734695 0.15900735294117646 0.013877551020408163 0.02022058823529412
1 0.26612244897959186 0.18244485294117646 0.0163265306122449 0.02849264705882353
1 0.45183673469387753 0.21737132352941177 0.036734693877551024 0.03952205882352941
1 0.509795918367347 0.20863970588235295 0.02857142857142857 0.04044117647058824
1 0.5240816326530612 0.23115808823529413 0.037551020408163265 0.03768382352941176
1 0.38612244897959186 0.19025735294117646 0.026122448979591838 0.03308823529411765
1 0.3620408163265306 0.1957720588235294 0.02857142857142857 0.03676470588235294
1 0.3355102040816327 0.19990808823529413 0.0326530612244898 0.03768382352941176
1 0.18571428571428572 0.19761029411764705 0.013877551020408163 0.029411764705882353
1 0.2069387755102041 0.171875 0.010612244897959184 0.022058823529411766
2 0.21877551020408162 0.15165441176470587 0.014693877551020407 0.014705882352941176
2 0.22775510204081634 0.15808823529411764 0.0163265306122449 0.02022058823529412
2 0.23795918367346938 0.15900735294117646 0.025306122448979593 0.02389705882352941
2 0.30489795918367346 0.17876838235294118 0.053061224489795916 0.03216911764705882
2 0.22448979591836735 0.18841911764705882 0.031020408163265307 0.027573529411764705
1 0.5485714285714286 0.23207720588235295 0.022857142857142857 0.030330882352941176
1 0.5689795918367347 0.2265625 0.027755102040816326 0.030330882352941176
0 0.6791836734693878 0.2578125 0.029387755102040815 0.030330882352941176
0 0.9069387755102041 0.7068014705882353 0.031020408163265307 0.06985294117647059
1 0.8644897959183674 0.5799632352941176 0.022857142857142857 0.03860294117647059
1 0.873061224489796 0.6121323529411765 0.02857142857142857 0.04595588235294118
1 0.8375510204081633 0.6957720588235294 0.053877551020408164 0.05698529411764706
2 0.8889795918367347 0.7417279411764706 0.03428571428571429 0.08639705882352941
1 0.5448979591836735 0.9696691176470589 0.09224489795918367 0.06066176470588235
1 0.8118367346938775 0.5183823529411765 0.04326530612244898 0.03676470588235294
1 0.8089795918367347 0.5326286764705882 0.04897959183673469 0.03400735294117647
1 0.8089795918367347 0.5464154411764706 0.05551020408163265 0.03400735294117647
1 0.8053061224489796 0.5680147058823529 0.053061224489795916 0.042279411764705885
1 0.8371428571428572 0.5744485294117647 0.03510204081632653 0.027573529411764705
1 0.84 0.6139705882352942 0.03428571428571429 0.04779411764705882
1 0.8118367346938775 0.5965073529411765 0.0563265306122449 0.04963235294117647
1 0.7995918367346939 0.6282169117647058 0.06448979591836734 0.04871323529411765
1 0.6608163265306123 0.2633272058823529 0.017142857142857144 0.021139705882352942
1 0.6959183673469388 0.3313419117647059 0.022040816326530613 0.03400735294117647
1 0.8865306122448979 0.8340992647058824 0.026122448979591838 0.02665441176470588
1 0.5759183673469388 0.20909926470588236 0.015510204081632653 0.021139705882352942
1 0.5906122448979592 0.21185661764705882 0.017142857142857144 0.024816176470588234
1 0.6036734693877551 0.21323529411764705 0.013877551020408163 0.02389705882352941
1 0.6024489795918367 0.24080882352941177 0.02122448979591837 0.029411764705882353
1 0.6151020408163266 0.2578125 0.0236734693877551 0.035845588235294115
1 0.6175510204081632 0.2339154411764706 0.015510204081632653 0.021139705882352942
1 0.6322448979591837 0.23897058823529413 0.02040816326530612 0.025735294117647058
2 0.6216326530612245 0.22564338235294118 0.03183673469387755 0.02297794117647059
1 0.6461224489795918 0.2536764705882353 0.015510204081632653 0.027573529411764705
1 0.6477551020408163 0.234375 0.013877551020408163 0.022058823529411766
1 0.66 0.23345588235294118 0.010612244897959184 0.01838235294117647
2 0.6636734693877551 0.22886029411764705 0.02122448979591837 0.022058823529411766
1 0.8428571428571429 0.5459558823529411 0.02040816326530612 0.029411764705882353
