2 0.7026041666666667 0.17083333333333334 0.01875 0.01875
2 0.6638020833333333 0.16848958333333333 0.027604166666666666 0.021354166666666667
4 0.2421875 0.23255208333333333 0.046875 0.04010416666666667
0 0.18932291666666667 0.22057291666666667 0.04114583333333333 0.028645833333333332
2 0.13125 0.8807291666666667 0.057291666666666664 0.090625
4 0.07239583333333334 0.8385416666666666 0.059375 0.10208333333333333
1 0.0484375 0.7104166666666667 0.0375 0.027083333333333334
1 0.07578125 0.7255208333333333 0.0484375 0.029166666666666667
1 0.0828125 0.37421875 0.022916666666666665 0.022395833333333334
2 0.4236979166666667 0.15234375 0.034895833333333334 0.0234375
2 0.24401041666666667 0.2559895833333333 0.0640625 0.044270833333333336
2 0.44973958333333336 0.15208333333333332 0.04739583333333333 0.030208333333333334
2 0.5171875 0.15833333333333333 0.04895833333333333 0.029166666666666667
1 0.7028645833333333 0.17682291666666666 0.011979166666666667 0.0203125
1 0.63671875 0.17265625 0.016145833333333335 0.024479166666666666
1 0.79609375 0.259375 0.027604166666666666 0.026041666666666668
