1 0.17258064516129032 0.6861213235294118 0.07903225806451612 0.06709558823529412
1 0.7201612903225807 0.3662683823529412 0.03064516129032258 0.03216911764705882
1 0.7298387096774194 0.38143382352941174 0.025806451612903226 0.027573529411764705
1 0.7415322580645162 0.39889705882352944 0.02338709677419355 0.027573529411764705
1 0.75 0.41130514705882354 0.025806451612903226 0.03216911764705882
1 0.4221774193548387 0.6135110294117647 0.08951612903225807 0.16268382352941177
1 0.3375 0.75 0.06370967741935483 0.1636029411764706
1 0.802016129032258 0.5560661764705882 0.04758064516129032 0.058823529411764705
1 0.7354838709677419 0.9002757352941176 0.06935483870967742 0.04503676470588235
2 0.6080645161290322 0.2545955882352941 0.06290322580645161 0.04779411764705882
2 0.43870967741935485 0.2192095588235294 0.10483870967741936 0.05974264705882353
2 0.8391129032258065 0.7215073529411765 0.06854838709677419 0.125
2 0.4068548387096774 0.16176470588235295 0.04435483870967742 0.027573529411764705
2 0.3032258064516129 0.18658088235294118 0.05161290322580645 0.03860294117647059
2 0.8729838709677419 0.8083639705882353 0.03790322580645161 0.06158088235294118
2 0.8733870967741936 0.8547794117647058 0.02258064516129032 0.03125
1 0.2629032258064516 0.14476102941176472 0.00967741935483871 0.015625
1 0.2508064516129032 0.14292279411764705 0.00967741935483871 0.013786764705882353
1 0.3512096774193548 0.3469669117647059 0.055645161290322584 0.08915441176470588
1 0.5794354838709678 0.20450367647058823 0.01532258064516129 0.015625
1 0.592741935483871 0.2109375 0.014516129032258065 0.015625
1 0.5725806451612904 0.21691176470588236 0.014516129032258065 0.01838235294117647
2 0.6713709677419355 0.22840073529411764 0.020161290322580645 0.019301470588235295
2 0.6544354838709677 0.22886029411764705 0.02338709677419355 0.02389705882352941
2 0.635483870967742 0.23023897058823528 0.027419354838709678 0.024816176470588234
2 0.6858870967741936 0.24816176470588236 0.018548387096774192 0.022058823529411766
1 0.6193548387096774 0.21507352941176472 0.014516129032258065 0.01838235294117647
1 0.6060483870967742 0.21461397058823528 0.016935483870967744 0.017463235294117647
