3 0.933739837398374 0.6443014705882353 0.036585365853658534 0.05698529411764706
3 0.0508130081300813 0.5496323529411765 0.01869918699186992 0.029411764705882353
3 0.15609756097560976 0.5487132352941176 0.04878048780487805 0.051470588235294115
3 0.09268292682926829 0.6034007352941176 0.032520325203252036 0.03952205882352941
3 0.0910569105691057 0.6240808823529411 0.032520325203252036 0.04044117647058824
2 0.6487804878048781 0.19439338235294118 0.07804878048780488 0.03768382352941176
4 0.16463414634146342 0.30514705882352944 0.04796747967479675 0.051470588235294115
1 0.31097560975609756 0.22104779411764705 0.023577235772357725 0.02665441176470588
1 0.37398373983739835 0.19898897058823528 0.024390243902439025 0.02849264705882353
1 0.43821138211382116 0.1801470588235294 0.024390243902439025 0.03308823529411765
1 0.43333333333333335 0.3056066176470588 0.06829268292682927 0.06158088235294118
2 0.24552845528455283 0.26286764705882354 0.06829268292682927 0.05330882352941176
2 0.49308943089430896 0.18658088235294118 0.08699186991869919 0.03676470588235294
2 0.7821138211382114 0.2270220588235294 0.055284552845528454 0.03676470588235294
2 0.7796747967479675 0.2578125 0.07642276422764227 0.06341911764705882
1 0.7162601626016261 0.2587316176470588 0.03739837398373984 0.04503676470588235
1 0.7589430894308943 0.2922794117647059 0.036585365853658534 0.04595588235294118
1 0.7780487804878049 0.33547794117647056 0.04715447154471545 0.058823529411764705
1 0.7032520325203252 0.3088235294117647 0.056910569105691054 0.058823529411764705
1 0.5955284552845529 0.27389705882352944 0.06260162601626017 0.06066176470588235
1 0.16869918699186992 0.4007352941176471 0.03983739837398374 0.04963235294117647
2 0.2434959349593496 0.30652573529411764 0.0886178861788618 0.05606617647058824
2 0.24674796747967478 0.34099264705882354 0.10975609756097561 0.07904411764705882
0 0.08211382113821138 0.41222426470588236 0.05853658536585366 0.09834558823529412
1 0.8378048780487805 0.3272058823529412 0.028455284552845527 0.042279411764705885
3 0.5821138211382114 0.15992647058823528 0.008130081300813009 0.02389705882352941
3 0.5878048780487805 0.16084558823529413 0.00975609756097561 0.02389705882352941
