1 0.275 0.6700367647058824 0.11935483870967742 0.125
1 0.4588709677419355 0.24126838235294118 0.0467741935483871 0.050551470588235295
1 0.7955645161290322 0.5491727941176471 0.04758064516129032 0.06709558823529412
1 0.6004032258064517 0.2182904411764706 0.020161290322580645 0.024816176470588234
2 0.6350806451612904 0.22288602941176472 0.02661290322580645 0.02665441176470588
2 0.6556451612903226 0.22426470588235295 0.025806451612903226 0.027573529411764705
1 0.41693548387096774 0.19071691176470587 0.02903225806451613 0.04503676470588235
1 0.7294354838709678 0.3828125 0.025 0.03400735294117647
2 0.24919354838709679 0.16636029411764705 0.03064516129032258 0.027573529411764705
2 0.27741935483870966 0.17601102941176472 0.04516129032258064 0.03216911764705882
1 0.7431451612903226 0.39889705882352944 0.02661290322580645 0.03125
1 0.7520161290322581 0.4099264705882353 0.02661290322580645 0.03308823529411765
2 0.8846774193548387 0.8079044117647058 0.03225806451612903 0.04963235294117647
