3 0.10967741935483871 0.7486213235294118 0.054838709677419356 0.0744485294117647
1 0.675 0.5795036764705882 0.06774193548387097 0.05606617647058824
4 0.5975806451612903 0.43566176470588236 0.1403225806451613 0.1488970588235294
1 0.05887096774193548 0.47840073529411764 0.05161290322580645 0.07077205882352941
1 0.8044354838709677 0.6314338235294118 0.021774193548387097 0.016544117647058824
2 0.8338709677419355 0.6024816176470589 0.020967741935483872 0.030330882352941176
2 0.8137096774193548 0.6594669117647058 0.03064516129032258 0.03952205882352941
1 0.7782258064516129 0.7394301470588235 0.04032258064516129 0.04503676470588235
1 0.4971774193548387 0.19393382352941177 0.020161290322580645 0.025735294117647058
1 0.5108870967741935 0.19806985294117646 0.025 0.030330882352941176
1 0.771774193548387 0.8740808823529411 0.03870967741935484 0.04411764705882353
1 0.7596774193548387 0.9269301470588235 0.035483870967741936 0.035845588235294115
1 0.7693548387096775 0.9172794117647058 0.037096774193548385 0.03860294117647059
