2 0.2991869918699187 0.17647058823529413 0.03577235772357724 0.03860294117647059
1 0.8699186991869918 0.6162683823529411 0.03739837398373984 0.04503676470588235
1 0.8463414634146341 0.7017463235294118 0.04878048780487805 0.05606617647058824
3 0.6841463414634147 0.6585477941176471 0.09674796747967479 0.07628676470588236
1 0.5752032520325203 0.3883272058823529 0.07723577235772358 0.07996323529411764
1 0.7780487804878049 0.38419117647058826 0.032520325203252036 0.042279411764705885
2 0.39634146341463417 0.16498161764705882 0.043089430894308944 0.03952205882352941
1 0.49552845528455286 0.18566176470588236 0.028455284552845527 0.03308823529411765
2 0.3544715447154472 0.24678308823529413 0.15609756097560976 0.08915441176470588
2 0.258130081300813 0.3446691176470588 0.16504065040650406 0.11213235294117647
1 0.1678861788617886 0.5436580882352942 0.08211382113821138 0.08547794117647059
1 0.733739837398374 0.2532169117647059 0.01056910569105691 0.011948529411764705
2 0.8036585365853659 0.29733455882352944 0.03008130081300813 0.02849264705882353
2 0.7272357723577236 0.2766544117647059 0.06260162601626017 0.04595588235294118
2 0.8426829268292683 0.3290441176470588 0.02195121951219512 0.027573529411764705
2 0.7934959349593496 0.3272058823529412 0.04390243902439024 0.04411764705882353
1 0.8300813008130081 0.39246323529411764 0.02113821138211382 0.027573529411764705
4 0.13333333333333333 0.25735294117647056 0.06829268292682927 0.0900735294117647
1 0.6959349593495935 0.22472426470588236 0.01951219512195122 0.03400735294117647
1 0.8617886178861789 0.6622242647058824 0.04715447154471545 0.03952205882352941
