2 0.4736111111111111 0.07077205882352941 0.07314814814814814 0.05698529411764706
2 0.019444444444444445 0.5965073529411765 0.027777777777777776 0.03860294117647059
4 0.1574074074074074 0.11443014705882353 0.022222222222222223 0.021139705882352942
4 0.8287037037037037 0.13740808823529413 0.04259259259259259 0.03952205882352941
2 0.7925925925925926 0.13786764705882354 0.044444444444444446 0.04044117647058824
2 0.7421296296296296 0.13143382352941177 0.075 0.04963235294117647
2 0.6680555555555555 0.09972426470588236 0.0824074074074074 0.04503676470588235
1 0.23055555555555557 0.20220588235294118 0.037037037037037035 0.04779411764705882
1 0.33611111111111114 0.1723345588235294 0.05 0.05974264705882353
1 0.5185185185185185 0.08272058823529412 0.040740740740740744 0.04779411764705882
2 0.18287037037037038 0.16727941176470587 0.03611111111111111 0.04595588235294118
1 0.2074074074074074 0.10983455882352941 0.016666666666666666 0.024816176470588234
2 0.15092592592592594 0.12821691176470587 0.014814814814814815 0.017463235294117647
2 0.14305555555555555 0.14246323529411764 0.017592592592592594 0.01838235294117647
4 0.12824074074074074 0.16268382352941177 0.026851851851851852 0.029411764705882353
2 0.060648148148148145 0.26608455882352944 0.021296296296296296 0.030330882352941176
1 0.060648148148148145 0.2867647058823529 0.021296296296296296 0.02022058823529412
1 0.05740740740740741 0.29503676470588236 0.020370370370370372 0.01838235294117647
2 0.05694444444444444 0.6810661764705882 0.028703703703703703 0.034926470588235295
2 0.05555555555555555 0.7068014705882353 0.025925925925925925 0.025735294117647058
2 0.08287037037037037 0.7339154411764706 0.028703703703703703 0.02849264705882353
2 0.07083333333333333 0.7375919117647058 0.019444444444444445 0.02849264705882353
1 0.075 0.6994485294117647 0.027777777777777776 0.01838235294117647
1 0.08842592592592592 0.7288602941176471 0.032407407407407406 0.02022058823529412
1 0.10231481481481482 0.7458639705882353 0.028703703703703703 0.02297794117647059
2 0.5412037037037037 0.9545036764705882 0.062037037037037036 0.03768382352941176
