1 0.11145833333333334 0.8924632352941176 0.03854166666666667 0.10661764705882353
1 0.026041666666666668 0.8409926470588235 0.026041666666666668 0.07536764705882353
1 0.05 0.8469669117647058 0.030208333333333334 0.09650735294117647
2 0.0765625 0.26838235294117646 0.03125 0.06801470588235294
3 0.09348958333333333 0.8161764705882353 0.05677083333333333 0.05330882352941176
1 0.31354166666666666 0.6778492647058824 0.14791666666666667 0.11488970588235294
1 0.8966145833333333 0.28400735294117646 0.011979166666666667 0.022058823529411766
0 0.7328125 0.15533088235294118 0.24791666666666667 0.2977941176470588
2 0.0296875 0.47058823529411764 0.03125 0.08088235294117647
2 0.18515625 0.2610294117647059 0.0921875 0.14338235294117646
2 0.1859375 0.44255514705882354 0.1375 0.17738970588235295
2 0.023697916666666666 0.6420036764705882 0.0328125 0.08363970588235294
2 0.86875 0.23299632352941177 0.025 0.050551470588235295
3 0.33359375 0.05422794117647059 0.018229166666666668 0.05330882352941176
