2 0.7217741935483871 0.5229779411764706 0.11290322580645161 0.14154411764705882
1 0.6064516129032258 0.22472426470588236 0.01935483870967742 0.02849264705882353
1 0.5838709677419355 0.21737132352941177 0.014516129032258065 0.021139705882352942
1 0.644758064516129 0.2711397058823529 0.021774193548387097 0.027573529411764705
1 0.680241935483871 0.25919117647058826 0.02338709677419355 0.02389705882352941
2 0.6391129032258065 0.22564338235294118 0.029838709677419355 0.024816176470588234
2 0.6899193548387097 0.2421875 0.020161290322580645 0.021139705882352942
2 0.2754032258064516 0.1792279411764706 0.042741935483870966 0.034926470588235295
2 0.8125 0.9260110294117647 0.05887096774193548 0.057904411764705885
1 0.7524193548387097 0.40762867647058826 0.025806451612903226 0.03216911764705882
3 0.7294354838709678 0.3717830882352941 0.02661290322580645 0.035845588235294115
3 0.7362903225806452 0.38465073529411764 0.024193548387096774 0.03952205882352941
1 0.7326612903225806 0.38235294117647056 0.029838709677419355 0.034926470588235295
1 0.7443548387096774 0.39705882352941174 0.027419354838709678 0.03308823529411765
1 0.30524193548387096 0.19393382352941177 0.025 0.04595588235294118
1 0.8588709677419355 0.6672794117647058 0.03870967741935484 0.04411764705882353
