1 0.07057291666666667 0.32950367647058826 0.018229166666666668 0.030330882352941176
1 0.6619791666666667 0.04825367647058824 0.026041666666666668 0.050551470588235295
1 0.8596354166666667 0.5280330882352942 0.0390625 0.06341911764705882
1 0.10989583333333333 0.8892463235294118 0.036458333333333336 0.109375
1 0.04869791666666667 0.8483455882352942 0.030729166666666665 0.0974264705882353
2 0.07786458333333333 0.26700367647058826 0.03697916666666667 0.07077205882352941
2 0.8033854166666666 0.1254595588235294 0.04635416666666667 0.06709558823529412
1 0.8098958333333334 0.15257352941176472 0.017708333333333333 0.029411764705882353
2 0.009114583333333334 0.5772058823529411 0.0171875 0.0625
1 0.7880208333333333 0.14246323529411764 0.020833333333333332 0.03860294117647059
3 0.8466145833333333 0.39246323529411764 0.034895833333333334 0.0661764705882353
2 0.7559895833333333 0.3851102941176471 0.07760416666666667 0.23161764705882354
1 0.18411458333333333 0.14384191176470587 0.0234375 0.05422794117647059
1 0.06380208333333333 0.3694852941176471 0.0203125 0.03676470588235294
1 0.0390625 0.4407169117647059 0.017708333333333333 0.035845588235294115
