2 0.4736111111111111 0.07077205882352941 0.075 0.05698529411764706
2 0.01990740740740741 0.5965073529411765 0.028703703703703703 0.03860294117647059
4 0.1574074074074074 0.1130514705882353 0.024074074074074074 0.022058823529411766
2 0.7430555555555556 0.1332720588235294 0.0712962962962963 0.051470588235294115
2 0.4162037037037037 0.7647058823529411 0.14907407407407408 0.15808823529411764
1 0.21898148148148147 0.25275735294117646 0.04351851851851852 0.051470588235294115
1 0.3287037037037037 0.18060661764705882 0.05 0.06893382352941177
1 0.2162037037037037 0.07674632352941177 0.012037037037037037 0.015625
2 0.15138888888888888 0.12775735294117646 0.017592592592592594 0.01838235294117647
2 0.14305555555555555 0.14200367647058823 0.021296296296296296 0.021139705882352942
4 0.12731481481481483 0.1636029411764706 0.026851851851851852 0.029411764705882353
2 0.060648148148148145 0.2647058823529412 0.021296296296296296 0.027573529411764705
1 0.0587962962962963 0.32766544117647056 0.023148148148148147 0.02297794117647059
1 0.04490740740740741 0.38097426470588236 0.021296296296296296 0.02297794117647059
2 0.05555555555555555 0.6810661764705882 0.03148148148148148 0.03308823529411765
2 0.20324074074074075 0.8033088235294118 0.0787037037037037 0.07904411764705882
2 0.04814814814814815 0.7334558823529411 0.018518518518518517 0.01838235294117647
2 0.06620370370370371 0.7513786764705882 0.019444444444444445 0.019301470588235295
2 0.5412037037037037 0.953125 0.06018518518518518 0.034926470588235295
