2 0.8869791666666667 0.228125 0.019791666666666666 0.017708333333333333
2 0.984375 0.48046875 0.019791666666666666 0.024479166666666666
3 0.17083333333333334 0.36692708333333335 0.04479166666666667 0.0203125
3 0.30078125 0.42239583333333336 0.05260416666666667 0.026041666666666668
1 0.959375 0.63125 0.015625 0.0125
1 0.9466145833333334 0.6109375 0.021354166666666667 0.01875
1 0.9255208333333333 0.61796875 0.026041666666666668 0.0171875
1 0.9455729166666667 0.425 0.028645833333333332 0.017708333333333333
1 0.8684895833333334 0.4348958333333333 0.0484375 0.029166666666666667
1 0.7541666666666667 0.325 0.05520833333333333 0.046875
1 0.6625 0.16901041666666666 0.052083333333333336 0.05260416666666667
3 0.2046875 0.12734375 0.020833333333333332 0.0296875
1 0.09479166666666666 0.24036458333333333 0.022916666666666665 0.018229166666666668
1 0.20338541666666668 0.21979166666666666 0.04010416666666667 0.03333333333333333
1 0.35546875 0.23619791666666667 0.05364583333333333 0.050520833333333334
1 0.275 0.31015625 0.06354166666666666 0.04635416666666667
1 0.16536458333333334 0.2994791666666667 0.050520833333333334 0.034375
1 0.12994791666666666 0.33697916666666666 0.04635416666666667 0.030208333333333334
1 0.20546875 0.44635416666666666 0.06197916666666667 0.046875
1 0.8046875 0.07786458333333333 0.011458333333333333 0.0140625
1 0.026302083333333334 0.30833333333333335 0.016145833333333335 0.010416666666666666
2 0.09895833333333333 0.19609375 0.027083333333333334 0.028645833333333332
0 0.3966145833333333 0.15572916666666667 0.40260416666666665 0.165625
0 0.8 0.06171875 0.016666666666666666 0.025520833333333333
2 0.7885416666666667 0.08020833333333334 0.017708333333333333 0.022916666666666665
0 0.047135416666666666 0.25807291666666665 0.05572916666666667 0.0453125
2 0.028645833333333332 0.2953125 0.01875 0.01875
2 0.06614583333333333 0.23723958333333334 0.023958333333333335 0.021354166666666667
2 0.16223958333333333 0.21510416666666668 0.05572916666666667 0.041666666666666664
2 0.14609375 0.25703125 0.0734375 0.05364583333333333
3 0.86171875 0.159375 0.016145833333333335 0.016666666666666666
2 0.04348958333333333 0.33515625 0.027604166666666666 0.022395833333333334
2 0.8283854166666667 0.09947916666666666 0.019270833333333334 0.019791666666666666
