3 0.3293877551020408 0.8152573529411765 0.06775510204081632 0.08088235294117647
1 0.1510204081632653 0.35983455882352944 0.05714285714285714 0.09466911764705882
1 0.23795918367346938 0.7909007352941176 0.09714285714285714 0.1130514705882353
1 0.6951020408163265 0.3350183823529412 0.0236734693877551 0.03768382352941176
2 0.35918367346938773 0.14568014705882354 0.045714285714285714 0.024816176470588234
2 0.41020408163265304 0.16130514705882354 0.053061224489795916 0.030330882352941176
2 0.7910204081632654 0.4540441176470588 0.053877551020408164 0.07352941176470588
1 0.5457142857142857 0.20909926470588236 0.0236734693877551 0.02849264705882353
1 0.58 0.20680147058823528 0.018775510204081632 0.02389705882352941
1 0.5689795918367347 0.2261029411764706 0.02122448979591837 0.027573529411764705
1 0.5877551020408164 0.22564338235294118 0.0163265306122449 0.02297794117647059
1 0.6134693877551021 0.2261029411764706 0.018775510204081632 0.02389705882352941
1 0.6281632653061224 0.23023897058823528 0.02040816326530612 0.02297794117647059
1 0.4714285714285714 0.22334558823529413 0.02857142857142857 0.04411764705882353
2 0.6481632653061224 0.2265625 0.02122448979591837 0.021139705882352942
2 0.6628571428571428 0.22472426470588236 0.019591836734693877 0.02297794117647059
2 0.673469387755102 0.22150735294117646 0.017959183673469388 0.022058823529411766
1 0.6469387755102041 0.23943014705882354 0.015510204081632653 0.019301470588235295
1 0.6636734693877551 0.23759191176470587 0.011428571428571429 0.019301470588235295
1 0.6775510204081633 0.23805147058823528 0.013061224489795919 0.01838235294117647
1 0.6877551020408164 0.23529411764705882 0.010612244897959184 0.01838235294117647
2 0.21591836734693878 0.15257352941176472 0.013877551020408163 0.014705882352941176
2 0.24857142857142858 0.14751838235294118 0.018775510204081632 0.015625
2 0.22857142857142856 0.15211397058823528 0.0163265306122449 0.017463235294117647
2 0.24122448979591837 0.16268382352941177 0.02040816326530612 0.025735294117647058
2 0.25673469387755105 0.16681985294117646 0.02857142857142857 0.030330882352941176
1 0.2636734693877551 0.14568014705882354 0.011428571428571429 0.017463235294117647
1 0.27510204081632655 0.14705882352941177 0.013061224489795919 0.016544117647058824
1 0.2885714285714286 0.15165441176470587 0.012244897959183673 0.01838235294117647
1 0.28244897959183674 0.16544117647058823 0.019591836734693877 0.016544117647058824
1 0.2677551020408163 0.17555147058823528 0.014693877551020407 0.022058823529411766
1 0.31918367346938775 0.1567095588235294 0.013061224489795919 0.021139705882352942
2 0.29061224489795917 0.18198529411764705 0.03918367346938775 0.03308823529411765
2 0.3314285714285714 0.17876838235294118 0.0473469387755102 0.03216911764705882
1 0.3416326530612245 0.21966911764705882 0.02857142857142857 0.04779411764705882
1 0.3575510204081633 0.23207720588235295 0.0326530612244898 0.05238970588235294
1 0.8546938775510204 0.5795036764705882 0.029387755102040815 0.04136029411764706
1 0.8722448979591837 0.6116727941176471 0.02857142857142857 0.03768382352941176
1 0.8951020408163265 0.6645220588235294 0.0236734693877551 0.03125
2 0.7542857142857143 0.8501838235294118 0.13387755102040816 0.14522058823529413
2 0.47306122448979593 0.26746323529411764 0.11183673469387755 0.08088235294117647
1 0.573469387755102 0.30193014705882354 0.03836734693877551 0.046875
1 0.6485714285714286 0.2936580882352941 0.02040816326530612 0.035845588235294115
2 0.8844897959183673 0.8391544117647058 0.02857142857142857 0.04963235294117647
