2 0.98828125 0.46041666666666664 0.018229166666666668 0.03125
2 0.9869791666666666 0.48515625 0.014583333333333334 0.019270833333333334
2 0.9768229166666667 0.47265625 0.018229166666666668 0.028645833333333332
2 0.8880208333333334 0.228125 0.020833333333333332 0.01875
3 0.2526041666666667 0.11692708333333333 0.022916666666666665 0.0265625
0 0.9453125 0.6239583333333333 0.05416666666666667 0.053125
1 0.7994791666666666 0.07161458333333333 0.010416666666666666 0.011979166666666667
1 0.16796875 0.22604166666666667 0.0359375 0.022916666666666665
1 0.17109375 0.24088541666666666 0.03802083333333333 0.0328125
1 0.08958333333333333 0.30807291666666664 0.030208333333333334 0.019270833333333334
1 0.09427083333333333 0.23723958333333334 0.022916666666666665 0.016145833333333335
1 0.06875 0.25286458333333334 0.01875 0.015104166666666667
1 0.049479166666666664 0.2638020833333333 0.014583333333333334 0.011979166666666667
1 0.05390625 0.30755208333333334 0.021354166666666667 0.013020833333333334
1 0.04479166666666667 0.30859375 0.017708333333333333 0.0140625
4 0.8158854166666667 0.07473958333333333 0.022395833333333334 0.024479166666666666
2 0.9747395833333333 0.53046875 0.0203125 0.03802083333333333
3 0.06484375 0.3463541666666667 0.025520833333333333 0.013541666666666667
1 0.5466145833333333 0.04453125 0.016145833333333335 0.0328125
1 0.5247395833333334 0.04140625 0.016145833333333335 0.0328125
1 0.32005208333333335 0.15390625 0.044270833333333336 0.043229166666666666
1 0.5760416666666667 0.012760416666666666 0.013541666666666667 0.024479166666666666
1 0.46041666666666664 0.009895833333333333 0.011458333333333333 0.01875
2 0.60078125 0.027083333333333334 0.030729166666666665 0.028125
2 0.14635416666666667 0.22213541666666667 0.053125 0.044270833333333336
2 0.5005208333333333 0.010677083333333334 0.04375 0.0203125
