1 0.2854838709677419 0.5965073529411765 0.15161290322580645 0.11580882352941177
1 0.6024193548387097 0.3547794117647059 0.05161290322580645 0.04595588235294118
0 0.7137096774193549 0.5390625 0.21774193548387097 0.19944852941176472
2 0.5262096774193549 0.4071691176470588 0.16048387096774194 0.13419117647058823
1 0.6931451612903226 0.37775735294117646 0.029838709677419355 0.03308823529411765
1 0.7044354838709678 0.40119485294117646 0.03306451612903226 0.04503676470588235
1 0.8306451612903226 0.6263786764705882 0.016129032258064516 0.017463235294117647
2 0.8048387096774193 0.5179227941176471 0.024193548387096774 0.02849264705882353
2 0.7657258064516129 0.4852941176470588 0.036290322580645164 0.04963235294117647
2 0.8137096774193548 0.6603860294117647 0.02903225806451613 0.03768382352941176
4 0.7850806451612903 0.48299632352941174 0.04435483870967742 0.05974264705882353
1 0.5137096774193548 0.1953125 0.020967741935483872 0.02849264705882353
3 0.3834677419354839 0.14613970588235295 0.021774193548387097 0.029411764705882353
3 0.7524193548387097 0.7610294117647058 0.0532258064516129 0.034926470588235295
3 0.7592741935483871 0.7844669117647058 0.04758064516129032 0.03400735294117647
2 0.10483870967741936 0.3313419117647059 0.07741935483870968 0.10753676470588236
