2 0.9848958333333333 0.4869791666666667 0.016666666666666666 0.020833333333333332
2 0.9770833333333333 0.47317708333333336 0.019791666666666666 0.0296875
2 0.8888020833333333 0.22734375 0.024479166666666666 0.018229166666666668
3 0.20208333333333334 0.13359375 0.017708333333333333 0.0203125
3 0.19817708333333334 0.13932291666666666 0.016145833333333335 0.025520833333333333
3 0.24973958333333332 0.10651041666666666 0.0203125 0.022395833333333334
3 0.12395833333333334 0.1625 0.014583333333333334 0.015625
3 0.9802083333333333 0.44765625 0.015625 0.0078125
3 0.9721354166666667 0.421875 0.018229166666666668 0.009375
2 0.7924479166666667 0.09166666666666666 0.019270833333333334 0.020833333333333332
1 0.051041666666666666 0.2791666666666667 0.016666666666666666 0.010416666666666666
1 0.16067708333333333 0.33359375 0.04739583333333333 0.025520833333333333
2 0.07526041666666666 0.25078125 0.028645833333333332 0.028645833333333332
2 0.023697916666666666 0.28958333333333336 0.018229166666666668 0.019791666666666666
2 0.053125 0.23359375 0.014583333333333334 0.015104166666666667
2 0.09947916666666666 0.19713541666666667 0.026041666666666668 0.0265625
1 0.8692708333333333 0.5875 0.042708333333333334 0.027083333333333334
1 0.9260416666666667 0.58515625 0.03229166666666667 0.018229166666666668
1 0.9364583333333333 0.46770833333333334 0.030208333333333334 0.019791666666666666
4 0.9484375 0.5216145833333333 0.04479166666666667 0.0484375
2 0.9830729166666666 0.59375 0.011979166666666667 0.017708333333333333
2 0.9484375 0.5888020833333333 0.021875 0.0296875
2 0.9442708333333333 0.6236979166666666 0.027083333333333334 0.027604166666666666
2 0.5963541666666666 0.01953125 0.03958333333333333 0.0328125
2 0.5 0.1015625 0.109375 0.05625
2 0.30416666666666664 0.14791666666666667 0.10416666666666667 0.057291666666666664
2 0.7708333333333334 0.11770833333333333 0.035416666666666666 0.0375
1 0.7963541666666667 0.15 0.020833333333333332 0.030208333333333334
1 0.7286458333333333 0.14869791666666668 0.03229166666666667 0.03697916666666667
1 0.5205729166666667 0.009375 0.013020833333333334 0.017708333333333333
2 0.5752604166666667 0.0125 0.025520833333333333 0.021875
1 0.8096354166666667 0.08046875 0.011979166666666667 0.0203125
1 0.8111979166666666 0.10911458333333333 0.015104166666666667 0.024479166666666666
1 0.8265625 0.11640625 0.014583333333333334 0.0203125
2 0.5473958333333333 0.008072916666666667 0.028125 0.015104166666666667
