1 0.4717741935483871 0.22794117647058823 0.02903225806451613 0.042279411764705885
1 0.4221774193548387 0.7127757352941176 0.1346774193548387 0.16819852941176472
1 0.7870967741935484 0.8561580882352942 0.06451612903225806 0.0744485294117647
1 0.3709677419354839 0.9126838235294118 0.09516129032258064 0.15073529411764705
2 0.27298387096774196 0.17049632352941177 0.03467741935483871 0.030330882352941176
2 0.3008064516129032 0.18198529411764705 0.041935483870967745 0.03860294117647059
1 0.3125 0.19761029411764705 0.029838709677419355 0.03860294117647059
1 0.5717741935483871 0.2104779411764706 0.02258064516129032 0.02389705882352941
1 0.6641129032258064 0.25735294117647056 0.016935483870967744 0.02022058823529412
1 0.6431451612903226 0.27619485294117646 0.01532258064516129 0.030330882352941176
1 0.7298387096774194 0.38327205882352944 0.020967741935483872 0.025735294117647058
3 0.7237903225806451 0.39981617647058826 0.028225806451612902 0.04411764705882353
1 0.7431451612903226 0.3984375 0.02338709677419355 0.030330882352941176
1 0.7524193548387097 0.4117647058823529 0.027419354838709678 0.029411764705882353
2 0.7544354838709677 0.5500919117647058 0.1314516129032258 0.18474264705882354
