2 0.26975806451612905 0.171875 0.04435483870967742 0.03676470588235294
2 0.31290322580645163 0.19071691176470587 0.06290322580645161 0.04503676470588235
1 0.6560483870967742 0.2688419117647059 0.016935483870967744 0.02849264705882353
2 0.6709677419354839 0.24080882352941177 0.02903225806451613 0.03308823529411765
1 0.5048387096774194 0.29044117647058826 0.03870967741935484 0.05330882352941176
1 0.730241935483871 0.38235294117647056 0.021774193548387097 0.027573529411764705
1 0.7431451612903226 0.3993566176470588 0.025 0.02849264705882353
1 0.7508064516129033 0.4131433823529412 0.025806451612903226 0.030330882352941176
1 0.7564516129032258 0.48483455882352944 0.05806451612903226 0.06893382352941177
1 0.6600806451612903 0.6985294117647058 0.06693548387096775 0.08455882352941177
1 0.8165322580645161 0.5280330882352942 0.04112903225806452 0.04503676470588235
1 0.7963709677419355 0.5326286764705882 0.05403225806451613 0.05238970588235294
1 0.8116935483870967 0.5606617647058824 0.05241935483870968 0.051470588235294115
1 0.817741935483871 0.6043198529411765 0.05967741935483871 0.06158088235294118
1 0.8262096774193548 0.6443014705882353 0.042741935483870966 0.05698529411764706
2 0.8814516129032258 0.7320772058823529 0.03870967741935484 0.08547794117647059
2 0.8596774193548387 0.765625 0.05 0.10477941176470588
