2 0.30040650406504066 0.1792279411764706 0.034959349593495934 0.029411764705882353
2 0.3983739837398374 0.16681985294117646 0.04065040650406504 0.03400735294117647
1 0.8691056910569106 0.6148897058823529 0.03414634146341464 0.025735294117647058
1 0.8617886178861789 0.6677389705882353 0.04065040650406504 0.03952205882352941
1 0.8471544715447155 0.6989889705882353 0.04390243902439024 0.05606617647058824
4 0.13739837398373983 0.2541360294117647 0.061788617886178863 0.08547794117647059
2 0.8264227642276423 0.3010110294117647 0.01707317073170732 0.019301470588235295
1 0.7886178861788617 0.2734375 0.008130081300813009 0.013786764705882353
2 0.7731707317073171 0.2922794117647059 0.03739837398373984 0.03125
1 0.4959349593495935 0.18152573529411764 0.030894308943089432 0.030330882352941176
1 0.5666666666666667 0.2113970588235294 0.027642276422764227 0.03125
1 0.5926829268292683 0.22426470588235295 0.03414634146341464 0.03125
1 0.6117886178861789 0.3515625 0.05121951219512195 0.06341911764705882
1 0.27479674796747966 0.5942095588235294 0.11382113821138211 0.0818014705882353
2 0.5272357723577236 0.25183823529411764 0.12439024390243902 0.06433823529411764
2 0.11504065040650406 0.3350183823529412 0.07560975609756097 0.0818014705882353
1 0.6947154471544715 0.2270220588235294 0.02032520325203252 0.03308823529411765
