2 0.8041666666666667 0.12683823529411764 0.04583333333333333 0.08088235294117647
1 0.11119791666666666 0.8924632352941176 0.03802083333333333 0.10661764705882353
1 0.02578125 0.8405330882352942 0.025520833333333333 0.0744485294117647
1 0.05 0.8465073529411765 0.029166666666666667 0.09558823529411764
2 0.0765625 0.26838235294117646 0.03125 0.06801470588235294
3 0.5708333333333333 0.03079044117647059 0.017708333333333333 0.06158088235294118
3 0.5557291666666667 0.029871323529411766 0.014583333333333334 0.057904411764705885
1 0.8265625 0.16773897058823528 0.014583333333333334 0.02665441176470588
1 0.78984375 0.22288602941176472 0.03697916666666667 0.07077205882352941
2 0.5752604166666667 0.5850183823529411 0.26197916666666665 0.4163602941176471
3 0.3177083333333333 0.05514705882352941 0.019791666666666666 0.06066176470588235
