2 0.7440816326530613 0.32536764705882354 0.022040816326530613 0.022058823529411766
2 0.723265306122449 0.31985294117647056 0.022857142857142857 0.027573529411764705
3 0.6302040816326531 0.25505514705882354 0.00816326530612245 0.015625
1 0.8004081632653062 0.4209558823529412 0.022040816326530613 0.034926470588235295
1 0.05877551020408163 0.4866727941176471 0.022857142857142857 0.06893382352941177
2 0.10204081632653061 0.4255514705882353 0.05714285714285714 0.13602941176470587
2 0.2453061224489796 0.22196691176470587 0.02040816326530612 0.017463235294117647
2 0.22653061224489796 0.22196691176470587 0.013877551020408163 0.013786764705882353
1 0.23918367346938776 0.23069852941176472 0.009795918367346938 0.01838235294117647
4 0.5946938775510204 0.23897058823529413 0.053061224489795916 0.034926470588235295
1 0.3795918367346939 0.19439338235294118 0.014693877551020407 0.017463235294117647
