2 0.30121951219512194 0.17876838235294118 0.036585365853658534 0.03400735294117647
2 0.39796747967479673 0.16590073529411764 0.034959349593495934 0.03400735294117647
2 0.483739837398374 0.16636029411764705 0.03414634146341464 0.029411764705882353
1 0.3410569105691057 0.18658088235294118 0.02195121951219512 0.04044117647058824
1 0.3065040650406504 0.1953125 0.01788617886178862 0.030330882352941176
1 0.20284552845528456 0.22012867647058823 0.028455284552845527 0.046875
2 0.8126016260162602 0.3010110294117647 0.02032520325203252 0.02665441176470588
1 0.8731707317073171 0.6199448529411765 0.04552845528455285 0.06709558823529412
1 0.23983739837398374 0.20909926470588236 0.02113821138211382 0.035845588235294115
1 0.8032520325203252 0.28630514705882354 0.013008130081300813 0.017463235294117647
1 0.7934959349593496 0.2821691176470588 0.013008130081300813 0.01838235294117647
1 0.7894308943089431 0.27205882352941174 0.014634146341463415 0.01838235294117647
1 0.7796747967479675 0.26746323529411764 0.011382113821138212 0.01838235294117647
1 0.7703252032520326 0.26056985294117646 0.013821138211382113 0.017463235294117647
2 0.8276422764227642 0.30514705882352944 0.016260162601626018 0.022058823529411766
