1 0.14779116465863454 0.35110294117647056 0.024096385542168676 0.02022058823529412
1 0.14417670682730924 0.3630514705882353 0.024899598393574297 0.02389705882352941
1 0.13815261044176708 0.3786764705882353 0.02248995983935743 0.022058823529411766
1 0.13012048192771083 0.390625 0.02248995983935743 0.02022058823529412
1 0.12650602409638553 0.40579044117647056 0.028112449799196786 0.021139705882352942
1 0.12289156626506025 0.42922794117647056 0.02891566265060241 0.025735294117647058
1 0.11124497991967872 0.4443933823529412 0.028112449799196786 0.02849264705882353
1 0.10361445783132531 0.4719669117647059 0.02891566265060241 0.02849264705882353
1 0.09558232931726908 0.5022977941176471 0.02570281124497992 0.030330882352941176
1 0.08674698795180723 0.7306985294117647 0.02891566265060241 0.04044117647058824
1 0.09036144578313253 0.7555147058823529 0.024899598393574297 0.029411764705882353
1 0.7200803212851405 0.17555147058823528 0.023293172690763052 0.022058823529411766
1 0.7473895582329317 0.19163602941176472 0.024899598393574297 0.03216911764705882
1 0.7598393574297189 0.2113970588235294 0.030522088353413655 0.029411764705882353
1 0.7763052208835342 0.23161764705882354 0.02971887550200803 0.029411764705882353
1 0.7907630522088354 0.25137867647058826 0.02650602409638554 0.030330882352941176
1 0.8040160642570281 0.27205882352941174 0.035341365461847386 0.03308823529411765
1 0.8329317269076305 0.3014705882352941 0.02570281124497992 0.02022058823529412
1 0.8397590361445784 0.32536764705882354 0.03293172690763052 0.03308823529411765
1 0.10200803212851406 0.8138786764705882 0.02891566265060241 0.021139705882352942
2 0.9040160642570281 0.3478860294117647 0.03775100401606426 0.057904411764705885
2 0.9377510040160643 0.42325367647058826 0.028112449799196786 0.050551470588235295
2 0.5714859437751004 0.08272058823529412 0.023293172690763052 0.016544117647058824
3 0.6863453815261045 0.13786764705882354 0.012048192771084338 0.022058823529411766
2 0.3522088353413655 0.1130514705882353 0.021686746987951807 0.01838235294117647
1 0.3200803212851406 0.16268382352941177 0.023293172690763052 0.03308823529411765
1 0.1502008032128514 0.28079044117647056 0.01606425702811245 0.019301470588235295
1 0.19879518072289157 0.25965073529411764 0.03293172690763052 0.02665441176470588
1 0.18433734939759036 0.28768382352941174 0.03775100401606426 0.04411764705882353
2 0.4570281124497992 0.0974264705882353 0.030522088353413655 0.029411764705882353
3 0.08032128514056225 0.5818014705882353 0.043373493975903614 0.03676470588235294
3 0.1140562248995984 0.3694852941176471 0.02248995983935743 0.022058823529411766
1 0.9208835341365462 0.4094669117647059 0.021686746987951807 0.03768382352941176
1 0.8863453815261044 0.3414522058823529 0.02650602409638554 0.035845588235294115
1 0.8506024096385543 0.2867647058823529 0.01927710843373494 0.025735294117647058
1 0.8642570281124498 0.3023897058823529 0.017670682730923693 0.022058823529411766
1 0.8180722891566266 0.24862132352941177 0.021686746987951807 0.024816176470588234
2 0.4578313253012048 0.078125 0.01927710843373494 0.014705882352941176
2 0.9622489959839358 0.5634191176470589 0.01927710843373494 0.042279411764705885
