3 0.9365853658536586 0.6387867647058824 0.04552845528455285 0.06066176470588235
3 0.0508130081300813 0.5363051470588235 0.01869918699186992 0.030330882352941176
2 0.6841463414634147 0.20772058823529413 0.08536585365853659 0.04411764705882353
3 0.11829268292682926 0.6222426470588235 0.046341463414634146 0.051470588235294115
4 0.11707317073170732 0.34558823529411764 0.03577235772357724 0.04411764705882353
1 0.20284552845528456 0.27068014705882354 0.015447154471544716 0.024816176470588234
1 0.42357723577235773 0.18382352941176472 0.024390243902439025 0.027573529411764705
1 0.5410569105691057 0.16544117647058823 0.025203252032520326 0.027573529411764705
1 0.5292682926829269 0.17738970588235295 0.030894308943089432 0.029411764705882353
1 0.501219512195122 0.16819852941176472 0.025203252032520326 0.027573529411764705
2 0.45203252032520325 0.20128676470588236 0.0991869918699187 0.05330882352941176
2 0.8178861788617886 0.23759191176470587 0.05040650406504065 0.03768382352941176
2 0.18170731707317073 0.3616727941176471 0.07235772357723577 0.06709558823529412
1 0.05894308943089431 0.48621323529411764 0.01707317073170732 0.022058823529411766
