3 0.3363265306122449 0.8083639705882353 0.062040816326530614 0.07996323529411764
1 0.14979591836734693 0.35891544117647056 0.05959183673469388 0.09283088235294118
1 0.2383673469387755 0.7909007352941176 0.0946938775510204 0.11488970588235294
1 0.6963265306122449 0.33409926470588236 0.022857142857142857 0.030330882352941176
2 0.35877551020408166 0.14292279411764705 0.04816326530612245 0.030330882352941176
2 0.40938775510204084 0.16084558823529413 0.053061224489795916 0.029411764705882353
2 0.7910204081632654 0.45358455882352944 0.053877551020408164 0.07261029411764706
1 0.5995918367346939 0.21645220588235295 0.018775510204081632 0.02849264705882353
1 0.5808163265306122 0.20680147058823528 0.022040816326530613 0.02389705882352941
1 0.5836734693877551 0.22564338235294118 0.024489795918367346 0.030330882352941176
1 0.5677551020408164 0.22748161764705882 0.022040816326530613 0.030330882352941176
1 0.5481632653061225 0.21231617647058823 0.025306122448979593 0.03125
2 0.6502040816326531 0.22472426470588236 0.022040816326530613 0.02297794117647059
2 0.6616326530612245 0.22472426470588236 0.018775510204081632 0.02665441176470588
2 0.6706122448979592 0.22242647058823528 0.02040816326530612 0.022058823529411766
1 0.6151020408163266 0.22242647058823528 0.018775510204081632 0.02022058823529412
1 0.6204081632653061 0.23759191176470587 0.02122448979591837 0.02297794117647059
1 0.6428571428571429 0.23805147058823528 0.018775510204081632 0.02022058823529412
1 0.6608163265306123 0.23943014705882354 0.012244897959183673 0.013786764705882353
1 0.6689795918367347 0.23759191176470587 0.010612244897959184 0.015625
1 0.6836734693877551 0.23759191176470587 0.012244897959183673 0.013786764705882353
2 0.2714285714285714 0.14384191176470587 0.02040816326530612 0.015625
2 0.2726530612244898 0.15349264705882354 0.02122448979591837 0.02022058823529412
2 0.23510204081632652 0.14568014705882354 0.019591836734693877 0.017463235294117647
2 0.3946938775510204 0.20818014705882354 0.07265306122448979 0.04503676470588235
2 0.3669387755102041 0.17647058823529413 0.0563265306122449 0.042279411764705885
2 0.22448979591836735 0.15625 0.017959183673469388 0.01838235294117647
2 0.2416326530612245 0.16084558823529413 0.02122448979591837 0.02389705882352941
2 0.253469387755102 0.16911764705882354 0.03346938775510204 0.027573529411764705
2 0.2220408163265306 0.15441176470588236 0.013061224489795919 0.016544117647058824
1 0.2693877551020408 0.17463235294117646 0.019591836734693877 0.027573529411764705
2 0.29183673469387755 0.18198529411764705 0.036734693877551024 0.03308823529411765
1 0.3416326530612245 0.2182904411764706 0.030204081632653063 0.046875
1 0.35836734693877553 0.23161764705882354 0.031020408163265307 0.04963235294117647
1 0.3183673469387755 0.2026654411764706 0.031020408163265307 0.03952205882352941
1 0.28408163265306124 0.1948529411764706 0.022857142857142857 0.03125
1 0.2453061224489796 0.24632352941176472 0.026938775510204082 0.05698529411764706
1 0.20979591836734693 0.22886029411764705 0.02122448979591837 0.05330882352941176
1 0.21510204081632653 0.18382352941176472 0.012244897959183673 0.01838235294117647
1 0.19020408163265307 0.17279411764705882 0.011428571428571429 0.01838235294117647
1 0.19387755102040816 0.19301470588235295 0.015510204081632653 0.022058823529411766
2 0.2089795918367347 0.16590073529411764 0.019591836734693877 0.021139705882352942
1 0.8714285714285714 0.6204044117647058 0.03183673469387755 0.04779411764705882
1 0.78 0.7104779411764706 0.061224489795918366 0.06801470588235294
1 0.7359183673469388 0.8841911764705882 0.08734693877551021 0.06801470588235294
1 0.8959183673469387 0.7844669117647058 0.018775510204081632 0.030330882352941176
2 0.8093877551020409 0.6415441176470589 0.10204081632653061 0.1488970588235294
