2 0.3975609756097561 0.16498161764705882 0.03577235772357724 0.03400735294117647
2 0.3008130081300813 0.1796875 0.03414634146341464 0.030330882352941176
1 0.34146341463414637 0.18658088235294118 0.01951219512195122 0.03860294117647059
1 0.30365853658536585 0.19255514705882354 0.02032520325203252 0.03400735294117647
2 0.5914634146341463 0.3115808823529412 0.16341463414634147 0.10661764705882353
4 0.8406504065040651 0.4025735294117647 0.08292682926829269 0.11397058823529412
2 0.4788617886178862 0.15946691176470587 0.04065040650406504 0.03952205882352941
2 0.09349593495934959 0.35018382352941174 0.06829268292682927 0.09558823529411764
2 0.8731707317073171 0.3681066176470588 0.016260162601626018 0.024816176470588234
2 0.7963414634146342 0.29963235294117646 0.028455284552845527 0.03676470588235294
2 0.717479674796748 0.2522977941176471 0.046341463414634146 0.03768382352941176
1 0.4300813008130081 0.1948529411764706 0.04715447154471545 0.04411764705882353
1 0.8723577235772357 0.6254595588235294 0.05040650406504065 0.07628676470588236
1 0.20203252032520325 0.21875 0.03333333333333333 0.04595588235294118
1 0.241869918699187 0.20772058823529413 0.02032520325203252 0.034926470588235295
1 0.8199186991869919 0.35661764705882354 0.02032520325203252 0.027573529411764705
2 0.8479674796747968 0.328125 0.01788617886178862 0.025735294117647058
2 0.817479674796748 0.3322610294117647 0.028455284552845527 0.03400735294117647
