2 0.9885416666666667 0.46119791666666665 0.017708333333333333 0.030729166666666665
2 0.9846354166666667 0.4864583333333333 0.018229166666666668 0.019791666666666666
2 0.97578125 0.47317708333333336 0.0171875 0.030729166666666665
2 0.8872395833333333 0.22864583333333333 0.022395833333333334 0.01875
3 0.027864583333333335 0.321875 0.016145833333333335 0.007291666666666667
1 0.8046875 0.09244791666666667 0.010416666666666666 0.016145833333333335
2 0.049479166666666664 0.23619791666666667 0.016666666666666666 0.019270833333333334
4 0.02734375 0.27682291666666664 0.0328125 0.021354166666666667
1 0.04010416666666667 0.28671875 0.016666666666666666 0.0109375
1 0.14348958333333334 0.20911458333333333 0.0296875 0.0234375
3 0.018489583333333334 0.31484375 0.0109375 0.0067708333333333336
4 0.609375 0.01953125 0.05625 0.03802083333333333
1 0.52109375 0.011458333333333333 0.013020833333333334 0.021875
2 0.9799479166666667 0.6177083333333333 0.009895833333333333 0.016666666666666666
