2 0.8872395833333333 0.22838541666666667 0.0203125 0.019270833333333334
2 0.97734375 0.47239583333333335 0.0203125 0.028125
3 0.20208333333333334 0.13489583333333333 0.020833333333333332 0.022916666666666665
3 0.8447916666666667 0.5927083333333333 0.04583333333333333 0.017708333333333333
3 0.8502604166666666 0.6005208333333333 0.0421875 0.017708333333333333
3 0.97890625 0.44375 0.0171875 0.007291666666666667
3 0.9807291666666667 0.4518229166666667 0.014583333333333334 0.0078125
1 0.9682291666666667 0.6234375 0.015625 0.010416666666666666
1 0.9578125 0.61328125 0.016666666666666666 0.015104166666666667
1 0.953125 0.6276041666666666 0.01875 0.013541666666666667
1 0.8770833333333333 0.5682291666666667 0.03958333333333333 0.026041666666666668
1 0.8135416666666667 0.14166666666666666 0.020833333333333332 0.026041666666666668
1 0.7856770833333333 0.10989583333333333 0.0171875 0.026041666666666668
1 0.7822916666666667 0.16536458333333334 0.027083333333333334 0.033854166666666664
0 0.020052083333333335 0.2838541666666667 0.0234375 0.020833333333333332
0 0.046875 0.25859375 0.05520833333333333 0.0484375
4 0.9833333333333333 0.6091145833333333 0.023958333333333335 0.024479166666666666
1 0.041666666666666664 0.30546875 0.01875 0.0109375
1 0.13125 0.2942708333333333 0.0375 0.025
1 0.44479166666666664 0.3059895833333333 0.07083333333333333 0.059895833333333336
1 0.03411458333333333 0.29296875 0.015104166666666667 0.0109375
2 0.16927083333333334 0.359375 0.09270833333333334 0.065625
2 0.16666666666666666 0.20520833333333333 0.07604166666666666 0.057291666666666664
2 0.07447916666666667 0.2791666666666667 0.03958333333333333 0.034375
2 0.9838541666666667 0.5908854166666667 0.011458333333333333 0.018229166666666668
2 0.7841145833333333 0.08671875 0.021354166666666667 0.022395833333333334
2 0.7848958333333333 0.1390625 0.04583333333333333 0.03854166666666667
2 0.6013020833333333 0.12369791666666667 0.09739583333333333 0.05677083333333333
2 0.309375 0.15755208333333334 0.10625 0.059895833333333336
2 0.09895833333333333 0.19583333333333333 0.027083333333333334 0.029166666666666667
2 0.09661458333333334 0.21380208333333334 0.0265625 0.0296875
2 0.025520833333333333 0.32057291666666665 0.01875 0.015104166666666667
