2 0.7169354838709677 0.4071691176470588 0.08064516129032258 0.0900735294117647
1 0.17096774193548386 0.6856617647058824 0.07903225806451612 0.0661764705882353
1 0.7209677419354839 0.3694852941176471 0.02258064516129032 0.025735294117647058
1 0.4241935483870968 0.22104779411764705 0.041935483870967745 0.043198529411764705
1 0.4991935483870968 0.20588235294117646 0.037096774193548385 0.03860294117647059
1 0.8060483870967742 0.5413602941176471 0.04758064516129032 0.03860294117647059
1 0.8112903225806452 0.5739889705882353 0.0467741935483871 0.050551470588235295
1 0.7903225806451613 0.6351102941176471 0.06935483870967742 0.06801470588235294
2 0.6568548387096774 0.2568933823529412 0.03951612903225806 0.03400735294117647
2 0.8705645161290323 0.6994485294117647 0.04596774193548387 0.09191176470588236
2 0.855241935483871 0.7568933823529411 0.05403225806451613 0.109375
2 0.5254032258064516 0.24034926470588236 0.08951612903225807 0.06158088235294118
2 0.8233870967741935 0.5349264705882353 0.07580645161290323 0.0974264705882353
2 0.6564516129032258 0.21966911764705882 0.01935483870967742 0.02022058823529412
2 0.6463709677419355 0.2265625 0.02338709677419355 0.02297794117647059
1 0.5637096774193548 0.21966911764705882 0.02258064516129032 0.022058823529411766
1 0.5854838709677419 0.22840073529411764 0.01935483870967742 0.021139705882352942
3 0.769758064516129 0.4352022058823529 0.02338709677419355 0.03216911764705882
3 0.7762096774193549 0.46599264705882354 0.03790322580645161 0.03860294117647059
3 0.49959677419354837 0.9420955882352942 0.07661290322580645 0.06801470588235294
