2 0.2983739837398374 0.1801470588235294 0.04065040650406504 0.03676470588235294
2 0.3959349593495935 0.1645220588235294 0.04878048780487805 0.042279411764705885
2 0.7894308943089431 0.5050551470588235 0.0975609756097561 0.12040441176470588
1 0.8711382113821138 0.6213235294117647 0.044715447154471545 0.058823529411764705
1 0.3434959349593496 0.1875 0.01869918699186992 0.04044117647058824
3 0.4605691056910569 0.18244485294117646 0.02195121951219512 0.03768382352941176
1 0.21016260162601627 0.2192095588235294 0.015447154471544716 0.03400735294117647
1 0.8589430894308943 0.6714154411764706 0.04796747967479675 0.05238970588235294
1 0.8495934959349594 0.7150735294117647 0.05040650406504065 0.04779411764705882
2 0.8317073170731707 0.2913602941176471 0.016260162601626018 0.01838235294117647
2 0.7613821138211382 0.2697610294117647 0.036585365853658534 0.030330882352941176
2 0.8101626016260163 0.30284926470588236 0.026829268292682926 0.02849264705882353
1 0.8353658536585366 0.34972426470588236 0.01869918699186992 0.024816176470588234
2 0.6353658536585366 0.23851102941176472 0.0886178861788618 0.05422794117647059
4 0.13455284552845528 0.25597426470588236 0.06747967479674796 0.08915441176470588
1 0.6821138211382114 0.9572610294117647 0.07317073170731707 0.0744485294117647
