1 0.2252032520325203 0.9416360294117647 0.056910569105691054 0.08915441176470588
1 0.4796747967479675 0.16865808823529413 0.02113821138211382 0.024816176470588234
1 0.508130081300813 0.16773897058823528 0.01951219512195122 0.019301470588235295
1 0.5373983739837398 0.16176470588235295 0.01951219512195122 0.02022058823529412
1 0.5617886178861788 0.1645220588235294 0.01951219512195122 0.022058823529411766
1 0.5853658536585366 0.16176470588235295 0.01788617886178862 0.02022058823529412
1 0.6036585365853658 0.16590073529411764 0.02032520325203252 0.019301470588235295
1 0.28252032520325204 0.23115808823529413 0.023577235772357725 0.03216911764705882
2 0.08617886178861789 0.4103860294117647 0.022764227642276424 0.030330882352941176
2 0.06707317073170732 0.44485294117647056 0.01707317073170732 0.027573529411764705
1 0.08048780487804878 0.4384191176470588 0.014634146341463415 0.01838235294117647
2 0.06544715447154471 0.47840073529411764 0.023577235772357725 0.035845588235294115
3 0.05934959349593496 0.5142463235294118 0.013008130081300813 0.019301470588235295
1 0.16626016260162602 0.8662683823529411 0.046341463414634146 0.05238970588235294
1 0.17886178861788618 0.9122242647058824 0.04390243902439024 0.050551470588235295
