3 0.765040650406504 0.6507352941176471 0.06829268292682927 0.07904411764705882
3 0.782520325203252 0.6796875 0.06910569105691057 0.09283088235294118
3 0.9361788617886179 0.6401654411764706 0.03983739837398374 0.06893382352941177
3 0.05040650406504065 0.5335477941176471 0.027642276422764227 0.03768382352941176
0 0.2040650406504065 0.25965073529411764 0.11707317073170732 0.12408088235294118
2 0.07926829268292683 0.6842830882352942 0.05609756097560976 0.171875
2 0.7195121951219512 0.21783088235294118 0.07479674796747968 0.04963235294117647
1 0.4739837398373984 0.171875 0.026016260162601626 0.03125
1 0.4321138211382114 0.1879595588235294 0.038211382113821135 0.03400735294117647
1 0.5455284552845528 0.17325367647058823 0.03577235772357724 0.03216911764705882
1 0.5845528455284553 0.16498161764705882 0.030894308943089432 0.030330882352941176
2 0.8357723577235773 0.23988970588235295 0.03577235772357724 0.03125
2 0.8447154471544716 0.29733455882352944 0.06666666666666667 0.06893382352941177
2 0.7597560975609756 0.21231617647058823 0.04959349593495935 0.04411764705882353
4 0.758130081300813 0.19990808823529413 0.06260162601626017 0.043198529411764705
2 0.2280487804878049 0.27159926470588236 0.06097560975609756 0.06709558823529412
3 0.36260162601626017 0.18290441176470587 0.01951219512195122 0.034926470588235295
