2 0.8041666666666667 0.12591911764705882 0.046875 0.08088235294117647
1 0.11119791666666666 0.8920036764705882 0.03802083333333333 0.1056985294117647
1 0.025520833333333333 0.8405330882352942 0.025 0.0744485294117647
1 0.05026041666666667 0.8465073529411765 0.027604166666666666 0.09375
2 0.07682291666666667 0.26838235294117646 0.030729166666666665 0.06801470588235294
3 0.7455729166666667 0.7725183823529411 0.09947916666666666 0.0818014705882353
1 0.8263020833333333 0.16773897058823528 0.0140625 0.02665441176470588
1 0.8625 0.34558823529411764 0.03125 0.05514705882352941
1 0.80703125 0.5091911764705882 0.06614583333333333 0.09375
1 0.7221354166666667 0.6153492647058824 0.10364583333333334 0.15716911764705882
1 0.22291666666666668 0.5569852941176471 0.09479166666666666 0.09558823529411764
2 0.56328125 0.2578125 0.1828125 0.19025735294117646
2 0.12447916666666667 0.2890625 0.059375 0.11672794117647059
3 0.33098958333333334 0.05422794117647059 0.0203125 0.051470588235294115
1 0.8502604166666666 0.19255514705882354 0.0140625 0.02665441176470588
1 0.8395833333333333 0.18198529411764705 0.015625 0.03308823529411765
1 0.8700520833333333 0.22242647058823528 0.011979166666666667 0.022058823529411766
