2 0.7169354838709677 0.40670955882352944 0.08064516129032258 0.09099264705882353
1 0.17096774193548386 0.6856617647058824 0.07903225806451612 0.0661764705882353
1 0.7209677419354839 0.3694852941176471 0.02258064516129032 0.025735294117647058
1 0.5028225806451613 0.20772058823529413 0.031451612903225803 0.03676470588235294
1 0.8108870967741936 0.5409007352941176 0.04112903225806452 0.03952205882352941
1 0.807258064516129 0.5657169117647058 0.05 0.04136029411764706
1 0.7987903225806452 0.5914522058823529 0.05403225806451613 0.035845588235294115
1 0.7911290322580645 0.6355698529411765 0.06290322580645161 0.06158088235294118
1 0.46774193548387094 0.7536764705882353 0.07580645161290323 0.14705882352941177
1 0.23346774193548386 0.6723345588235294 0.07661290322580645 0.18106617647058823
2 0.8705645161290323 0.7017463235294118 0.049193548387096775 0.09650735294117647
2 0.8568548387096774 0.7568933823529411 0.050806451612903224 0.109375
2 0.6221774193548387 0.3170955882352941 0.05725806451612903 0.06985294117647059
2 0.8233870967741935 0.5349264705882353 0.07580645161290323 0.0974264705882353
1 0.5858870967741936 0.22886029411764705 0.018548387096774192 0.02022058823529412
1 0.555241935483871 0.22334558823529413 0.021774193548387097 0.02389705882352941
3 0.7209677419354839 0.7761948529411765 0.07903225806451612 0.05974264705882353
3 0.7560483870967742 0.48621323529411764 0.042741935483870966 0.04779411764705882
3 0.7560483870967742 0.5602022058823529 0.05725806451612903 0.06158088235294118
