1 0.5774193548387097 0.296875 0.03870967741935484 0.0661764705882353
2 0.3016129032258065 0.2665441176470588 0.09193548387096774 0.09375
1 0.23024193548387098 0.3400735294117647 0.04112903225806452 0.0900735294117647
2 0.3774193548387097 0.18152573529411764 0.05967741935483871 0.04503676470588235
1 0.4060483870967742 0.5689338235294118 0.09919354838709678 0.14705882352941177
2 0.7225806451612903 0.5317095588235294 0.13709677419354838 0.17738970588235295
2 0.7737903225806452 0.7973345588235294 0.1153225806451613 0.171875
2 0.8701612903225806 0.8037683823529411 0.03870967741935484 0.07996323529411764
3 0.7237903225806451 0.4021139705882353 0.031451612903225803 0.04136029411764706
1 0.7310483870967742 0.3828125 0.021774193548387097 0.02665441176470588
1 0.7443548387096774 0.39797794117647056 0.024193548387096774 0.03125
1 0.7540322580645161 0.4099264705882353 0.027419354838709678 0.034926470588235295
2 0.2693548387096774 0.17095588235294118 0.02903225806451613 0.025735294117647058
1 0.3100806451612903 0.19301470588235295 0.02661290322580645 0.03860294117647059
1 0.6475806451612903 0.30514705882352944 0.02903225806451613 0.034926470588235295
