3 0.3898617511520737 0.8226102941176471 0.0423963133640553 0.0625
2 0.5304147465437788 0.10983455882352941 0.02857142857142857 0.030330882352941176
1 0.556221198156682 0.11672794117647059 0.01566820276497696 0.029411764705882353
1 0.20460829493087557 0.26056985294117646 0.027649769585253458 0.03216911764705882
1 0.07373271889400922 0.46920955882352944 0.03317972350230415 0.017463235294117647
1 0.13087557603686636 0.4600183823529412 0.047926267281105994 0.024816176470588234
1 0.22534562211981568 0.47518382352941174 0.06543778801843318 0.03308823529411765
1 0.08940092165898618 0.5445772058823529 0.0423963133640553 0.019301470588235295
3 0.32995391705069127 0.15165441176470587 0.012903225806451613 0.025735294117647058
3 0.32119815668202767 0.15716911764705882 0.010138248847926268 0.025735294117647058
1 0.9695852534562212 0.5018382352941176 0.03317972350230415 0.016544117647058824
1 0.5308755760368664 0.1488970588235294 0.035023041474654376 0.03676470588235294
