2 0.9846354166666667 0.48671875 0.016145833333333335 0.0203125
2 0.9768229166666667 0.47317708333333336 0.0203125 0.030729166666666665
2 0.8885416666666667 0.22708333333333333 0.023958333333333335 0.017708333333333333
3 0.8625 0.15963541666666667 0.014583333333333334 0.0109375
3 0.1046875 0.3536458333333333 0.03854166666666667 0.01875
3 0.03177083333333333 0.32916666666666666 0.015625 0.009375
1 0.04635416666666667 0.2721354166666667 0.014583333333333334 0.008854166666666666
1 0.04869791666666667 0.29791666666666666 0.018229166666666668 0.010416666666666666
1 0.19114583333333332 0.20755208333333333 0.036458333333333336 0.030729166666666665
1 0.5567708333333333 0.3768229166666667 0.071875 0.058854166666666666
2 0.79140625 0.06953125 0.019270833333333334 0.0234375
2 0.7729166666666667 0.0609375 0.020833333333333332 0.023958333333333335
0 0.7979166666666667 0.05651041666666667 0.026041666666666668 0.03177083333333333
1 0.8140625 0.14557291666666666 0.019791666666666666 0.027604166666666666
2 0.7721354166666666 0.10651041666666666 0.030729166666666665 0.03802083333333333
2 0.7145833333333333 0.12890625 0.0625 0.0515625
1 0.3390625 0.10208333333333333 0.040625 0.04479166666666667
1 0.3768229166666667 0.11380208333333333 0.0453125 0.0484375
1 0.2734375 0.26666666666666666 0.05520833333333333 0.046875
1 0.4861979166666667 0.034375 0.019270833333333334 0.03125
2 0.9671875 0.478125 0.021875 0.034375
2 0.93515625 0.5739583333333333 0.033854166666666664 0.03854166666666667
2 0.98359375 0.5932291666666667 0.0109375 0.020833333333333332
2 0.09895833333333333 0.19609375 0.027083333333333334 0.0296875
2 0.05234375 0.23359375 0.0140625 0.016145833333333335
1 0.8096354166666667 0.10130208333333333 0.0140625 0.0171875
2 0.5130208333333334 0.007552083333333333 0.034375 0.0140625
4 0.6065104166666667 0.009114583333333334 0.034895833333333334 0.0171875
