2 0.80390625 0.1254595588235294 0.04739583333333333 0.0818014705882353
1 0.11145833333333334 0.8915441176470589 0.0375 0.10477941176470588
1 0.02578125 0.8400735294117647 0.024479166666666666 0.07352941176470588
1 0.05078125 0.8469669117647058 0.0265625 0.09283088235294118
2 0.07682291666666667 0.26838235294117646 0.030729166666666665 0.06801470588235294
3 0.0421875 0.7844669117647058 0.03229166666666667 0.03952205882352941
1 0.8263020833333333 0.16773897058823528 0.0140625 0.02665441176470588
1 0.8622395833333333 0.22931985294117646 0.0171875 0.03216911764705882
1 0.8888020833333333 0.26608455882352944 0.013020833333333334 0.024816176470588234
1 0.8192708333333333 0.16911764705882354 0.014583333333333334 0.03125
1 0.7268229166666667 0.08915441176470588 0.030729166666666665 0.04963235294117647
1 0.6721354166666667 0.06755514705882353 0.03177083333333333 0.05606617647058824
1 0.02578125 0.7242647058823529 0.0296875 0.04044117647058824
4 0.009375 0.5726102941176471 0.017708333333333333 0.07904411764705882
3 0.32578125 0.05560661764705882 0.0171875 0.05422794117647059
2 0.00625 0.6580882352941176 0.011458333333333333 0.05698529411764706
