1 0.21796875 0.327734375 0.0359375 0.03828125
1 0.197265625 0.35 0.03359375 0.0375
1 0.186328125 0.363671875 0.03359375 0.04140625
1 0.166015625 0.382421875 0.02890625 0.03984375
1 0.50546875 0.212890625 0.04375 0.04921875
1 0.58203125 0.20546875 0.0375 0.04375
1 0.631640625 0.21015625 0.03828125 0.040625
2 0.523046875 0.089453125 0.05390625 0.03671875
1 0.657421875 0.1328125 0.03046875 0.03125
1 0.686328125 0.15703125 0.02890625 0.0296875
1 0.7265625 0.171875 0.0265625 0.028125
1 0.771484375 0.161328125 0.02421875 0.02109375
0 0.817578125 0.182421875 0.07890625 0.05859375
2 0.808203125 0.2328125 0.04765625 0.040625
2 0.85234375 0.22109375 0.0296875 0.0265625
2 0.865234375 0.248828125 0.03359375 0.03359375
2 0.8703125 0.192578125 0.01875 0.01796875
2 0.871484375 0.2125 0.02109375 0.021875
2 0.852734375 0.22109375 0.02890625 0.0265625
2 0.891796875 0.207421875 0.02109375 0.02265625
2 0.8890625 0.234375 0.0234375 0.025
2 0.891796875 0.297265625 0.02890625 0.03515625
1 0.932421875 0.29765625 0.01796875 0.0125
1 0.8953125 0.340625 0.028125 0.01875
1 0.9078125 0.390625 0.028125 0.0171875
1 0.8234375 0.4359375 0.040625 0.0296875
1 0.87734375 0.46171875 0.040625 0.0265625
1 0.899609375 0.503515625 0.03515625 0.01796875
1 0.853125 0.519140625 0.0421875 0.02890625
1 0.729296875 0.5171875 0.05390625 0.03125
1 0.670703125 0.513671875 0.06171875 0.03828125
1 0.688671875 0.684375 0.05234375 0.05625
1 0.728515625 0.680859375 0.03671875 0.05859375
2 0.723046875 0.73671875 0.10390625 0.1015625
1 0.603515625 0.755078125 0.04296875 0.05390625
1 0.546875 0.81640625 0.0375 0.046875
4 0.436328125 0.740234375 0.18359375 0.10234375
2 0.4890625 0.787890625 0.0890625 0.07890625
2 0.29453125 0.8140625 0.071875 0.040625
1 0.33046875 0.835546875 0.0265625 0.02421875
4 0.895703125 0.706640625 0.03359375 0.04765625
2 0.91875 0.7140625 0.01875 0.034375
1 0.898046875 0.416796875 0.03671875 0.01953125
