2 0.6310483870967742 0.37683823529411764 0.09274193548387097 0.09191176470588236
1 0.7 0.39568014705882354 0.025806451612903226 0.035845588235294115
1 0.7411290322580645 0.43704044117647056 0.02258064516129032 0.024816176470588234
1 0.7641129032258065 0.4646139705882353 0.021774193548387097 0.030330882352941176
2 0.8290322580645161 0.6112132352941176 0.017741935483870968 0.025735294117647058
2 0.8120967741935484 0.6590073529411765 0.03064516129032258 0.034926470588235295
1 0.4939516129032258 0.19393382352941177 0.020161290322580645 0.025735294117647058
1 0.5100806451612904 0.19623161764705882 0.025 0.030330882352941176
1 0.7608870967741935 0.9296875 0.03951612903225806 0.046875
1 0.7713709677419355 0.8731617647058824 0.03951612903225806 0.04411764705882353
