1 0.24308943089430896 0.20909926470588236 0.02113821138211382 0.04136029411764706
1 0.20894308943089432 0.21691176470588236 0.016260162601626018 0.03860294117647059
1 0.19796747967479675 0.22426470588235295 0.015447154471544716 0.04044117647058824
2 0.7117886178861789 0.31755514705882354 0.08048780487804878 0.057904411764705885
2 0.16747967479674797 0.38556985294117646 0.14308943089430895 0.12775735294117646
2 0.8414634146341463 0.3239889705882353 0.02113821138211382 0.02665441176470588
2 0.8048780487804879 0.27849264705882354 0.022764227642276424 0.02022058823529412
2 0.8121951219512196 0.2936580882352941 0.02113821138211382 0.02297794117647059
2 0.7882113821138211 0.27987132352941174 0.028455284552845527 0.02297794117647059
2 0.7845528455284553 0.2922794117647059 0.02926829268292683 0.027573529411764705
3 0.7589430894308943 0.25643382352941174 0.01056910569105691 0.01838235294117647
