2 0.2967479674796748 0.17738970588235295 0.03739837398373984 0.03860294117647059
2 0.3975609756097561 0.1636029411764706 0.03902439024390244 0.042279411764705885
2 0.4841463414634146 0.16681985294117646 0.038211382113821135 0.035845588235294115
2 0.12560975609756098 0.29825367647058826 0.07235772357723577 0.07996323529411764
4 0.8406504065040651 0.40762867647058826 0.08455284552845528 0.1130514705882353
1 0.34227642276422765 0.18887867647058823 0.01951219512195122 0.043198529411764705
1 0.30609756097560975 0.19209558823529413 0.01707317073170732 0.034926470588235295
1 0.20691056910569106 0.2182904411764706 0.01707317073170732 0.03400735294117647
1 0.7642276422764228 0.2601102941176471 0.00975609756097561 0.012867647058823529
1 0.7760162601626016 0.2693014705882353 0.00894308943089431 0.012867647058823529
1 0.7817073170731708 0.2711397058823529 0.01056910569105691 0.011029411764705883
1 0.7890243902439025 0.27849264705882354 0.012195121951219513 0.016544117647058824
1 0.7971544715447154 0.28860294117647056 0.00894308943089431 0.009191176470588236
2 0.8044715447154471 0.3014705882352941 0.02032520325203252 0.02389705882352941
1 0.7585365853658537 0.6443014705882353 0.06504065040650407 0.10110294117647059
1 0.2869918699186992 0.20496323529411764 0.04552845528455285 0.04411764705882353
1 0.8703252032520326 0.6231617647058824 0.046341463414634146 0.06801470588235294
1 0.2410569105691057 0.20863970588235295 0.02032520325203252 0.03308823529411765
2 0.823170731707317 0.30422794117647056 0.01707317073170732 0.022058823529411766
