2 0.6703125 0.15625 0.020833333333333332 0.013541666666666667
2 0.6768229166666667 0.16744791666666667 0.0234375 0.019270833333333334
2 0.7049479166666667 0.16380208333333332 0.016145833333333335 0.016145833333333335
2 0.7322916666666667 0.18229166666666666 0.016666666666666666 0.015625
2 0.5700520833333333 0.13984375 0.030729166666666665 0.018229166666666668
4 0.42578125 0.15625 0.044270833333333336 0.03333333333333333
0 0.18932291666666667 0.22057291666666667 0.04114583333333333 0.028645833333333332
2 0.13125 0.8807291666666667 0.057291666666666664 0.090625
4 0.07213541666666666 0.8385416666666666 0.058854166666666666 0.10208333333333333
1 0.5346354166666667 0.18072916666666666 0.0234375 0.030208333333333334
1 0.20494791666666667 0.253125 0.0203125 0.026041666666666668
1 0.05546875 0.7263020833333333 0.03802083333333333 0.021354166666666667
1 0.030989583333333334 0.6872395833333333 0.0328125 0.018229166666666668
2 0.24505208333333334 0.2557291666666667 0.06510416666666667 0.042708333333333334
2 0.6114583333333333 0.16796875 0.0375 0.024479166666666666
2 0.34088541666666666 0.21380208333333334 0.0765625 0.043229166666666666
1 0.6588541666666666 0.17421875 0.013541666666666667 0.021354166666666667
1 0.796875 0.259375 0.028125 0.025
2 0.5375 0.1390625 0.034375 0.016666666666666666
