2 0.6411290322580645 0.22748161764705882 0.03225806451612903 0.03216911764705882
2 0.5540322580645162 0.32536764705882354 0.13709677419354838 0.10661764705882353
2 0.45725806451612905 0.21783088235294118 0.08870967741935484 0.058823529411764705
2 0.2713709677419355 0.17647058823529413 0.04435483870967742 0.03676470588235294
2 0.3310483870967742 0.17693014705882354 0.049193548387096775 0.03768382352941176
2 0.27056451612903226 0.20450367647058823 0.05725806451612903 0.050551470588235295
2 0.19879032258064516 0.2109375 0.042741935483870966 0.05238970588235294
2 0.28830645161290325 0.3713235294117647 0.13951612903225807 0.18566176470588236
2 0.7620967741935484 0.9099264705882353 0.11129032258064517 0.10110294117647059
2 0.844758064516129 0.7113970588235294 0.0717741935483871 0.1323529411764706
1 0.7524193548387097 0.40808823529411764 0.025806451612903226 0.03308823529411765
3 0.7294354838709678 0.3727022058823529 0.02661290322580645 0.03400735294117647
3 0.7370967741935484 0.38556985294117646 0.024193548387096774 0.03952205882352941
1 0.7322580645161291 0.3828125 0.03064516129032258 0.03400735294117647
1 0.7455645161290323 0.3961397058823529 0.029838709677419355 0.034926470588235295
1 0.2120967741935484 0.6507352941176471 0.10967741935483871 0.11029411764705882
