2 0.9885416666666667 0.45807291666666666 0.019791666666666666 0.03177083333333333
2 0.9838541666666667 0.48489583333333336 0.017708333333333333 0.023958333333333335
2 0.9854166666666667 0.5861979166666667 0.013541666666666667 0.0203125
2 0.8877604166666667 0.22890625 0.021354166666666667 0.019270833333333334
3 0.9721354166666667 0.4635416666666667 0.015104166666666667 0.010416666666666666
2 0.8484375 0.15598958333333332 0.021875 0.028645833333333332
2 0.9588541666666667 0.6049479166666667 0.022916666666666665 0.025520833333333333
2 0.9380208333333333 0.5776041666666667 0.027083333333333334 0.03229166666666667
1 0.0140625 0.28177083333333336 0.009375 0.007291666666666667
1 0.5643229166666667 0.01484375 0.011979166666666667 0.0265625
