2 0.9848958333333333 0.4869791666666667 0.016666666666666666 0.020833333333333332
2 0.9770833333333333 0.47317708333333336 0.019791666666666666 0.0296875
2 0.8888020833333333 0.22734375 0.024479166666666666 0.018229166666666668
3 0.20182291666666666 0.1328125 0.018229166666666668 0.021875
3 0.19869791666666667 0.13932291666666666 0.016145833333333335 0.0265625
3 0.24322916666666666 0.10963541666666667 0.016666666666666666 0.022395833333333334
3 0.13229166666666667 0.15416666666666667 0.016666666666666666 0.016666666666666666
3 0.9768229166666667 0.4390625 0.016145833333333335 0.008333333333333333
3 0.9682291666666667 0.409375 0.01875 0.009375
2 0.7950520833333333 0.07395833333333333 0.0140625 0.016666666666666666
2 0.7708333333333334 0.08203125 0.022916666666666665 0.025520833333333333
1 0.0828125 0.26276041666666666 0.022916666666666665 0.016145833333333335
2 0.034375 0.27630208333333334 0.019791666666666666 0.0171875
2 0.08619791666666667 0.24635416666666668 0.0328125 0.027083333333333334
2 0.053125 0.23359375 0.014583333333333334 0.015104166666666667
2 0.09947916666666666 0.19713541666666667 0.026041666666666668 0.0265625
1 0.9393229166666667 0.5979166666666667 0.025520833333333333 0.015625
1 0.91875 0.6236979166666666 0.030208333333333334 0.0171875
1 0.9372395833333333 0.4669270833333333 0.030729166666666665 0.018229166666666668
4 0.9484375 0.5216145833333333 0.04479166666666667 0.0484375
2 0.9830729166666666 0.5934895833333333 0.011979166666666667 0.0171875
2 0.9528645833333333 0.59140625 0.021354166666666667 0.0265625
2 0.9442708333333333 0.6239583333333333 0.027083333333333334 0.028125
1 0.5216145833333333 0.01015625 0.0140625 0.019270833333333334
2 0.5963541666666666 0.01953125 0.03958333333333333 0.0328125
2 0.6111979166666667 0.11484375 0.10364583333333334 0.05572916666666667
2 0.73125 0.12473958333333333 0.06145833333333333 0.04635416666666667
1 0.6677083333333333 0.50625 0.06979166666666667 0.04375
1 0.8028645833333333 0.134375 0.0171875 0.025
2 0.5752604166666667 0.0125 0.025520833333333333 0.021875
1 0.8096354166666667 0.08333333333333333 0.0109375 0.0125
2 0.5471354166666667 0.008333333333333333 0.028645833333333332 0.015625
1 0.8221354166666667 0.11614583333333334 0.0140625 0.019791666666666666
