4 0.25 0.770703125 0.13125 0.18203125
2 0.39609375 0.3875 0.109375 0.1953125
1 0.275 0.212109375 0.04375 0.03515625
1 0.284765625 0.18515625 0.03828125 0.0359375
1 0.299609375 0.1671875 0.03515625 0.0328125
1 0.213671875 0.19765625 0.03515625 0.0265625
1 0.195703125 0.22734375 0.03203125 0.025
1 0.196875 0.21484375 0.034375 0.0234375
1 0.19453125 0.203515625 0.0328125 0.02265625
2 0.167578125 0.21640625 0.02734375 0.0390625
2 0.513671875 0.144921875 0.05859375 0.06171875
2 0.46796875 0.1203125 0.05625 0.05
2 0.53046875 0.083984375 0.034375 0.04765625
2 0.451953125 0.05078125 0.02890625 0.0265625
2 0.520703125 0.04765625 0.02578125 0.0234375
2 0.55234375 0.0328125 0.0203125 0.021875
2 0.505859375 0.02421875 0.01640625 0.0140625
2 0.473046875 0.040625 0.02265625 0.021875
2 0.567578125 0.025390625 0.01484375 0.01484375
2 0.555859375 0.01796875 0.01484375 0.0125
2 0.641015625 0.076953125 0.02734375 0.02734375
1 0.636328125 0.044921875 0.01015625 0.01640625
2 0.674609375 0.065625 0.02265625 0.021875
2 0.687109375 0.0828125 0.02265625 0.0203125
2 0.646875 0.037109375 0.015625 0.01484375
1 0.691796875 0.141015625 0.02109375 0.03046875
1 0.73828125 0.169921875 0.034375 0.03203125
1 0.730859375 0.227734375 0.03203125 0.04140625
1 0.780859375 0.200390625 0.02890625 0.02734375
1 0.826171875 0.23828125 0.03046875 0.0234375
1 0.844921875 0.2453125 0.02265625 0.021875
1 0.816796875 0.221484375 0.02890625 0.02109375
2 0.8890625 0.30859375 0.046875 0.0421875
2 0.919140625 0.3328125 0.03203125 0.0375
2 0.946875 0.36484375 0.025 0.0265625
2 0.85703125 0.46796875 0.0640625 0.1234375
1 0.76328125 0.365625 0.0453125 0.040625
2 0.596875 0.526953125 0.125 0.22578125
1 0.767578125 0.584765625 0.05859375 0.06015625
2 0.819921875 0.62421875 0.08515625 0.1203125
1 0.587890625 0.8734375 0.02734375 0.05625
1 0.608984375 0.891015625 0.02265625 0.04921875
2 0.78515625 0.735546875 0.05625 0.05234375
