1 0.43861788617886177 0.19071691176470587 0.025203252032520326 0.035845588235294115
3 0.6178861788617886 0.22977941176470587 0.022764227642276424 0.05330882352941176
3 0.5955284552845529 0.23851102941176472 0.023577235772357725 0.05422794117647059
3 0.6430894308943089 0.2697610294117647 0.026016260162601626 0.07077205882352941
1 0.41585365853658535 0.21185661764705882 0.023577235772357725 0.04136029411764706
1 0.5451219512195122 0.234375 0.03008130081300813 0.05698529411764706
1 0.3048780487804878 0.5588235294117647 0.07317073170731707 0.11764705882352941
2 0.5504065040650407 0.39797794117647056 0.16747967479674797 0.17095588235294118
2 0.22154471544715448 0.32169117647058826 0.043089430894308944 0.05698529411764706
2 0.2991869918699187 0.3759191176470588 0.08617886178861789 0.1213235294117647
2 0.21585365853658536 0.2725183823529412 0.03983739837398374 0.043198529411764705
1 0.22926829268292684 0.3538602941176471 0.032520325203252036 0.05330882352941176
1 0.17926829268292682 0.29044117647058826 0.01869918699186992 0.022058823529411766
0 0.15934959349593497 0.8102022058823529 0.191869918699187 0.3556985294117647
1 0.6280487804878049 0.1714154411764706 0.026829268292682926 0.02665441176470588
2 0.709349593495935 0.20220588235294118 0.06910569105691057 0.03860294117647059
2 0.7524390243902439 0.20542279411764705 0.043089430894308944 0.03216911764705882
2 0.8300813008130081 0.24632352941176472 0.04390243902439024 0.034926470588235295
3 0.10528455284552846 0.41360294117647056 0.01707317073170732 0.029411764705882353
3 0.0959349593495935 0.4177389705882353 0.011382113821138212 0.02297794117647059
3 0.08373983739837398 0.45358455882352944 0.016260162601626018 0.02849264705882353
