2 0.9885416666666667 0.4588541666666667 0.01875 0.03125
2 0.98515625 0.48541666666666666 0.016145833333333335 0.021875
2 0.9763020833333333 0.47239583333333335 0.018229166666666668 0.027083333333333334
2 0.8877604166666667 0.22890625 0.021354166666666667 0.019270833333333334
3 0.06744791666666666 0.34296875 0.024479166666666666 0.013020833333333334
2 0.9666666666666667 0.6109375 0.014583333333333334 0.017708333333333333
1 0.9372395833333333 0.4510416666666667 0.03177083333333333 0.019791666666666666
1 0.8299479166666667 0.5921875 0.050520833333333334 0.021875
1 0.9544270833333334 0.4518229166666667 0.0234375 0.018229166666666668
2 0.9817708333333334 0.5614583333333333 0.014583333333333334 0.025
2 0.15078125 0.17838541666666666 0.0390625 0.04010416666666667
1 0.66484375 0.1390625 0.03177083333333333 0.051041666666666666
1 0.41744791666666664 0.034895833333333334 0.0203125 0.03333333333333333
1 0.215625 0.1390625 0.026041666666666668 0.03333333333333333
