3 0.7052845528455285 0.6295955882352942 0.06260162601626017 0.09558823529411764
3 0.4573170731707317 0.16636029411764705 0.012195121951219513 0.025735294117647058
3 0.466260162601626 0.16636029411764705 0.01707317073170732 0.03125
3 0.2386178861788618 0.24080882352941177 0.013821138211382113 0.025735294117647058
1 0.6296747967479674 0.17279411764705882 0.025203252032520326 0.027573529411764705
1 0.634959349593496 0.1792279411764706 0.024390243902439025 0.029411764705882353
1 0.640650406504065 0.18336397058823528 0.026016260162601626 0.03216911764705882
2 0.09146341463414634 0.39797794117647056 0.03008130081300813 0.034926470588235295
2 0.07154471544715447 0.4131433823529412 0.01788617886178862 0.030330882352941176
2 0.06829268292682927 0.4453125 0.022764227642276424 0.03952205882352941
2 0.0540650406504065 0.45496323529411764 0.026829268292682926 0.034926470588235295
1 0.09065040650406504 0.42141544117647056 0.01869918699186992 0.02665441176470588
1 0.07804878048780488 0.44025735294117646 0.014634146341463415 0.025735294117647058
