3 0.8138211382113821 0.484375 0.04878048780487805 0.08272058823529412
3 0.732520325203252 0.6190257352941176 0.06504065040650407 0.07996323529411764
3 0.947560975609756 0.46369485294117646 0.023577235772357725 0.043198529411764705
3 0.9552845528455285 0.484375 0.022764227642276424 0.04963235294117647
1 0.15934959349593497 0.7297794117647058 0.06341463414634146 0.09558823529411764
2 0.6130081300813008 0.16773897058823528 0.06341463414634146 0.03216911764705882
1 0.47560975609756095 0.16911764705882354 0.01951219512195122 0.029411764705882353
1 0.49390243902439024 0.16911764705882354 0.01869918699186992 0.029411764705882353
1 0.5296747967479675 0.16590073529411764 0.02032520325203252 0.02849264705882353
1 0.5292682926829269 0.17371323529411764 0.030894308943089432 0.03125
1 0.5540650406504065 0.16314338235294118 0.02032520325203252 0.02665441176470588
1 0.5727642276422764 0.16727941176470587 0.02195121951219512 0.029411764705882353
1 0.8459349593495935 0.24402573529411764 0.013821138211382113 0.02297794117647059
2 0.05569105691056911 0.4522058823529412 0.01869918699186992 0.034926470588235295
2 0.06666666666666667 0.4420955882352941 0.01951219512195122 0.03860294117647059
2 0.07398373983739838 0.4140625 0.01788617886178862 0.03400735294117647
2 0.08983739837398375 0.3947610294117647 0.034959349593495934 0.035845588235294115
1 0.06300813008130081 0.4880514705882353 0.01707317073170732 0.02389705882352941
1 0.0910569105691057 0.42003676470588236 0.01788617886178862 0.027573529411764705
1 0.07560975609756097 0.4407169117647059 0.01951219512195122 0.02297794117647059
