3 0.6357723577235772 0.5698529411764706 0.04715447154471545 0.07169117647058823
3 0.9552845528455285 0.5611213235294118 0.02113821138211382 0.03952205882352941
3 0.0459349593495935 0.5790441176470589 0.015447154471544716 0.022058823529411766
3 0.05772357723577236 0.5923713235294118 0.014634146341463415 0.02297794117647059
3 0.056504065040650406 0.6038602941176471 0.013821138211382113 0.02389705882352941
3 0.3308943089430894 0.1948529411764706 0.00975609756097561 0.01838235294117647
3 0.573170731707317 0.16084558823529413 0.013008130081300813 0.01838235294117647
1 0.6146341463414634 0.1714154411764706 0.022764227642276424 0.024816176470588234
1 0.7182926829268292 0.1953125 0.01707317073170732 0.021139705882352942
1 0.8475609756097561 0.24540441176470587 0.01056910569105691 0.016544117647058824
1 0.8715447154471545 0.2624080882352941 0.008130081300813009 0.015625
4 0.6536585365853659 0.18566176470588236 0.07317073170731707 0.042279411764705885
2 0.7699186991869919 0.21645220588235295 0.05040650406504065 0.035845588235294115
0 0.05040650406504065 0.45266544117647056 0.026016260162601626 0.05422794117647059
0 0.08902439024390243 0.45128676470588236 0.08048780487804878 0.11580882352941177
1 0.0508130081300813 0.5087316176470589 0.013821138211382113 0.024816176470588234
