2 0.29796747967479675 0.1801470588235294 0.043089430894308944 0.04044117647058824
2 0.3975609756097561 0.1645220588235294 0.04552845528455285 0.04044117647058824
1 0.3410569105691057 0.18612132352941177 0.025203252032520326 0.04871323529411765
2 0.6906504065040651 0.2109375 0.025203252032520326 0.030330882352941176
4 0.7142276422764228 0.23069852941176472 0.038211382113821135 0.03308823529411765
1 0.7410569105691057 0.26516544117647056 0.01707317073170732 0.02297794117647059
2 0.8117886178861788 0.3056066176470588 0.025203252032520326 0.024816176470588234
2 0.6353658536585366 0.2509191176470588 0.091869918699187 0.058823529411764705
1 0.4532520325203252 0.1879595588235294 0.044715447154471545 0.043198529411764705
1 0.47845528455284553 0.20496323529411764 0.04959349593495935 0.051470588235294115
1 0.2845528455284553 0.21783088235294118 0.04715447154471545 0.05514705882352941
1 0.8715447154471545 0.625 0.04390243902439024 0.058823529411764705
1 0.8455284552845529 0.7104779411764706 0.05203252032520325 0.051470588235294115
1 0.2097560975609756 0.2182904411764706 0.014634146341463415 0.03768382352941176
