2 0.8046875 0.12775735294117646 0.04375 0.07904411764705882
0 0.9330729166666667 0.32950367647058826 0.0234375 0.050551470588235295
1 0.8604166666666667 0.5298713235294118 0.041666666666666664 0.07261029411764706
1 0.11067708333333333 0.8924632352941176 0.0390625 0.10845588235294118
1 0.025520833333333333 0.8414522058823529 0.027083333333333334 0.07628676470588236
1 0.04869791666666667 0.8465073529411765 0.033854166666666664 0.09926470588235294
2 0.07630208333333334 0.2679227941176471 0.03177083333333333 0.06709558823529412
3 0.8174479166666667 0.5514705882352942 0.0609375 0.0974264705882353
1 0.8268229166666666 0.16819852941176472 0.015104166666666667 0.027573529411764705
1 0.9020833333333333 0.2881433823529412 0.0125 0.021139705882352942
1 0.09270833333333334 0.4099264705882353 0.036458333333333336 0.051470588235294115
1 0.209375 0.1640625 0.027083333333333334 0.05974264705882353
1 0.030989583333333334 0.6585477941176471 0.0296875 0.04136029411764706
1 0.00703125 0.6594669117647058 0.0140625 0.02297794117647059
1 0.00546875 0.4820772058823529 0.0109375 0.017463235294117647
2 0.5640625 0.05606617647058824 0.12604166666666666 0.07904411764705882
2 0.603125 0.13143382352941177 0.13645833333333332 0.11213235294117647
2 0.01796875 0.5068933823529411 0.022395833333333334 0.07077205882352941
2 0.11041666666666666 0.33639705882352944 0.065625 0.11764705882352941
2 0.8682291666666667 0.24034926470588236 0.029166666666666667 0.05238970588235294
2 0.8731770833333333 0.29411764705882354 0.030729166666666665 0.0625
3 0.38723958333333336 0.027573529411764705 0.019270833333333334 0.05514705882352941
1 0.8466145833333333 0.19301470588235295 0.018229166666666668 0.025735294117647058
