0 0.6294354838709677 0.49356617647058826 0.34919354838709676 0.28860294117647056
2 0.8173387096774194 0.5514705882352942 0.016935483870967744 0.027573529411764705
2 0.7846774193548387 0.5147058823529411 0.025806451612903226 0.03860294117647059
1 0.6895161290322581 0.3837316176470588 0.02903225806451613 0.02665441176470588
4 0.7487903225806452 0.44393382352941174 0.031451612903225803 0.04411764705882353
1 0.7012096774193548 0.40762867647058826 0.029838709677419355 0.02297794117647059
1 0.722983870967742 0.4416360294117647 0.031451612903225803 0.02297794117647059
1 0.6883064516129033 0.42784926470588236 0.042741935483870966 0.03952205882352941
2 0.8048387096774193 0.5349264705882353 0.01935483870967742 0.03308823529411765
1 0.8209677419354838 0.59375 0.020967741935483872 0.014705882352941176
1 0.8056451612903226 0.6158088235294118 0.024193548387096774 0.02389705882352941
2 0.842741935483871 0.6148897058823529 0.016129032258064516 0.02022058823529412
2 0.8270161290322581 0.6305147058823529 0.018548387096774192 0.029411764705882353
1 0.08024193548387097 0.47472426470588236 0.06532258064516129 0.07628676470588236
1 0.7024193548387097 0.8805147058823529 0.08548387096774193 0.06433823529411764
4 0.8076612903225806 0.5101102941176471 0.036290322580645164 0.051470588235294115
