2 0.29878048780487804 0.17738970588235295 0.034959349593495934 0.03860294117647059
1 0.8699186991869918 0.6158088235294118 0.03739837398373984 0.04411764705882353
1 0.806910569105691 0.6001838235294118 0.052845528455284556 0.06066176470588235
1 0.8467479674796748 0.7017463235294118 0.04959349593495935 0.05606617647058824
2 0.3967479674796748 0.1645220588235294 0.04227642276422764 0.03860294117647059
1 0.49552845528455286 0.18566176470588236 0.028455284552845527 0.03308823529411765
2 0.208130081300813 0.2858455882352941 0.12032520325203253 0.10477941176470588
2 0.37845528455284555 0.21369485294117646 0.13089430894308943 0.0744485294117647
2 0.08252032520325203 0.35799632352941174 0.034959349593495934 0.06893382352941177
1 0.2146341463414634 0.43704044117647056 0.11382113821138211 0.08915441176470588
1 0.7626016260162601 0.38419117647058826 0.04065040650406504 0.051470588235294115
1 0.7451219512195122 0.24632352941176472 0.012195121951219513 0.01838235294117647
2 0.8077235772357724 0.2780330882352941 0.02195121951219512 0.021139705882352942
2 0.8101626016260163 0.2936580882352941 0.02032520325203252 0.02665441176470588
2 0.8304878048780487 0.3382352941176471 0.025203252032520326 0.034926470588235295
1 0.817479674796748 0.31525735294117646 0.01869918699186992 0.022058823529411766
2 0.7028455284552846 0.25275735294117646 0.06097560975609756 0.04963235294117647
4 0.13414634146341464 0.25827205882352944 0.06666666666666667 0.08823529411764706
