2 0.8046875 0.12867647058823528 0.04375 0.07904411764705882
2 0.78046875 0.11534926470588236 0.0515625 0.07628676470588236
2 0.8786458333333333 0.23667279411764705 0.023958333333333335 0.04503676470588235
1 0.8598958333333333 0.5294117647058824 0.040625 0.07352941176470588
1 0.1109375 0.8929227941176471 0.03958333333333333 0.109375
1 0.025520833333333333 0.8419117647058824 0.027083333333333334 0.07720588235294118
1 0.0484375 0.8455882352941176 0.034375 0.09926470588235294
2 0.07630208333333334 0.2679227941176471 0.03177083333333333 0.06709558823529412
3 0.81875 0.5510110294117647 0.059375 0.09466911764705882
1 0.8268229166666666 0.16819852941176472 0.015104166666666667 0.027573529411764705
1 0.8536458333333333 0.39108455882352944 0.036458333333333336 0.06341911764705882
1 0.88828125 0.36075367647058826 0.021354166666666667 0.043198529411764705
1 0.61328125 0.38143382352941174 0.08802083333333334 0.11948529411764706
1 0.07942708333333333 0.5592830882352942 0.0421875 0.05606617647058824
1 0.022395833333333334 0.6144301470588235 0.025 0.03768382352941176
1 0.05364583333333333 0.6176470588235294 0.034375 0.04595588235294118
1 0.08515625 0.7146139705882353 0.05572916666666667 0.05422794117647059
2 0.19140625 0.13786764705882354 0.0421875 0.09191176470588236
4 0.9119791666666667 0.31295955882352944 0.021875 0.04503676470588235
2 0.10078125 0.4499080882352941 0.08177083333333333 0.13878676470588236
2 0.4830729166666667 0.06066176470588235 0.12447916666666667 0.0974264705882353
2 0.75390625 0.23299632352941177 0.09635416666666667 0.12040441176470588
3 0.14557291666666666 0.20772058823529413 0.019270833333333334 0.04779411764705882
3 0.08723958333333333 0.29181985294117646 0.0171875 0.03952205882352941
1 0.8471354166666667 0.19255514705882354 0.015104166666666667 0.024816176470588234
