2 0.16733870967741934 0.32950367647058826 0.13951612903225807 0.10386029411764706
1 0.10443548387096774 0.4806985294117647 0.07822580645161291 0.10477941176470588
1 0.1338709677419355 0.5643382352941176 0.1032258064516129 0.10661764705882353
1 0.10927419354838709 0.7136948529411765 0.09919354838709678 0.08547794117647059
2 0.8185483870967742 0.5528492647058824 0.016129032258064516 0.02849264705882353
2 0.7862903225806451 0.5174632352941176 0.024193548387096774 0.03676470588235294
3 0.6431451612903226 0.3102022058823529 0.025 0.02849264705882353
1 0.7310483870967742 0.42371323529411764 0.021774193548387097 0.022058823529411766
1 0.7504032258064516 0.46139705882352944 0.02338709677419355 0.022058823529411766
1 0.7568548387096774 0.4811580882352941 0.021774193548387097 0.02665441176470588
2 0.805241935483871 0.5413602941176471 0.02661290322580645 0.034926470588235295
2 0.8387096774193549 0.609375 0.014516129032258065 0.02022058823529412
4 0.8076612903225806 0.5110294117647058 0.03790322580645161 0.05330882352941176
