2 0.3983739837398374 0.1640625 0.03577235772357724 0.03400735294117647
2 0.3 0.1801470588235294 0.03739837398373984 0.03125
1 0.3426829268292683 0.19025735294117646 0.02032520325203252 0.04595588235294118
1 0.308130081300813 0.19393382352941177 0.02113821138211382 0.03676470588235294
4 0.8414634146341463 0.4053308823529412 0.08292682926829269 0.11397058823529412
2 0.47804878048780486 0.16222426470588236 0.04065040650406504 0.03952205882352941
1 0.7439024390243902 0.7693014705882353 0.06504065040650407 0.08639705882352941
1 0.6288617886178862 0.2711397058823529 0.044715447154471545 0.05698529411764706
1 0.22113821138211381 0.23023897058823528 0.056910569105691054 0.05238970588235294
1 0.7731707317073171 0.2757352941176471 0.00975609756097561 0.016544117647058824
1 0.7886178861788617 0.27159926470588236 0.011382113821138212 0.015625
2 0.6861788617886179 0.24632352941176472 0.055284552845528454 0.04044117647058824
2 0.4959349593495935 0.21875 0.12032520325203253 0.05698529411764706
2 0.816260162601626 0.2945772058823529 0.016260162601626018 0.02297794117647059
2 0.8447154471544716 0.3212316176470588 0.014634146341463415 0.017463235294117647
2 0.832520325203252 0.3336397058823529 0.026016260162601626 0.027573529411764705
2 0.8008130081300813 0.3102022058823529 0.027642276422764227 0.03768382352941176
1 0.8735772357723577 0.6240808823529411 0.046341463414634146 0.06801470588235294
1 0.20447154471544715 0.21737132352941177 0.03333333333333333 0.04871323529411765
2 0.08983739837398375 0.3552389705882353 0.05772357723577236 0.078125
1 0.7239837398373984 0.2844669117647059 0.026829268292682926 0.030330882352941176
