2 0.2991869918699187 0.17876838235294118 0.04227642276422764 0.03768382352941176
2 0.39715447154471545 0.1636029411764706 0.046341463414634146 0.04411764705882353
2 0.7963414634146342 0.5009191176470589 0.0951219512195122 0.10661764705882353
2 0.6861788617886179 0.6865808823529411 0.13008130081300814 0.29411764705882354
1 0.8727642276422765 0.6199448529411765 0.046341463414634146 0.06158088235294118
1 0.34552845528455284 0.1870404411764706 0.02113821138211382 0.04503676470588235
3 0.6479674796747967 0.8851102941176471 0.07479674796747968 0.03860294117647059
1 0.8556910569105691 0.6714154411764706 0.05121951219512195 0.05238970588235294
1 0.8459349593495935 0.7086397058823529 0.05934959349593496 0.05514705882352941
1 0.806910569105691 0.2780330882352941 0.012195121951219513 0.015625
1 0.7536585365853659 0.25735294117647056 0.016260162601626018 0.02389705882352941
1 0.7353658536585366 0.2536764705882353 0.02195121951219512 0.02389705882352941
1 0.6894308943089431 0.23851102941176472 0.024390243902439025 0.03400735294117647
1 0.6621951219512195 0.2536764705882353 0.03333333333333333 0.04044117647058824
2 0.8247967479674797 0.32996323529411764 0.023577235772357725 0.027573529411764705
2 0.8451219512195122 0.36213235294117646 0.026829268292682926 0.03676470588235294
1 0.817479674796748 0.34191176470588236 0.02032520325203252 0.025735294117647058
1 0.5829268292682926 0.22012867647058823 0.04227642276422764 0.03952205882352941
1 0.2597560975609756 0.22886029411764705 0.04959349593495935 0.05514705882352941
1 0.17073170731707318 0.27389705882352944 0.04552845528455285 0.04779411764705882
1 0.19146341463414634 0.2867647058823529 0.06260162601626017 0.0625
1 0.12723577235772357 0.29411764705882354 0.036585365853658534 0.04779411764705882
1 0.7552845528455284 0.3864889705882353 0.04065040650406504 0.05606617647058824
2 0.22398373983739836 0.38235294117647056 0.1796747967479675 0.12867647058823528
2 0.7215447154471545 0.32858455882352944 0.08048780487804878 0.0744485294117647
4 0.1329268292682927 0.25505514705882354 0.06422764227642276 0.0818014705882353
1 0.0910569105691057 0.3322610294117647 0.030894308943089432 0.046875
2 0.8040650406504065 0.2959558823529412 0.027642276422764227 0.029411764705882353
