2 0.9848958333333333 0.4869791666666667 0.016666666666666666 0.020833333333333332
2 0.9770833333333333 0.47317708333333336 0.019791666666666666 0.0296875
2 0.8888020833333333 0.22734375 0.024479166666666666 0.018229166666666668
3 0.240625 0.11822916666666666 0.019791666666666666 0.023958333333333335
3 0.24973958333333332 0.10130208333333333 0.021354166666666667 0.0265625
3 0.2015625 0.13958333333333334 0.026041666666666668 0.021875
3 0.1375 0.153125 0.014583333333333334 0.017708333333333333
3 0.9666666666666667 0.40286458333333336 0.017708333333333333 0.0078125
3 0.97578125 0.434375 0.0171875 0.007291666666666667
2 0.77109375 0.07135416666666666 0.022395833333333334 0.022916666666666665
1 0.11015625 0.24505208333333334 0.027604166666666666 0.0203125
1 0.01171875 0.3106770833333333 0.0109375 0.009895833333333333
2 0.08619791666666667 0.24453125 0.028645833333333332 0.028645833333333332
2 0.04088541666666667 0.2721354166666667 0.0203125 0.021354166666666667
2 0.053125 0.23385416666666667 0.014583333333333334 0.015625
2 0.09921875 0.19713541666666667 0.025520833333333333 0.0265625
1 0.9372395833333333 0.4661458333333333 0.03177083333333333 0.019791666666666666
1 0.94375 0.6036458333333333 0.025 0.014583333333333334
1 0.8221354166666667 0.5791666666666667 0.0515625 0.03333333333333333
4 0.9486979166666667 0.5216145833333333 0.044270833333333336 0.0484375
2 0.9830729166666666 0.5934895833333333 0.011979166666666667 0.0171875
2 0.9518229166666666 0.59140625 0.021354166666666667 0.025520833333333333
2 0.9442708333333333 0.6239583333333333 0.027083333333333334 0.028125
1 0.51484375 0.011458333333333333 0.013020833333333334 0.021875
2 0.5963541666666666 0.01953125 0.03958333333333333 0.0328125
2 0.771875 0.12395833333333334 0.03958333333333333 0.036458333333333336
2 0.7119791666666667 0.1265625 0.07083333333333333 0.046875
1 0.80859375 0.11848958333333333 0.0171875 0.021354166666666667
2 0.5752604166666667 0.0125 0.025520833333333333 0.021875
1 0.8046875 0.07291666666666667 0.009375 0.015625
1 0.81015625 0.07447916666666667 0.0109375 0.016666666666666666
1 0.8114583333333333 0.09088541666666666 0.011458333333333333 0.0171875
2 0.5479166666666667 0.008854166666666666 0.027083333333333334 0.016666666666666666
