1 0.5653061224489796 0.8046875 0.1346938775510204 0.10386029411764706
1 0.9146938775510204 0.6484375 0.02040816326530612 0.021139705882352942
2 0.7763265306122449 0.34191176470588236 0.014693877551020407 0.014705882352941176
0 0.7538775510204082 0.3235294117647059 0.03346938775510204 0.034926470588235295
1 0.7171428571428572 0.31204044117647056 0.008979591836734694 0.015625
1 0.726530612244898 0.31525735294117646 0.009795918367346938 0.014705882352941176
1 0.7383673469387755 0.32536764705882354 0.008979591836734694 0.014705882352941176
2 0.26326530612244897 0.21415441176470587 0.022040816326530613 0.016544117647058824
1 0.2938775510204082 0.21277573529411764 0.011428571428571429 0.015625
1 0.866938775510204 0.47794117647058826 0.0163265306122449 0.022058823529411766
