1 0.08755020080321285 0.7306985294117647 0.027309236947791166 0.029411764705882353
1 0.08995983935742972 0.7545955882352942 0.027309236947791166 0.02389705882352941
1 0.10441767068273092 0.8138786764705882 0.027309236947791166 0.024816176470588234
2 0.623293172690763 0.11029411764705882 0.0321285140562249 0.022058823529411766
2 0.3522088353413655 0.11213235294117647 0.021686746987951807 0.012867647058823529
2 0.3329317269076305 0.13051470588235295 0.03614457831325301 0.025735294117647058
2 0.3072289156626506 0.40441176470588236 0.11485943775100402 0.25
2 0.4614457831325301 0.09834558823529412 0.02650602409638554 0.029411764705882353
3 0.3381526104417671 0.24540441176470587 0.0321285140562249 0.058823529411764705
3 0.2931726907630522 0.27159926470588236 0.027309236947791166 0.035845588235294115
3 0.3132530120481928 0.26516544117647056 0.01927710843373494 0.03768382352941176
0 0.5144578313253012 0.07215073529411764 0.03775100401606426 0.02665441176470588
0 0.7678714859437751 0.33547794117647056 0.20562248995983937 0.31066176470588236
0 0.16666666666666666 0.3786764705882353 0.22730923694779118 0.42463235294117646
0 0.41164658634538154 0.0744485294117647 0.024899598393574297 0.022058823529411766
2 0.3678714859437751 0.11856617647058823 0.040160642570281124 0.034926470588235295
2 0.4907630522088353 0.0739889705882353 0.014457831325301205 0.011948529411764705
2 0.5072289156626506 0.09558823529411764 0.024899598393574297 0.022058823529411766
2 0.43052208835341366 0.0859375 0.024096385542168676 0.013786764705882353
2 0.41365461847389556 0.1015625 0.02891566265060241 0.019301470588235295
4 0.5534136546184739 0.0896139705882353 0.02891566265060241 0.021139705882352942
2 0.6686746987951807 0.15992647058823528 0.0714859437751004 0.04779411764705882
2 0.5397590361445783 0.13878676470588236 0.05301204819277108 0.03676470588235294
2 0.31204819277108437 0.17049632352941177 0.0714859437751004 0.057904411764705885
3 0.7983935742971887 0.23115808823529413 0.017670682730923693 0.035845588235294115
1 0.8232931726907631 0.2688419117647059 0.02891566265060241 0.03768382352941176
1 0.8538152610441767 0.32077205882352944 0.033734939759036145 0.042279411764705885
3 0.7943775100401607 0.20863970588235295 0.014457831325301205 0.034926470588235295
1 0.5718875502008032 0.09237132352941177 0.00963855421686747 0.015625
1 0.5887550200803213 0.10110294117647059 0.011244979919678716 0.02022058823529412
1 0.6032128514056225 0.10983455882352941 0.011244979919678716 0.017463235294117647
