2 0.8048387096774193 0.5317095588235294 0.020967741935483872 0.02665441176470588
2 0.7818548387096774 0.5271139705882353 0.025 0.035845588235294115
1 0.7326612903225806 0.6011029411764706 0.04596774193548387 0.03676470588235294
1 0.7887096774193548 0.6061580882352942 0.03064516129032258 0.02849264705882353
0 0.832258064516129 0.6125919117647058 0.04516129032258064 0.05606617647058824
0 0.5875 0.3984375 0.38306451612903225 0.31893382352941174
4 0.39919354838709675 0.22104779411764705 0.12258064516129032 0.0818014705882353
1 0.2725806451612903 0.18933823529411764 0.05 0.04963235294117647
2 0.10725806451612903 0.32674632352941174 0.07096774193548387 0.10018382352941177
4 0.8076612903225806 0.5101102941176471 0.036290322580645164 0.051470588235294115
