1 0.3810483870967742 0.8952205882352942 0.08629032258064516 0.13419117647058823
2 0.27298387096774196 0.1714154411764706 0.03306451612903226 0.03216911764705882
2 0.3008064516129032 0.18106617647058823 0.04032258064516129 0.03125
1 0.3842741935483871 0.1879595588235294 0.02661290322580645 0.035845588235294115
1 0.31048387096774194 0.19761029411764705 0.03387096774193549 0.04411764705882353
2 0.8633064516129032 0.734375 0.05725806451612903 0.09926470588235294
3 0.7241935483870968 0.40119485294117646 0.02903225806451613 0.04136029411764706
1 0.7298387096774194 0.3828125 0.02258064516129032 0.02849264705882353
1 0.7431451612903226 0.3984375 0.02338709677419355 0.030330882352941176
1 0.7536290322580645 0.4103860294117647 0.02661290322580645 0.035845588235294115
