3 0.32816326530612244 0.8161764705882353 0.06857142857142857 0.08088235294117647
1 0.15061224489795919 0.3602941176470588 0.0563265306122449 0.09558823529411764
1 0.16285714285714287 0.43795955882352944 0.06285714285714286 0.09834558823529412
1 0.23714285714285716 0.7909007352941176 0.09714285714285714 0.1130514705882353
1 0.6951020408163265 0.33409926470588236 0.0236734693877551 0.03768382352941176
2 0.35877551020408166 0.14338235294117646 0.04653061224489796 0.027573529411764705
2 0.41020408163265304 0.16084558823529413 0.053061224489795916 0.029411764705882353
2 0.7930612244897959 0.4522058823529412 0.05795918367346939 0.07904411764705882
1 0.6391836734693878 0.36672794117647056 0.053877551020408164 0.05698529411764706
1 0.7289795918367347 0.43795955882352944 0.04897959183673469 0.05606617647058824
1 0.7812244897959184 0.5367647058823529 0.053877551020408164 0.051470588235294115
2 0.8489795918367347 0.7178308823529411 0.0783673469387755 0.13786764705882354
1 0.5461224489795918 0.20909926470588236 0.024489795918367346 0.030330882352941176
1 0.5873469387755103 0.22794117647058823 0.025306122448979593 0.025735294117647058
1 0.5685714285714286 0.2265625 0.022040816326530613 0.030330882352941176
1 0.6130612244897959 0.22977941176470587 0.014693877551020407 0.02022058823529412
1 0.6289795918367347 0.22886029411764705 0.017142857142857144 0.02022058823529412
2 0.6477551020408163 0.2270220588235294 0.022040816326530613 0.025735294117647058
2 0.6616326530612245 0.2265625 0.02040816326530612 0.024816176470588234
2 0.6726530612244898 0.22334558823529413 0.019591836734693877 0.01838235294117647
2 0.6942857142857143 0.2417279411764706 0.015510204081632653 0.02022058823529412
1 0.683265306122449 0.23345588235294118 0.013061224489795919 0.014705882352941176
1 0.45183673469387753 0.21231617647058823 0.026938775510204082 0.03676470588235294
1 0.5134693877551021 0.2509191176470588 0.035918367346938776 0.04411764705882353
1 0.32571428571428573 0.15992647058823528 0.013061224489795919 0.02022058823529412
1 0.3040816326530612 0.15441176470588236 0.012244897959183673 0.02389705882352941
1 0.26040816326530614 0.14292279411764705 0.014693877551020407 0.015625
1 0.34285714285714286 0.21323529411764705 0.026122448979591838 0.04779411764705882
1 0.36122448979591837 0.2348345588235294 0.02857142857142857 0.04871323529411765
1 0.20816326530612245 0.24816176470588236 0.019591836734693877 0.04963235294117647
2 0.20448979591836736 0.1479779411764706 0.015510204081632653 0.014705882352941176
2 0.19959183673469388 0.16268382352941177 0.017142857142857144 0.02022058823529412
2 0.23673469387755103 0.14154411764705882 0.014693877551020407 0.014705882352941176
2 0.24693877551020407 0.1484375 0.018775510204081632 0.015625
2 0.23265306122448978 0.15946691176470587 0.024489795918367346 0.02297794117647059
2 0.2779591836734694 0.1567095588235294 0.025306122448979593 0.019301470588235295
2 0.2563265306122449 0.16222426470588236 0.027755102040816326 0.024816176470588234
2 0.28816326530612246 0.18520220588235295 0.03918367346938775 0.035845588235294115
2 0.2542857142857143 0.2109375 0.05142857142857143 0.05606617647058824
1 0.2693877551020408 0.17279411764705882 0.014693877551020407 0.022058823529411766
2 0.3824489795918367 0.19761029411764705 0.05959183673469388 0.04595588235294118
2 0.816734693877551 0.8575367647058824 0.09061224489795919 0.12867647058823528
1 0.773061224489796 0.9453125 0.05877551020408163 0.04136029411764706
1 0.8640816326530613 0.6341911764705882 0.04163265306122449 0.04595588235294118
1 0.8538775510204082 0.5785845588235294 0.037551020408163265 0.03952205882352941
2 0.32 0.35202205882352944 0.12244897959183673 0.15073529411764705
1 0.37387755102040815 0.16865808823529413 0.017959183673469388 0.024816176470588234
