2 0.1693548387096774 0.32996323529411764 0.14193548387096774 0.10294117647058823
1 0.10967741935483871 0.48161764705882354 0.08225806451612903 0.11029411764705882
1 0.1338709677419355 0.5643382352941176 0.1032258064516129 0.10661764705882353
1 0.11088709677419355 0.7178308823529411 0.10080645161290322 0.09191176470588236
1 0.15725806451612903 0.3975183823529412 0.07419354838709677 0.09834558823529412
2 0.8185483870967742 0.5528492647058824 0.016129032258064516 0.02849264705882353
2 0.7858870967741935 0.5170036764705882 0.025 0.03768382352941176
1 0.7314516129032258 0.4241727941176471 0.020967741935483872 0.021139705882352942
1 0.75 0.4600183823529412 0.024193548387096774 0.02297794117647059
1 0.7564516129032258 0.4811580882352941 0.02258064516129032 0.024816176470588234
1 0.7701612903225806 0.5055147058823529 0.01935483870967742 0.02022058823529412
2 0.8060483870967742 0.5376838235294118 0.018548387096774192 0.02389705882352941
2 0.7915322580645161 0.5730698529411765 0.029838709677419355 0.05422794117647059
2 0.853225806451613 0.6364889705882353 0.00967741935483871 0.017463235294117647
2 0.8383064516129032 0.6098345588235294 0.013709677419354839 0.024816176470588234
4 0.807258064516129 0.5105698529411765 0.037096774193548385 0.05238970588235294
