2 0.2991869918699187 0.18106617647058823 0.04227642276422764 0.03860294117647059
2 0.3959349593495935 0.1640625 0.04715447154471545 0.04136029411764706
1 0.341869918699187 0.18612132352941177 0.026829268292682926 0.046875
1 0.46504065040650405 0.17876838235294118 0.03414634146341464 0.03768382352941176
4 0.6105691056910569 0.2624080882352941 0.12682926829268293 0.0818014705882353
1 0.44308943089430897 0.19439338235294118 0.04065040650406504 0.043198529411764705
1 0.3024390243902439 0.5326286764705882 0.13333333333333333 0.09834558823529412
1 0.17560975609756097 0.2555147058823529 0.04390243902439024 0.04595588235294118
2 0.5715447154471545 0.23023897058823528 0.10569105691056911 0.05974264705882353
2 0.7182926829268292 0.2853860294117647 0.06260162601626017 0.050551470588235295
1 0.7479674796747967 0.2522977941176471 0.011382113821138212 0.019301470588235295
2 0.8304878048780487 0.29963235294117646 0.015447154471544716 0.02022058823529412
2 0.8186991869918699 0.2977941176470588 0.01951219512195122 0.02389705882352941
2 0.7861788617886178 0.28079044117647056 0.027642276422764227 0.02665441176470588
2 0.7577235772357723 0.2734375 0.04227642276422764 0.035845588235294115
1 0.7626016260162601 0.2991727941176471 0.01951219512195122 0.02849264705882353
1 0.8004065040650407 0.3102022058823529 0.013821138211382113 0.02297794117647059
1 0.8150406504065041 0.35110294117647056 0.02032520325203252 0.025735294117647058
1 0.7878048780487805 0.38465073529411764 0.032520325203252036 0.03952205882352941
1 0.8252032520325203 0.4186580882352941 0.027642276422764227 0.03952205882352941
1 0.8719512195121951 0.6263786764705882 0.046341463414634146 0.06525735294117647
1 0.8463414634146341 0.7077205882352942 0.05365853658536585 0.06433823529411764
1 0.2097560975609756 0.2192095588235294 0.016260162601626018 0.035845588235294115
2 0.6967479674796748 0.24448529411764705 0.06016260162601626 0.03860294117647059
