2 0.8046875 0.12775735294117646 0.04375 0.07904411764705882
0 0.93203125 0.3290441176470588 0.025520833333333333 0.04963235294117647
1 0.86015625 0.5298713235294118 0.04114583333333333 0.07261029411764706
1 0.11067708333333333 0.8924632352941176 0.0390625 0.10845588235294118
1 0.025520833333333333 0.8414522058823529 0.027083333333333334 0.07628676470588236
1 0.04869791666666667 0.8465073529411765 0.033854166666666664 0.09926470588235294
2 0.07630208333333334 0.2679227941176471 0.03177083333333333 0.06709558823529412
3 0.8177083333333334 0.5514705882352942 0.06041666666666667 0.0974264705882353
1 0.8268229166666666 0.16819852941176472 0.015104166666666667 0.027573529411764705
1 0.5411458333333333 0.059283088235294115 0.04791666666666667 0.07261029411764706
1 0.85625 0.40027573529411764 0.03333333333333333 0.05974264705882353
1 0.00703125 0.4774816176470588 0.009895833333333333 0.02297794117647059
1 0.5700520833333333 0.46875 0.1109375 0.13786764705882354
1 0.13671875 0.36443014705882354 0.0421875 0.0744485294117647
2 0.0265625 0.44806985294117646 0.021875 0.06893382352941177
2 0.259375 0.15119485294117646 0.10520833333333333 0.12040441176470588
2 0.23151041666666666 0.43014705882352944 0.1765625 0.20036764705882354
2 0.8192708333333333 0.21001838235294118 0.04895833333333333 0.07077205882352941
2 0.8721354166666667 0.2931985294117647 0.0328125 0.0625
3 0.32864583333333336 0.05238970588235294 0.022916666666666665 0.058823529411764705
1 0.8466145833333333 0.19255514705882354 0.016145833333333335 0.02849264705882353
