2 0.8872395833333333 0.22838541666666667 0.0203125 0.018229166666666668
2 0.9776041666666667 0.47291666666666665 0.020833333333333332 0.030208333333333334
3 0.2596354166666667 0.35520833333333335 0.05260416666666667 0.036458333333333336
3 0.7833333333333333 0.17630208333333333 0.027083333333333334 0.0265625
1 0.9731770833333333 0.61875 0.0140625 0.0125
1 0.9380208333333333 0.3966145833333333 0.029166666666666667 0.018229166666666668
1 0.6020833333333333 0.14479166666666668 0.046875 0.04895833333333333
1 0.10755208333333334 0.24322916666666666 0.027604166666666666 0.019791666666666666
1 0.11848958333333333 0.24895833333333334 0.028645833333333332 0.023958333333333335
1 0.10026041666666667 0.25755208333333335 0.028645833333333332 0.021354166666666667
1 0.08411458333333334 0.26458333333333334 0.0234375 0.01875
1 0.07135416666666666 0.26640625 0.027083333333333334 0.019270833333333334
1 0.05807291666666667 0.2864583333333333 0.0203125 0.0125
1 0.04609375 0.2986979166666667 0.0203125 0.0140625
1 0.038802083333333334 0.3106770833333333 0.0171875 0.016145833333333335
1 0.04088541666666667 0.2796875 0.013020833333333334 0.010416666666666666
1 0.03567708333333333 0.2953125 0.013020833333333334 0.010416666666666666
1 0.023958333333333335 0.29921875 0.0125 0.009895833333333333
1 0.5567708333333333 0.011458333333333333 0.0125 0.021875
2 0.16979166666666667 0.35989583333333336 0.09270833333333334 0.06979166666666667
2 0.027864583333333335 0.28203125 0.015104166666666667 0.016145833333333335
0 0.61875 0.01796875 0.053125 0.034895833333333334
2 0.09895833333333333 0.19583333333333333 0.027083333333333334 0.029166666666666667
2 0.9270833333333334 0.44166666666666665 0.036458333333333336 0.05520833333333333
2 0.04401041666666667 0.33541666666666664 0.0296875 0.021875
2 0.096875 0.24244791666666668 0.034375 0.03177083333333333
1 0.15651041666666668 0.31276041666666665 0.04635416666666667 0.030729166666666665
3 0.8609375 0.15807291666666667 0.015625 0.018229166666666668
