1 0.17258064516129032 0.6861213235294118 0.07903225806451612 0.06709558823529412
1 0.7205645161290323 0.3671875 0.028225806451612902 0.030330882352941176
1 0.7298387096774194 0.38143382352941174 0.025806451612903226 0.027573529411764705
1 0.7415322580645162 0.39889705882352944 0.02338709677419355 0.027573529411764705
1 0.75 0.41130514705882354 0.025806451612903226 0.03216911764705882
1 0.792741935483871 0.7022058823529411 0.06451612903225806 0.06985294117647059
1 0.7540322580645161 0.7435661764705882 0.07096774193548387 0.08088235294117647
1 0.6516129032258065 0.6737132352941176 0.08709677419354839 0.11764705882352941
1 0.6326612903225807 0.42003676470588236 0.055645161290322584 0.08823529411764706
1 0.6479838709677419 0.5390625 0.05887096774193548 0.10018382352941177
1 0.4891129032258065 0.26516544117647056 0.03467741935483871 0.04136029411764706
1 0.5391129032258064 0.2931985294117647 0.03467741935483871 0.04595588235294118
1 0.6697580645161291 0.26838235294117646 0.018548387096774192 0.02389705882352941
1 0.22379032258064516 0.3469669117647059 0.03306451612903226 0.0818014705882353
2 0.8403225806451613 0.7201286764705882 0.06612903225806452 0.12959558823529413
2 0.5185483870967742 0.21277573529411764 0.07903225806451612 0.03768382352941176
2 0.8225806451612904 0.5395220588235294 0.07741935483870968 0.11029411764705882
2 0.2794354838709677 0.17601102941176472 0.03951612903225806 0.03400735294117647
2 0.23709677419354838 0.18244485294117646 0.027419354838709678 0.02849264705882353
2 0.8733870967741936 0.8092830882352942 0.03387096774193549 0.06341911764705882
2 0.8556451612903225 0.6488970588235294 0.05 0.08088235294117647
1 0.7951612903225806 0.5638786764705882 0.04516129032258064 0.03952205882352941
1 0.8346774193548387 0.5790441176470589 0.04516129032258064 0.03676470588235294
1 0.8100806451612903 0.6144301470588235 0.04596774193548387 0.046875
1 0.22096774193548388 0.19669117647058823 0.014516129032258065 0.02389705882352941
1 0.5782258064516129 0.21875 0.017741935483870968 0.02022058823529412
3 0.7758064516129032 0.4260110294117647 0.02903225806451613 0.043198529411764705
2 0.635483870967742 0.22288602941176472 0.02903225806451613 0.02297794117647059
2 0.614516129032258 0.2339154411764706 0.04032258064516129 0.030330882352941176
