4 0.13455284552845528 0.25597426470588236 0.06910569105691057 0.08363970588235294
2 0.2995934959349594 0.17647058823529413 0.03983739837398374 0.04044117647058824
2 0.3951219512195122 0.16727941176470587 0.04715447154471545 0.03860294117647059
1 0.34227642276422765 0.1879595588235294 0.024390243902439025 0.046875
2 0.6012195121951219 0.8230698529411765 0.17642276422764228 0.30422794117647056
1 0.8707317073170732 0.6190257352941176 0.04715447154471545 0.05974264705882353
1 0.8626016260162601 0.6773897058823529 0.05365853658536585 0.058823529411764705
1 0.8520325203252033 0.7095588235294118 0.05040650406504065 0.05514705882352941
1 0.2105691056910569 0.24126838235294118 0.03902439024390244 0.05238970588235294
1 0.19065040650406503 0.2743566176470588 0.03983739837398374 0.07077205882352941
1 0.8211382113821138 0.296875 0.013008130081300813 0.02022058823529412
2 0.8459349593495935 0.3157169117647059 0.013821138211382113 0.019301470588235295
