1 0.6012096774193548 0.8432904411764706 0.09919354838709678 0.10202205882352941
1 0.5157258064516129 0.25827205882352944 0.04435483870967742 0.05330882352941176
1 0.43548387096774194 0.2417279411764706 0.03387096774193549 0.051470588235294115
1 0.6580645161290323 0.3727022058823529 0.04516129032258064 0.06341911764705882
2 0.36129032258064514 0.3506433823529412 0.14193548387096774 0.1645220588235294
2 0.294758064516129 0.21875 0.049193548387096775 0.04963235294117647
2 0.3883064516129032 0.20082720588235295 0.07822580645161291 0.05606617647058824
2 0.7411290322580645 0.7022058823529411 0.14516129032258066 0.20955882352941177
2 0.8528225806451613 0.7026654411764706 0.062096774193548386 0.13511029411764705
1 0.7435483870967742 0.39797794117647056 0.02258064516129032 0.029411764705882353
1 0.7528225806451613 0.4103860294117647 0.025 0.03768382352941176
1 0.7298387096774194 0.38419117647058826 0.024193548387096774 0.027573529411764705
