2 0.29878048780487804 0.17738970588235295 0.034959349593495934 0.03860294117647059
1 0.8699186991869918 0.6162683823529411 0.03739837398373984 0.043198529411764705
1 0.7467479674796748 0.640625 0.07398373983739838 0.09926470588235294
1 0.8467479674796748 0.7022058823529411 0.04959349593495935 0.05698529411764706
1 0.8727642276422765 0.6305147058823529 0.038211382113821135 0.042279411764705885
2 0.3967479674796748 0.1640625 0.04227642276422764 0.03768382352941176
1 0.49552845528455286 0.18566176470588236 0.028455284552845527 0.03308823529411765
2 0.40284552845528454 0.2536764705882353 0.15040650406504066 0.07536764705882353
2 0.1878048780487805 0.29044117647058826 0.11544715447154472 0.10477941176470588
2 0.08008130081300813 0.35983455882352944 0.034959349593495934 0.06893382352941177
2 0.832520325203252 0.29871323529411764 0.016260162601626018 0.016544117647058824
1 0.8394308943089431 0.3350183823529412 0.012195121951219513 0.017463235294117647
1 0.8211382113821138 0.3157169117647059 0.016260162601626018 0.021139705882352942
2 0.8048780487804879 0.296875 0.02926829268292683 0.025735294117647058
2 0.748780487804878 0.2614889705882353 0.03902439024390244 0.02849264705882353
2 0.7300813008130081 0.2775735294117647 0.05853658536585366 0.04411764705882353
2 0.552439024390244 0.21553308823529413 0.11300813008130081 0.05974264705882353
4 0.13333333333333333 0.25735294117647056 0.06504065040650407 0.0900735294117647
2 0.441869918699187 0.16819852941176472 0.03008130081300813 0.029411764705882353
1 0.6955284552845529 0.22518382352941177 0.02032520325203252 0.03125
