1 0.24308943089430896 0.20818014705882354 0.02113821138211382 0.04136029411764706
1 0.20894308943089432 0.21737132352941177 0.016260162601626018 0.03952205882352941
1 0.1975609756097561 0.22472426470588236 0.016260162601626018 0.04136029411764706
2 0.8613821138211382 0.3883272058823529 0.025203252032520326 0.035845588235294115
2 0.8715447154471545 0.36902573529411764 0.01951219512195122 0.021139705882352942
2 0.7166666666666667 0.2688419117647059 0.05121951219512195 0.04136029411764706
2 0.8373983739837398 0.2931985294117647 0.014634146341463415 0.01838235294117647
2 0.8060975609756098 0.2927389705882353 0.023577235772357725 0.024816176470588234
2 0.8272357723577236 0.32766544117647056 0.02195121951219512 0.02849264705882353
1 0.7711382113821138 0.2688419117647059 0.012195121951219513 0.015625
