1 0.11632653061224489 0.3368566176470588 0.015510204081632653 0.02849264705882353
1 0.08653061224489796 0.4025735294117647 0.029387755102040815 0.05330882352941176
1 0.9048979591836734 0.609375 0.0236734693877551 0.03676470588235294
2 0.7204081632653061 0.30744485294117646 0.025306122448979593 0.015625
2 0.5779591836734694 0.23161764705882354 0.017959183673469388 0.012867647058823529
2 0.38612244897959186 0.19761029411764705 0.029387755102040815 0.016544117647058824
1 0.726530612244898 0.3170955882352941 0.009795918367346938 0.014705882352941176
1 0.7387755102040816 0.3244485294117647 0.009795918367346938 0.016544117647058824
2 0.730204081632653 0.3556985294117647 0.06448979591836734 0.058823529411764705
2 0.48775510204081635 0.23115808823529413 0.06285714285714286 0.03216911764705882
2 0.8008163265306123 0.4131433823529412 0.05061224489795919 0.057904411764705885
2 0.5265306122448979 0.22426470588235295 0.044081632653061226 0.027573529411764705
