1 0.41606425702811245 0.18979779411764705 0.014457831325301205 0.024816176470588234
1 0.40441767068273093 0.19025735294117646 0.010441767068273093 0.02022058823529412
1 0.39477911646586344 0.18382352941176472 0.010441767068273093 0.03125
1 0.3795180722891566 0.17693014705882354 0.013654618473895583 0.024816176470588234
1 0.3670682730923695 0.17601102941176472 0.011244979919678716 0.024816176470588234
1 0.3586345381526104 0.1870404411764706 0.013654618473895583 0.024816176470588234
1 0.3485943775100402 0.1879595588235294 0.01285140562248996 0.02297794117647059
1 0.3333333333333333 0.18428308823529413 0.020883534136546186 0.030330882352941176
1 0.5465863453815261 0.22886029411764705 0.028112449799196786 0.02389705882352941
2 0.7995983935742972 0.38556985294117646 0.018473895582329317 0.02849264705882353
2 0.7911646586345381 0.32169117647058826 0.00963855421686747 0.009191176470588236
1 0.8008032128514057 0.3469669117647059 0.00963855421686747 0.011948529411764705
1 0.6269076305220883 0.27389705882352944 0.020080321285140562 0.025735294117647058
2 0.7518072289156627 0.3713235294117647 0.0321285140562249 0.03860294117647059
4 0.668273092369478 0.42784926470588236 0.10281124497991968 0.1130514705882353
0 0.3285140562248996 0.3791360294117647 0.557429718875502 0.32077205882352944
3 0.4646586345381526 0.19347426470588236 0.012048192771084338 0.02297794117647059
1 0.7879518072289157 0.3639705882352941 0.01606425702811245 0.022058823529411766
1 0.7353413654618474 0.33318014705882354 0.018473895582329317 0.024816176470588234
1 0.691566265060241 0.27297794117647056 0.01927710843373494 0.02022058823529412
1 0.6445783132530121 0.2578125 0.020080321285140562 0.024816176470588234
