3 0.186328125 0.3265625 0.03359375 0.028125
3 0.182421875 0.338671875 0.03515625 0.02265625
3 0.189453125 0.31796875 0.03046875 0.0234375
0 0.147265625 0.234765625 0.07265625 0.06796875
2 0.23046875 0.180859375 0.0296875 0.02578125
2 0.208203125 0.1890625 0.02265625 0.021875
1 0.36953125 0.187890625 0.0234375 0.03671875
1 0.413671875 0.16015625 0.02265625 0.0375
1 0.297265625 0.155859375 0.01953125 0.02109375
2 0.409375 0.126953125 0.0375 0.03828125
2 0.398828125 0.10078125 0.02109375 0.0234375
2 0.45546875 0.087890625 0.028125 0.02578125
2 0.416015625 0.089453125 0.02109375 0.02109375
2 0.39375 0.0859375 0.01875 0.0171875
2 0.4125 0.07734375 0.0203125 0.0171875
4 0.437890625 0.070703125 0.02890625 0.03046875
3 0.64453125 0.14375 0.0171875 0.03125
3 0.65234375 0.14609375 0.0171875 0.034375
3 0.657421875 0.128125 0.01328125 0.021875
2 0.825 0.39140625 0.10625 0.1015625
1 0.88984375 0.3875 0.0421875 0.028125
2 0.919140625 0.40234375 0.06328125 0.071875
2 0.93046875 0.51171875 0.0703125 0.0828125
4 0.98203125 0.566015625 0.0359375 0.04765625
0 0.96640625 0.739453125 0.0421875 0.04609375
1 0.78046875 0.78671875 0.040625 0.0546875
2 0.7484375 0.8921875 0.071875 0.05
2 0.64765625 0.893359375 0.10625 0.05703125
