1 0.14779116465863454 0.35110294117647056 0.024096385542168676 0.02022058823529412
1 0.14538152610441768 0.3625919117647059 0.02570281124497992 0.02297794117647059
1 0.13815261044176708 0.3786764705882353 0.02248995983935743 0.022058823529411766
1 0.13052208835341367 0.39108455882352944 0.021686746987951807 0.021139705882352942
1 0.12650602409638553 0.40579044117647056 0.028112449799196786 0.021139705882352942
1 0.12208835341365462 0.42830882352941174 0.02891566265060241 0.025735294117647058
1 0.11204819277108434 0.4453125 0.028112449799196786 0.02849264705882353
1 0.10361445783132531 0.4719669117647059 0.02891566265060241 0.02849264705882353
1 0.09598393574297188 0.5022977941176471 0.02650602409638554 0.030330882352941176
1 0.08674698795180723 0.7306985294117647 0.02891566265060241 0.03860294117647059
1 0.09036144578313253 0.7550551470588235 0.02650602409638554 0.02849264705882353
1 0.7192771084337349 0.17463235294117646 0.023293172690763052 0.022058823529411766
1 0.748995983935743 0.19255514705882354 0.024899598393574297 0.03216911764705882
1 0.7610441767068273 0.21323529411764705 0.03132530120481928 0.03308823529411765
1 0.7767068273092369 0.23161764705882354 0.033734939759036145 0.027573529411764705
1 0.7911646586345381 0.2568933823529412 0.030522088353413655 0.03768382352941176
1 0.8152610441767069 0.2775735294117647 0.02570281124497992 0.03308823529411765
1 0.8297188755020081 0.3046875 0.0321285140562249 0.02849264705882353
1 0.8417670682730923 0.3313419117647059 0.03855421686746988 0.04503676470588235
1 0.10281124497991968 0.8143382352941176 0.02891566265060241 0.022058823529411766
2 0.8975903614457831 0.34512867647058826 0.03775100401606426 0.057904411764705885
2 0.9397590361445783 0.4241727941176471 0.027309236947791166 0.04871323529411765
2 0.5710843373493976 0.08363970588235294 0.017670682730923693 0.014705882352941176
3 0.6847389558232931 0.13878676470588236 0.012048192771084338 0.02389705882352941
2 0.3522088353413655 0.11259191176470588 0.021686746987951807 0.017463235294117647
1 0.14779116465863454 0.28400735294117646 0.01927710843373494 0.02022058823529412
1 0.20080321285140562 0.26056985294117646 0.02891566265060241 0.02849264705882353
1 0.18795180722891566 0.29963235294117646 0.033734939759036145 0.03308823529411765
2 0.5827309236947791 0.10661764705882353 0.0393574297188755 0.025735294117647058
2 0.43172690763052207 0.0822610294117647 0.016867469879518072 0.013786764705882353
2 0.44899598393574297 0.09420955882352941 0.02248995983935743 0.021139705882352942
2 0.47630522088353416 0.1056985294117647 0.04979919678714859 0.027573529411764705
2 0.3305220883534137 0.20450367647058823 0.058634538152610445 0.08731617647058823
1 0.2891566265060241 0.22886029411764705 0.024096385542168676 0.04595588235294118
3 0.07951807228915662 0.5827205882352942 0.043373493975903614 0.03676470588235294
3 0.0678714859437751 0.5487132352941176 0.024899598393574297 0.022058823529411766
1 0.885140562248996 0.34191176470588236 0.02570281124497992 0.034926470588235295
1 0.9004016064257028 0.37316176470588236 0.030522088353413655 0.03125
1 0.8493975903614458 0.28722426470588236 0.03132530120481928 0.03216911764705882
2 0.372289156626506 0.09972426470588236 0.024899598393574297 0.021139705882352942
2 0.45863453815261046 0.07904411764705882 0.020883534136546186 0.02022058823529412
