3 0.7028455284552846 0.6337316176470589 0.05447154471544716 0.09283088235294118
3 0.5117886178861789 0.1645220588235294 0.01707317073170732 0.03308823529411765
3 0.49552845528455286 0.16590073529411764 0.01707317073170732 0.02849264705882353
3 0.4739837398373984 0.16590073529411764 0.01788617886178862 0.030330882352941176
3 0.22886178861788617 0.25045955882352944 0.01707317073170732 0.02665441176470588
3 0.26666666666666666 0.2270220588235294 0.01788617886178862 0.025735294117647058
3 0.22113821138211381 0.2536764705882353 0.014634146341463415 0.029411764705882353
1 0.6304878048780488 0.17325367647058823 0.026829268292682926 0.02849264705882353
1 0.6373983739837399 0.18060661764705882 0.027642276422764227 0.02665441176470588
1 0.6422764227642277 0.18474264705882354 0.026016260162601626 0.027573529411764705
1 0.65 0.4329044117647059 0.06910569105691057 0.09926470588235294
2 0.07560975609756097 0.38924632352941174 0.01951219512195122 0.03216911764705882
2 0.09308943089430895 0.3975183823529412 0.03333333333333333 0.03216911764705882
2 0.07235772357723577 0.4131433823529412 0.022764227642276424 0.03400735294117647
2 0.06951219512195123 0.4411764705882353 0.01707317073170732 0.03860294117647059
2 0.055284552845528454 0.4485294117647059 0.024390243902439025 0.04595588235294118
1 0.08902439024390243 0.42141544117647056 0.01869918699186992 0.024816176470588234
1 0.07398373983739838 0.4476102941176471 0.024390243902439025 0.027573529411764705
1 0.07682926829268293 0.4407169117647059 0.013821138211382113 0.02297794117647059
