2 0.2975609756097561 0.17784926470588236 0.03739837398373984 0.03952205882352941
2 0.39796747967479673 0.1636029411764706 0.03983739837398374 0.042279411764705885
2 0.48495934959349596 0.16727941176470587 0.038211382113821135 0.034926470588235295
2 0.12479674796747968 0.29825367647058826 0.07235772357723577 0.07996323529411764
4 0.8406504065040651 0.40762867647058826 0.08455284552845528 0.1130514705882353
1 0.34227642276422765 0.18933823529411764 0.01951219512195122 0.04411764705882353
1 0.30609756097560975 0.19209558823529413 0.01707317073170732 0.034926470588235295
1 0.20691056910569106 0.2182904411764706 0.01707317073170732 0.03400735294117647
1 0.7983739837398374 0.2890625 0.008130081300813009 0.01011029411764706
1 0.7886178861788617 0.2821691176470588 0.008130081300813009 0.009191176470588236
1 0.7849593495934959 0.27159926470588236 0.01056910569105691 0.01011029411764706
1 0.775609756097561 0.2697610294117647 0.00975609756097561 0.01011029411764706
1 0.7654471544715448 0.2532169117647059 0.01056910569105691 0.011948529411764705
1 0.766260162601626 0.26286764705882354 0.00894308943089431 0.011029411764705883
2 0.8227642276422764 0.30330882352941174 0.014634146341463415 0.022058823529411766
2 0.8044715447154471 0.30330882352941174 0.02032520325203252 0.022058823529411766
1 0.8707317073170732 0.6231617647058824 0.04715447154471545 0.06801470588235294
1 0.24146341463414633 0.20680147058823528 0.01788617886178862 0.03676470588235294
1 0.7934959349593496 0.36443014705882354 0.027642276422764227 0.03952205882352941
3 0.7060975609756097 0.23161764705882354 0.013821138211382113 0.025735294117647058
