1 0.2645161290322581 0.6613051470588235 0.11774193548387096 0.12408088235294118
1 0.7935483870967742 0.5772058823529411 0.04838709677419355 0.06066176470588235
2 0.6564516129032258 0.22518382352941177 0.020967741935483872 0.027573529411764705
4 0.6241935483870967 0.24678308823529413 0.0532258064516129 0.05606617647058824
2 0.8709677419354839 0.8648897058823529 0.03064516129032258 0.04779411764705882
1 0.7520161290322581 0.40900735294117646 0.025 0.034926470588235295
3 0.7286290322580645 0.37454044117647056 0.02661290322580645 0.03216911764705882
3 0.7375 0.3874080882352941 0.02338709677419355 0.03952205882352941
1 0.7318548387096774 0.3837316176470588 0.031451612903225803 0.03216911764705882
1 0.7459677419354839 0.3943014705882353 0.03225806451612903 0.03676470588235294
