1 0.584274193548387 0.9260110294117647 0.09919354838709678 0.13143382352941177
2 0.49556451612903224 0.6631433823529411 0.1588709677419355 0.3538602941176471
2 0.6254032258064516 0.23069852941176472 0.03467741935483871 0.03308823529411765
1 0.519758064516129 0.23345588235294118 0.031451612903225803 0.03676470588235294
1 0.6088709677419355 0.2545955882352941 0.024193548387096774 0.03125
2 0.5528225806451613 0.31387867647058826 0.07983870967741935 0.10202205882352941
3 0.6887096774193548 0.3772977941176471 0.025806451612903226 0.03768382352941176
3 0.6903225806451613 0.39246323529411764 0.027419354838709678 0.051470588235294115
2 0.8713709677419355 0.7936580882352942 0.042741935483870966 0.08915441176470588
1 0.8487903225806451 0.6355698529411765 0.050806451612903224 0.05422794117647059
1 0.867741935483871 0.7012867647058824 0.04838709677419355 0.04779411764705882
1 0.7314516129032258 0.38235294117647056 0.020967741935483872 0.025735294117647058
1 0.744758064516129 0.3975183823529412 0.025 0.03216911764705882
1 0.7540322580645161 0.4099264705882353 0.027419354838709678 0.034926470588235295
1 0.8084677419354839 0.5349264705882353 0.050806451612903224 0.05330882352941176
1 0.8358870967741936 0.5905330882352942 0.03790322580645161 0.03952205882352941
1 0.8004032258064516 0.5960477941176471 0.05403225806451613 0.046875
1 0.7959677419354839 0.6401654411764706 0.06129032258064516 0.057904411764705885
