2 0.8872395833333333 0.228125 0.0203125 0.01875
2 0.978125 0.47317708333333336 0.019791666666666666 0.028645833333333332
3 0.8614583333333333 0.159375 0.013541666666666667 0.011458333333333333
3 0.8458333333333333 0.6 0.03958333333333333 0.020833333333333332
3 0.20651041666666667 0.125 0.016145833333333335 0.023958333333333335
1 0.93671875 0.44817708333333334 0.030729166666666665 0.022395833333333334
1 0.8 0.09947916666666666 0.0125 0.019791666666666666
1 0.7752604166666667 0.10703125 0.019270833333333334 0.025520833333333333
1 0.06614583333333333 0.26614583333333336 0.020833333333333332 0.016666666666666666
1 0.054427083333333334 0.27630208333333334 0.019270833333333334 0.011979166666666667
1 0.039322916666666666 0.30807291666666664 0.018229166666666668 0.0140625
1 0.31536458333333334 0.13463541666666667 0.0390625 0.04010416666666667
1 0.39921875 0.28020833333333334 0.0703125 0.05625
1 0.3671875 0.33828125 0.06666666666666667 0.0453125
1 0.02265625 0.27421875 0.009895833333333333 0.009895833333333333
1 0.038802083333333334 0.2796875 0.013020833333333334 0.0125
1 0.01328125 0.303125 0.009895833333333333 0.00625
1 0.01640625 0.30807291666666664 0.0109375 0.0067708333333333336
2 0.16927083333333334 0.35963541666666665 0.09270833333333334 0.0671875
2 0.09895833333333333 0.19583333333333333 0.027083333333333334 0.029166666666666667
2 0.2109375 0.23984375 0.07916666666666666 0.05677083333333333
2 0.0875 0.24479166666666666 0.03333333333333333 0.028125
2 0.028125 0.2947916666666667 0.01875 0.01875
1 0.030208333333333334 0.26875 0.011458333333333333 0.014583333333333334
1 0.32265625 0.11380208333333333 0.033854166666666664 0.04114583333333333
2 0.024739583333333332 0.3216145833333333 0.019270833333333334 0.018229166666666668
