3 0.8922764227642277 0.5128676470588235 0.03983739837398374 0.06801470588235294
3 0.9219512195121952 0.5482536764705882 0.03902439024390244 0.06525735294117647
3 0.9528455284552846 0.5413602941176471 0.02113821138211382 0.04963235294117647
2 0.3772357723577236 0.9595588235294118 0.14634146341463414 0.07904411764705882
1 0.18130081300813009 0.9016544117647058 0.05853658536585366 0.07536764705882353
1 0.21544715447154472 0.9296875 0.06504065040650407 0.08547794117647059
1 0.2573170731707317 0.9604779411764706 0.06097560975609756 0.07352941176470588
1 0.5463414634146342 0.16314338235294118 0.022764227642276424 0.03216911764705882
1 0.4943089430894309 0.16773897058823528 0.024390243902439025 0.030330882352941176
1 0.4410569105691057 0.17555147058823528 0.023577235772357725 0.03308823529411765
2 0.8138211382113821 0.24678308823529413 0.04878048780487805 0.03952205882352941
2 0.7479674796747967 0.22380514705882354 0.06504065040650407 0.043198529411764705
3 0.05853658536585366 0.5804227941176471 0.024390243902439025 0.035845588235294115
2 0.8626016260162601 0.2702205882352941 0.02926829268292683 0.03125
