2 0.8046875 0.12729779411764705 0.04375 0.07628676470588236
2 0.78046875 0.10845588235294118 0.0515625 0.0625
2 0.8786458333333333 0.23667279411764705 0.023958333333333335 0.04503676470588235
1 0.8598958333333333 0.5294117647058824 0.040625 0.07352941176470588
1 0.1109375 0.8929227941176471 0.03958333333333333 0.109375
1 0.02578125 0.8419117647058824 0.027604166666666666 0.07720588235294118
1 0.04869791666666667 0.8455882352941176 0.034895833333333334 0.09926470588235294
2 0.07630208333333334 0.2679227941176471 0.03177083333333333 0.06709558823529412
3 0.8184895833333333 0.5519301470588235 0.058854166666666666 0.09466911764705882
1 0.8268229166666666 0.16819852941176472 0.015104166666666667 0.027573529411764705
1 0.80390625 0.3570772058823529 0.04635416666666667 0.06893382352941177
1 0.6890625 0.31755514705882354 0.065625 0.09283088235294118
1 0.8973958333333333 0.35983455882352944 0.019791666666666666 0.03400735294117647
1 0.6765625 0.5105698529411765 0.0875 0.10018382352941177
1 0.12109375 0.5124080882352942 0.058854166666666666 0.06341911764705882
1 0.014583333333333334 0.6773897058823529 0.022916666666666665 0.042279411764705885
1 0.925 0.3235294117647059 0.009375 0.02022058823529412
2 0.19192708333333333 0.13740808823529413 0.04114583333333333 0.09099264705882353
4 0.7791666666666667 0.1645220588235294 0.07083333333333333 0.09375
2 0.8596354166666667 0.3000919117647059 0.043229166666666666 0.08731617647058823
2 0.047135416666666666 0.3952205882352941 0.0296875 0.08088235294117647
2 0.91796875 0.35018382352941174 0.019270833333333334 0.04595588235294118
3 0.18125 0.1714154411764706 0.020833333333333332 0.050551470588235295
3 0.078125 0.3010110294117647 0.015625 0.03768382352941176
1 0.8471354166666667 0.19255514705882354 0.015104166666666667 0.024816176470588234
