2 0.8046875 0.12729779411764705 0.04479166666666667 0.07996323529411764
1 0.8609375 0.5307904411764706 0.04375 0.06893382352941177
1 0.11119791666666666 0.8920036764705882 0.0390625 0.10753676470588236
1 0.02578125 0.8414522058823529 0.0265625 0.07628676470588236
1 0.04921875 0.8465073529411765 0.03177083333333333 0.0974264705882353
2 0.0765625 0.2679227941176471 0.03125 0.06709558823529412
3 0.31588541666666664 0.05698529411764706 0.0171875 0.05698529411764706
3 0.8625 0.5087316176470589 0.040625 0.05606617647058824
1 0.8265625 0.16819852941176472 0.014583333333333334 0.027573529411764705
1 0.8841145833333334 0.27205882352941174 0.013020833333333334 0.029411764705882353
1 0.8716145833333333 0.22518382352941177 0.0140625 0.025735294117647058
1 0.9028645833333333 0.2899816176470588 0.011979166666666667 0.02665441176470588
1 0.3421875 0.08685661764705882 0.041666666666666664 0.07261029411764706
1 0.03802083333333333 0.6144301470588235 0.034375 0.04871323529411765
1 0.8260416666666667 0.9443933823529411 0.065625 0.109375
1 0.006510416666666667 0.7026654411764706 0.011979166666666667 0.02665441176470588
1 0.005208333333333333 0.6465992647058824 0.009375 0.02297794117647059
2 0.8270833333333333 0.32077205882352944 0.05625 0.10294117647058823
