2 0.8049479166666667 0.12867647058823528 0.043229166666666666 0.07904411764705882
2 0.7809895833333333 0.11534926470588236 0.050520833333333334 0.07628676470588236
2 0.878125 0.2348345588235294 0.023958333333333335 0.04503676470588235
1 0.8596354166666667 0.5298713235294118 0.04010416666666667 0.0744485294117647
1 0.1109375 0.8929227941176471 0.03958333333333333 0.109375
1 0.02578125 0.8419117647058824 0.027604166666666666 0.07720588235294118
1 0.04869791666666667 0.8460477941176471 0.034895833333333334 0.10018382352941177
2 0.07630208333333334 0.2679227941176471 0.03177083333333333 0.06709558823529412
3 0.8192708333333333 0.5514705882352942 0.058333333333333334 0.09375
1 0.8268229166666666 0.16819852941176472 0.015104166666666667 0.027573529411764705
1 0.8408854166666667 0.20128676470588236 0.018229166666666668 0.04411764705882353
1 0.007552083333333333 0.6208639705882353 0.0140625 0.02665441176470588
2 0.8361979166666667 0.2633272058823529 0.0484375 0.09099264705882353
3 0.44192708333333336 0.6737132352941176 0.07447916666666667 0.08639705882352941
3 0.4609375 0.7587316176470589 0.04375 0.08547794117647059
3 0.5864583333333333 0.04136029411764706 0.01875 0.06433823529411764
1 0.846875 0.19117647058823528 0.016666666666666666 0.025735294117647058
1 0.85234375 0.19852941176470587 0.011979166666666667 0.027573529411764705
