2 0.8049479166666667 0.12821691176470587 0.044270833333333336 0.07996323529411764
1 0.86015625 0.5298713235294118 0.0421875 0.07077205882352941
1 0.11119791666666666 0.8924632352941176 0.0390625 0.10845588235294118
1 0.026041666666666668 0.8414522058823529 0.027083333333333334 0.07628676470588236
1 0.04895833333333333 0.8460477941176471 0.03333333333333333 0.09834558823529412
2 0.07630208333333334 0.2679227941176471 0.03177083333333333 0.06709558823529412
3 0.007552083333333333 0.734375 0.0140625 0.025735294117647058
3 0.0078125 0.7495404411764706 0.014583333333333334 0.02297794117647059
3 0.8416666666666667 0.4563419117647059 0.03958333333333333 0.07628676470588236
3 0.8473958333333333 0.49080882352941174 0.052083333333333336 0.06985294117647059
1 0.8268229166666666 0.16819852941176472 0.015104166666666667 0.027573529411764705
1 0.8182291666666667 0.16727941176470587 0.017708333333333333 0.03125
1 0.59453125 0.04549632352941176 0.0390625 0.05974264705882353
1 0.09088541666666666 0.3203125 0.0234375 0.04136029411764706
1 0.046614583333333334 0.38924632352941174 0.0171875 0.035845588235294115
1 0.016927083333333332 0.5629595588235294 0.019270833333333334 0.03400735294117647
1 0.03619791666666667 0.5730698529411765 0.030729166666666665 0.043198529411764705
1 0.013541666666666667 0.6328125 0.022916666666666665 0.03768382352941176
2 0.9138020833333333 0.31755514705882354 0.019270833333333334 0.03768382352941176
2 0.85703125 0.3602941176470588 0.049479166666666664 0.0900735294117647
2 0.7135416666666666 0.3115808823529412 0.13958333333333334 0.15073529411764705
2 0.9106770833333333 0.34237132352941174 0.021354166666666667 0.04503676470588235
2 0.22526041666666666 0.22334558823529413 0.11302083333333333 0.17463235294117646
