2 0.7169354838709677 0.4071691176470588 0.08064516129032258 0.0900735294117647
1 0.17096774193548386 0.6856617647058824 0.07903225806451612 0.0661764705882353
1 0.7209677419354839 0.36902573529411764 0.02258064516129032 0.02665441176470588
1 0.4991935483870968 0.20680147058823528 0.03870967741935484 0.03676470588235294
1 0.5741935483870968 0.31204044117647056 0.04032258064516129 0.05238970588235294
1 0.8629032258064516 0.6962316176470589 0.037096774193548385 0.043198529411764705
2 0.4310483870967742 0.23575367647058823 0.08629032258064516 0.06709558823529412
2 0.822983870967742 0.5349264705882353 0.07661290322580645 0.09926470588235294
2 0.27903225806451615 0.15395220588235295 0.025806451612903226 0.019301470588235295
2 0.27903225806451615 0.17509191176470587 0.03225806451612903 0.02665441176470588
1 0.5754032258064516 0.21277573529411764 0.018548387096774192 0.019301470588235295
1 0.3100806451612903 0.19209558823529413 0.016935483870967744 0.027573529411764705
1 0.2887096774193548 0.19439338235294118 0.017741935483870968 0.030330882352941176
2 0.6556451612903226 0.2192095588235294 0.01935483870967742 0.019301470588235295
2 0.6475806451612903 0.2261029411764706 0.024193548387096774 0.022058823529411766
1 0.5854838709677419 0.22931985294117646 0.020967741935483872 0.024816176470588234
3 0.7661290322580645 0.42784926470588236 0.025806451612903226 0.03216911764705882
3 0.7790322580645161 0.4641544117647059 0.03064516129032258 0.042279411764705885
