1 0.8665306122448979 0.5041360294117647 0.02040816326530612 0.035845588235294115
2 0.7514285714285714 0.32996323529411764 0.022040816326530613 0.01838235294117647
1 0.8114285714285714 0.5280330882352942 0.03428571428571429 0.04136029411764706
1 0.8285714285714286 0.5114889705882353 0.026122448979591838 0.04136029411764706
1 0.6518367346938776 0.3717830882352941 0.04653061224489796 0.06158088235294118
2 0.5779591836734694 0.30193014705882354 0.08489795918367347 0.06341911764705882
1 0.05877551020408163 0.4885110294117647 0.02122448979591837 0.06341911764705882
1 0.08653061224489796 0.39568014705882354 0.029387755102040815 0.050551470588235295
2 0.49020408163265305 0.21185661764705882 0.03836734693877551 0.019301470588235295
1 0.2889795918367347 0.22977941176470587 0.013061224489795919 0.025735294117647058
1 0.2689795918367347 0.23897058823529413 0.010612244897959184 0.02022058823529412
2 0.2726530612244898 0.2104779411764706 0.013061224489795919 0.012867647058823529
2 0.3073469387755102 0.22150735294117646 0.036734693877551024 0.022058823529411766
2 0.2563265306122449 0.22104779411764705 0.027755102040816326 0.017463235294117647
4 0.5946938775510204 0.23851102941176472 0.053061224489795916 0.03400735294117647
1 0.5240816326530612 0.23897058823529413 0.031020408163265307 0.029411764705882353
2 0.27918367346938777 0.19898897058823528 0.019591836734693877 0.015625
1 0.6146938775510205 0.26516544117647056 0.019591836734693877 0.021139705882352942
