2 0.29796747967479675 0.1801470588235294 0.043089430894308944 0.04044117647058824
2 0.3975609756097561 0.1645220588235294 0.04552845528455285 0.04044117647058824
1 0.3410569105691057 0.18612132352941177 0.025203252032520326 0.04871323529411765
1 0.4638211382113821 0.17830882352941177 0.03333333333333333 0.03860294117647059
2 0.6906504065040651 0.2109375 0.025203252032520326 0.030330882352941176
4 0.7142276422764228 0.23069852941176472 0.038211382113821135 0.03308823529411765
1 0.7837398373983739 0.2771139705882353 0.016260162601626018 0.019301470588235295
2 0.8199186991869919 0.30744485294117646 0.023577235772357725 0.024816176470588234
1 0.6703252032520325 0.234375 0.023577235772357725 0.027573529411764705
1 0.6313008130081301 0.21645220588235295 0.026829268292682926 0.030330882352941176
2 0.7361788617886179 0.2766544117647059 0.052845528455284556 0.042279411764705885
1 0.5203252032520326 0.20450367647058823 0.04390243902439024 0.04503676470588235
1 0.8747967479674796 0.6286764705882353 0.05040650406504065 0.0661764705882353
1 0.8451219512195122 0.7086397058823529 0.05609756097560976 0.0661764705882353
1 0.2097560975609756 0.2182904411764706 0.014634146341463415 0.03768382352941176
