1 0.5926267281105991 0.1208639705882353 0.012903225806451613 0.02665441176470588
2 0.5317972350230414 0.10064338235294118 0.025806451612903226 0.02297794117647059
2 0.9018433179723502 0.4834558823529412 0.06175115207373272 0.051470588235294115
1 0.8562211981566821 0.5739889705882353 0.06451612903225806 0.057904411764705885
3 0.35161290322580646 0.14568014705882354 0.01566820276497696 0.02665441176470588
3 0.4248847926267281 0.1254595588235294 0.012903225806451613 0.035845588235294115
3 0.11889400921658987 0.6888786764705882 0.04423963133640553 0.021139705882352942
2 0.03870967741935484 0.4875919117647059 0.020276497695852536 0.02665441176470588
1 0.04423963133640553 0.5137867647058824 0.027649769585253458 0.016544117647058824
1 0.06820276497695853 0.5376838235294118 0.035023041474654376 0.016544117647058824
1 0.16497695852534563 0.43566176470588236 0.04976958525345622 0.025735294117647058
1 0.32350230414746545 0.4195772058823529 0.07188940092165899 0.04503676470588235
1 0.33963133640552995 0.18290441176470587 0.02488479262672811 0.03308823529411765
1 0.21474654377880184 0.24724264705882354 0.025806451612903226 0.029411764705882353
3 0.10046082949308756 0.6934742647058824 0.035023041474654376 0.017463235294117647
