2 0.7165322580645161 0.40579044117647056 0.0814516129032258 0.09283088235294118
1 0.17096774193548386 0.6847426470588235 0.07903225806451612 0.0661764705882353
1 0.7205645161290323 0.36994485294117646 0.02338709677419355 0.024816176470588234
1 0.4798387096774194 0.23851102941176472 0.03387096774193549 0.043198529411764705
1 0.521774193548387 0.2702205882352941 0.037096774193548385 0.051470588235294115
1 0.5919354838709677 0.3083639705882353 0.04516129032258064 0.05238970588235294
1 0.6431451612903226 0.3000919117647059 0.02338709677419355 0.035845588235294115
1 0.644758064516129 0.38327205882352944 0.050806451612903224 0.051470588235294115
1 0.7032258064516129 0.4140625 0.041935483870967745 0.05974264705882353
1 0.7919354838709678 0.5266544117647058 0.043548387096774194 0.04595588235294118
1 0.7895161290322581 0.5514705882352942 0.0467741935483871 0.058823529411764705
1 0.25887096774193546 0.7274816176470589 0.06774193548387097 0.14430147058823528
1 0.882258064516129 0.6787683823529411 0.02903225806451613 0.04503676470588235
1 0.8629032258064516 0.6599264705882353 0.035483870967741936 0.04411764705882353
2 0.6633064516129032 0.46737132352941174 0.13306451612903225 0.15165441176470587
2 0.644758064516129 0.6052389705882353 0.2056451612903226 0.2545955882352941
2 0.7217741935483871 0.9283088235294118 0.11935483870967742 0.10294117647058823
2 0.3512096774193548 0.17095588235294118 0.05241935483870968 0.034926470588235295
2 0.380241935483871 0.20588235294117646 0.0717741935483871 0.04779411764705882
2 0.25806451612903225 0.2849264705882353 0.08870967741935484 0.11213235294117647
2 0.2786290322580645 0.17647058823529413 0.03951612903225806 0.027573529411764705
2 0.8592741935483871 0.7697610294117647 0.049193548387096775 0.09650735294117647
1 0.3004032258064516 0.19209558823529413 0.018548387096774192 0.025735294117647058
1 0.2786290322580645 0.19347426470588236 0.02338709677419355 0.030330882352941176
2 0.6326612903225807 0.22058823529411764 0.029838709677419355 0.027573529411764705
2 0.6580645161290323 0.21966911764705882 0.027419354838709678 0.03308823529411765
1 0.5883064516129032 0.20680147058823528 0.013709677419354839 0.01838235294117647
1 0.5721774193548387 0.20818014705882354 0.01532258064516129 0.017463235294117647
1 0.625 0.23253676470588236 0.016129032258064516 0.02022058823529412
