2 0.6560483870967742 0.22058823529411764 0.025 0.02389705882352941
2 0.6338709677419355 0.22380514705882354 0.03064516129032258 0.03216911764705882
1 0.5971774193548387 0.21783088235294118 0.01532258064516129 0.01838235294117647
1 0.6104838709677419 0.2270220588235294 0.017741935483870968 0.02022058823529412
1 0.6387096774193548 0.265625 0.020967741935483872 0.025735294117647058
1 0.5475806451612903 0.2890625 0.03870967741935484 0.050551470588235295
1 0.44233870967741934 0.21415441176470587 0.029838709677419355 0.042279411764705885
1 0.294758064516129 0.7081801470588235 0.11854838709677419 0.18106617647058823
2 0.6330645161290323 0.4260110294117647 0.1693548387096774 0.17371323529411764
1 0.7298387096774194 0.3818933823529412 0.024193548387096774 0.03400735294117647
2 0.27056451612903226 0.17555147058823528 0.04435483870967742 0.03308823529411765
2 0.3564516129032258 0.19163602941176472 0.06129032258064516 0.043198529411764705
1 0.3084677419354839 0.20588235294117646 0.03467741935483871 0.042279411764705885
1 0.742741935483871 0.3984375 0.027419354838709678 0.03216911764705882
1 0.7516129032258064 0.4108455882352941 0.025806451612903226 0.034926470588235295
