1 0.6153225806451613 0.7504595588235294 0.09193548387096774 0.11672794117647059
1 0.42338709677419356 0.8759191176470589 0.08387096774193549 0.13602941176470587
1 0.2870967741935484 0.19255514705882354 0.02258064516129032 0.03952205882352941
2 0.37943548387096776 0.19025735294117646 0.062096774193548386 0.04779411764705882
2 0.26370967741935486 0.17279411764705882 0.04032258064516129 0.025735294117647058
2 0.22862903225806452 0.18382352941176472 0.036290322580645164 0.03125
2 0.4991935483870968 0.42325367647058826 0.12741935483870967 0.17555147058823528
1 0.8032258064516129 0.5174632352941176 0.04032258064516129 0.04595588235294118
1 0.842741935483871 0.5647977941176471 0.037096774193548385 0.046875
1 0.8008064516129032 0.6410845588235294 0.06451612903225806 0.06893382352941177
2 0.8834677419354838 0.7316176470588235 0.04112903225806452 0.09558823529411764
2 0.8754032258064516 0.8106617647058824 0.036290322580645164 0.07536764705882353
1 0.7520161290322581 0.4085477941176471 0.025 0.03400735294117647
3 0.7286290322580645 0.37316176470588236 0.02661290322580645 0.03308823529411765
3 0.7366935483870968 0.3864889705882353 0.02338709677419355 0.03952205882352941
1 0.7322580645161291 0.38327205882352944 0.03064516129032258 0.03308823529411765
1 0.7451612903225806 0.39568014705882354 0.03064516129032258 0.035845588235294115
1 0.8032258064516129 0.5914522058823529 0.0532258064516129 0.04503676470588235
