2 0.7165322580645161 0.4053308823529412 0.0814516129032258 0.09375
1 0.17096774193548386 0.6847426470588235 0.07903225806451612 0.0661764705882353
1 0.7209677419354839 0.3694852941176471 0.024193548387096774 0.025735294117647058
1 0.525 0.2702205882352941 0.05 0.051470588235294115
1 0.33306451612903226 0.19806985294117646 0.03387096774193549 0.046875
1 0.3580645161290323 0.22380514705882354 0.03870967741935484 0.05422794117647059
1 0.392741935483871 0.9126838235294118 0.06774193548387097 0.10661764705882353
2 0.5915322580645161 0.3704044117647059 0.14596774193548387 0.13051470588235295
2 0.2794354838709677 0.17876838235294118 0.03951612903225806 0.030330882352941176
2 0.8721774193548387 0.8000919117647058 0.036290322580645164 0.0818014705882353
1 0.27741935483870966 0.19301470588235295 0.02258064516129032 0.029411764705882353
1 0.3040322580645161 0.1879595588235294 0.02258064516129032 0.03216911764705882
2 0.6346774193548387 0.22104779411764705 0.027419354838709678 0.02665441176470588
2 0.6580645161290323 0.22012867647058823 0.027419354838709678 0.03216911764705882
1 0.584274193548387 0.20772058823529413 0.013709677419354839 0.02022058823529412
1 0.6254032258064516 0.23253676470588236 0.01532258064516129 0.02022058823529412
1 0.6399193548387097 0.23621323529411764 0.01532258064516129 0.01838235294117647
