3 0.13125 0.48515625 0.040625 0.015625
3 0.198828125 0.34296875 0.03515625 0.0265625
3 0.168359375 0.340625 0.03515625 0.0234375
3 0.169140625 0.292578125 0.02265625 0.01953125
3 0.169140625 0.301171875 0.02890625 0.01953125
3 0.158203125 0.300390625 0.02734375 0.02265625
1 0.2625 0.19375 0.021875 0.021875
2 0.23046875 0.180078125 0.028125 0.02578125
2 0.20703125 0.187890625 0.0234375 0.02109375
2 0.187890625 0.19453125 0.01796875 0.0171875
1 0.314453125 0.151171875 0.01953125 0.02734375
1 0.297265625 0.15546875 0.01953125 0.0234375
2 0.38203125 0.128515625 0.0578125 0.03671875
2 0.388671875 0.1015625 0.02265625 0.021875
1 0.4515625 0.088671875 0.0125 0.02265625
1 0.429296875 0.09453125 0.01171875 0.01875
1 0.416015625 0.096875 0.01015625 0.0171875
1 0.4046875 0.09921875 0.0125 0.0203125
2 0.41875 0.08515625 0.021875 0.0171875
2 0.39375 0.085546875 0.01875 0.01484375
2 0.444921875 0.080859375 0.02265625 0.01953125
4 0.528515625 0.096484375 0.04453125 0.03359375
1 0.580078125 0.1140625 0.01796875 0.028125
3 0.6515625 0.14375 0.01875 0.034375
3 0.77734375 0.222265625 0.025 0.03359375
2 0.85703125 0.334375 0.0703125 0.075
2 0.91796875 0.401953125 0.0640625 0.06953125
1 0.96171875 0.526171875 0.0328125 0.01953125
2 0.989453125 0.599609375 0.02109375 0.05078125
1 0.780859375 0.78984375 0.04140625 0.0609375
2 0.748046875 0.89296875 0.06953125 0.053125
2 0.6484375 0.89375 0.10625 0.0625
2 0.396875 0.800390625 0.140625 0.11953125
