3 0.6967479674796748 0.6387867647058824 0.04878048780487805 0.08088235294117647
3 0.22764227642276422 0.24448529411764705 0.011382113821138212 0.025735294117647058
3 0.2528455284552846 0.23253676470588236 0.013008130081300813 0.02389705882352941
1 0.7808943089430894 0.21691176470588236 0.01869918699186992 0.022058823529411766
1 0.7 0.18933823529411764 0.01951219512195122 0.022058823529411766
1 0.6317073170731707 0.17463235294117646 0.024390243902439025 0.02389705882352941
1 0.6361788617886179 0.18106617647058823 0.026829268292682926 0.029411764705882353
1 0.6430894308943089 0.18566176470588236 0.026016260162601626 0.03308823529411765
2 0.8691056910569106 0.26608455882352944 0.026016260162601626 0.024816176470588234
2 0.8508130081300813 0.24586397058823528 0.025203252032520326 0.030330882352941176
2 0.09552845528455285 0.3943014705882353 0.03008130081300813 0.034926470588235295
2 0.07682926829268293 0.41590073529411764 0.01869918699186992 0.02849264705882353
2 0.06829268292682927 0.4453125 0.022764227642276424 0.03952205882352941
2 0.05731707317073171 0.44669117647058826 0.026829268292682926 0.034926470588235295
1 0.09024390243902439 0.41911764705882354 0.01788617886178862 0.027573529411764705
1 0.07560975609756097 0.4407169117647059 0.016260162601626018 0.024816176470588234
