2 0.98828125 0.45859375 0.019270833333333334 0.03177083333333333
2 0.9846354166666667 0.48541666666666666 0.0171875 0.022916666666666665
2 0.9768229166666667 0.47265625 0.019270833333333334 0.027604166666666666
2 0.8877604166666667 0.22890625 0.021354166666666667 0.019270833333333334
2 0.04140625 0.25442708333333336 0.0171875 0.025520833333333333
1 0.9786458333333333 0.5393229166666667 0.015625 0.009895833333333333
1 0.8088541666666667 0.44817708333333334 0.058333333333333334 0.0296875
1 0.48098958333333336 0.026041666666666668 0.0171875 0.028125
1 0.02734375 0.3078125 0.015104166666666667 0.009375
1 0.03359375 0.30052083333333335 0.0171875 0.011458333333333333
