1 0.1721774193548387 0.6856617647058824 0.08629032258064516 0.07352941176470588
1 0.15443548387096775 0.3538602941176471 0.04435483870967742 0.08088235294117647
1 0.1810483870967742 0.44025735294117646 0.050806451612903224 0.07904411764705882
1 0.4536290322580645 0.19071691176470587 0.036290322580645164 0.035845588235294115
1 0.5012096774193548 0.19393382352941177 0.029838709677419355 0.03308823529411765
2 0.30443548387096775 0.17693014705882354 0.04112903225806452 0.030330882352941176
1 0.43588709677419357 0.32996323529411764 0.049193548387096775 0.0974264705882353
2 0.7318548387096774 0.9393382352941176 0.11209677419354838 0.10110294117647059
1 0.7677419354838709 0.5220588235294118 0.06451612903225806 0.06801470588235294
1 0.3588709677419355 0.7385110294117647 0.07580645161290323 0.15716911764705882
1 0.6508064516129032 0.26608455882352944 0.020967741935483872 0.02665441176470588
1 0.6141129032258065 0.2693014705882353 0.02338709677419355 0.029411764705882353
1 0.6387096774193548 0.33088235294117646 0.03064516129032258 0.058823529411764705
1 0.6120967741935484 0.3428308823529412 0.035483870967741936 0.06433823529411764
2 0.8850806451612904 0.8442095588235294 0.049193548387096775 0.078125
2 0.8665322580645162 0.7702205882352942 0.04758064516129032 0.0900735294117647
1 0.8358870967741936 0.6856617647058824 0.049193548387096775 0.05330882352941176
1 0.8133064516129033 0.7573529411764706 0.049193548387096775 0.07904411764705882
1 0.6830645161290323 0.4522058823529412 0.054838709677419356 0.08088235294117647
1 0.7431451612903226 0.3975183823529412 0.021774193548387097 0.030330882352941176
1 0.7524193548387097 0.4103860294117647 0.024193548387096774 0.035845588235294115
1 0.7310483870967742 0.3837316176470588 0.02338709677419355 0.02849264705882353
3 0.6923387096774194 0.5160845588235294 0.05241935483870968 0.057904411764705885
3 0.7108870967741936 0.5326286764705882 0.05725806451612903 0.07261029411764706
3 0.725 0.5914522058823529 0.07096774193548387 0.0744485294117647
3 0.7217741935483871 0.6351102941176471 0.05967741935483871 0.0661764705882353
3 0.7419354838709677 0.6277573529411765 0.06612903225806452 0.058823529411764705
1 0.8431451612903226 0.8363970588235294 0.04112903225806452 0.051470588235294115
1 0.8153225806451613 0.9255514705882353 0.037096774193548385 0.04779411764705882
3 0.7028225806451613 0.921875 0.09596774193548387 0.051470588235294115
2 0.5596774193548387 0.22150735294117646 0.06290322580645161 0.034926470588235295
2 0.4415322580645161 0.9476102941176471 0.2524193548387097 0.10477941176470588
