2 0.47314814814814815 0.07123161764705882 0.07592592592592592 0.057904411764705885
2 0.8393518518518519 0.1484375 0.032407407407407406 0.03216911764705882
4 0.7935185185185185 0.13005514705882354 0.053703703703703705 0.043198529411764705
1 0.8731481481481481 0.15395220588235295 0.016666666666666666 0.015625
2 0.5569444444444445 0.10064338235294118 0.10648148148148148 0.05974264705882353
2 0.4310185185185185 0.17049632352941177 0.14537037037037037 0.09650735294117647
2 0.1449074074074074 0.3635110294117647 0.0824074074074074 0.12408088235294118
1 0.05185185185185185 0.49494485294117646 0.03518518518518519 0.030330882352941176
1 0.5324074074074074 0.7991727941176471 0.044444444444444446 0.0818014705882353
1 0.5884259259259259 0.8042279411764706 0.04351851851851852 0.0661764705882353
0 0.8768518518518519 0.19347426470588236 0.07222222222222222 0.05974264705882353
0 0.06481481481481481 0.6112132352941176 0.10555555555555556 0.15257352941176472
0 0.09768518518518518 0.18566176470588236 0.03796296296296296 0.04411764705882353
2 0.0712962962962963 0.25735294117647056 0.022222222222222223 0.027573529411764705
1 0.06342592592592593 0.28170955882352944 0.023148148148148147 0.021139705882352942
1 0.05740740740740741 0.29503676470588236 0.022222222222222223 0.016544117647058824
1 0.05138888888888889 0.31433823529411764 0.021296296296296296 0.02022058823529412
1 0.09027777777777778 0.3092830882352941 0.03611111111111111 0.02297794117647059
1 0.03287037037037037 0.5252757352941176 0.03611111111111111 0.017463235294117647
2 0.1111111111111111 0.6686580882352942 0.053703703703703705 0.05606617647058824
2 0.05416666666666667 0.7109375 0.026851851851851852 0.030330882352941176
2 0.5402777777777777 0.953125 0.06018518518518518 0.03676470588235294
