2 0.5299539170506913 0.109375 0.027649769585253458 0.029411764705882353
3 0.3990783410138249 0.8207720588235294 0.03870967741935484 0.06433823529411764
1 0.3032258064516129 0.7536764705882353 0.05714285714285714 0.04595588235294118
2 0.017050691244239632 0.4912683823529412 0.02119815668202765 0.019301470588235295
2 0.3193548387096774 0.296875 0.10967741935483871 0.06801470588235294
2 0.44516129032258067 0.3272058823529412 0.1880184331797235 0.10294117647058823
2 0.7377880184331798 0.21277573529411764 0.07649769585253456 0.046875
1 0.0728110599078341 0.5340073529411765 0.035023041474654376 0.022058823529411766
1 0.20506912442396313 0.6282169117647058 0.07649769585253456 0.03400735294117647
1 0.6423963133640553 0.6364889705882353 0.05161290322580645 0.07628676470588236
1 0.8917050691244239 0.2849264705882353 0.02304147465437788 0.022058823529411766
1 0.2350230414746544 0.23161764705882354 0.029493087557603687 0.029411764705882353
