2 0.9125 0.7002604166666667 0.025 0.04635416666666667
2 0.9333333333333333 0.26223958333333336 0.015625 0.016145833333333335
1 0.49661458333333336 0.0796875 0.021354166666666667 0.034375
3 0.9447916666666667 0.4434895833333333 0.025 0.009895833333333333
3 0.9171875 0.39765625 0.026041666666666668 0.0140625
1 0.5822916666666667 0.14973958333333334 0.020833333333333332 0.04010416666666667
1 0.6140625 0.12864583333333332 0.021875 0.03229166666666667
1 0.5359375 0.10208333333333333 0.020833333333333332 0.03854166666666667
1 0.59296875 0.12161458333333333 0.024479166666666666 0.030729166666666665
2 0.9375 0.2947916666666667 0.015625 0.019791666666666666
1 0.9135416666666667 0.6223958333333334 0.023958333333333335 0.01875
1 0.89921875 0.6455729166666667 0.0296875 0.024479166666666666
1 0.55234375 0.09947916666666666 0.019270833333333334 0.03333333333333333
1 0.5953125 0.14270833333333333 0.020833333333333332 0.0375
1 0.9184895833333333 0.6114583333333333 0.0265625 0.025
1 0.51484375 0.10234375 0.0203125 0.0390625
1 0.6174479166666667 0.14348958333333334 0.0265625 0.0390625
1 0.4921875 0.80234375 0.03333333333333333 0.0484375
2 0.89296875 0.70546875 0.0328125 0.049479166666666664
1 0.4552083333333333 0.84609375 0.030208333333333334 0.0421875
1 0.5653645833333333 0.14973958333333334 0.022395833333333334 0.0421875
2 0.8859375 0.7421875 0.025 0.0375
2 0.8791666666666667 0.22786458333333334 0.026041666666666668 0.025520833333333333
2 0.42994791666666665 0.6567708333333333 0.14322916666666666 0.1125
1 0.5729166666666666 0.10234375 0.01875 0.0328125
2 0.8447916666666667 0.16223958333333333 0.01875 0.0171875
1 0.52578125 0.7822916666666667 0.0421875 0.053125
2 0.83984375 0.19765625 0.0328125 0.0265625
1 0.16666666666666666 0.38229166666666664 0.029166666666666667 0.0375
2 0.2916666666666667 0.7080729166666667 0.09375 0.07447916666666667
4 0.7885416666666667 0.1484375 0.042708333333333334 0.03333333333333333
1 0.21770833333333334 0.32786458333333335 0.036458333333333336 0.0390625
1 0.19661458333333334 0.3497395833333333 0.0328125 0.0390625
1 0.18671875 0.36484375 0.0328125 0.04010416666666667
2 0.3453125 0.7684895833333333 0.10833333333333334 0.07135416666666666
