1 0.17258064516129032 0.6870404411764706 0.07903225806451612 0.06709558823529412
1 0.7298387096774194 0.3837316176470588 0.025806451612903226 0.030330882352941176
1 0.7435483870967742 0.39797794117647056 0.025806451612903226 0.03125
1 0.7504032258064516 0.4117647058823529 0.025 0.03125
1 0.802016129032258 0.5197610294117647 0.055645161290322584 0.04136029411764706
1 0.7919354838709678 0.5372242647058824 0.04516129032258064 0.04503676470588235
1 0.8161290322580645 0.8589154411764706 0.05161290322580645 0.05238970588235294
1 0.42016129032258065 0.5597426470588235 0.05806451612903226 0.1213235294117647
1 0.6286290322580645 0.3083639705882353 0.028225806451612902 0.046875
1 0.6943548387096774 0.3795955882352941 0.03870967741935484 0.05514705882352941
1 0.3709677419354839 0.41222426470588236 0.0467741935483871 0.08915441176470588
1 0.36370967741935484 0.23023897058823528 0.02258064516129032 0.04503676470588235
1 0.3346774193548387 0.1714154411764706 0.017741935483870968 0.02849264705882353
1 0.3657258064516129 0.17738970588235295 0.021774193548387097 0.029411764705882353
1 0.4120967741935484 0.17784926470588236 0.024193548387096774 0.024816176470588234
1 0.4971774193548387 0.19347426470588236 0.025 0.02849264705882353
1 0.4411290322580645 0.18520220588235295 0.025806451612903226 0.024816176470588234
1 0.5435483870967742 0.20496323529411764 0.027419354838709678 0.027573529411764705
2 0.47419354838709676 0.21277573529411764 0.0967741935483871 0.04503676470588235
2 0.5649193548387097 0.22058823529411764 0.049193548387096775 0.03676470588235294
2 0.27983870967741936 0.17738970588235295 0.041935483870967745 0.03308823529411765
2 0.8673387096774193 0.7720588235294118 0.050806451612903224 0.0900735294117647
2 0.2245967741935484 0.18566176470588236 0.03306451612903226 0.034926470588235295
2 0.24919354838709679 0.1479779411764706 0.01935483870967742 0.016544117647058824
2 0.30201612903225805 0.16636029411764705 0.029838709677419355 0.027573529411764705
2 0.6028225806451613 0.22150735294117646 0.03306451612903226 0.029411764705882353
2 0.65 0.22748161764705882 0.025806451612903226 0.02665441176470588
1 0.6237903225806452 0.23759191176470587 0.016935483870967744 0.019301470588235295
1 0.605241935483871 0.24494485294117646 0.018548387096774192 0.02297794117647059
1 0.7915322580645161 0.6052389705882353 0.04596774193548387 0.03768382352941176
1 0.8459677419354839 0.6378676470588235 0.037096774193548385 0.03308823529411765
1 0.8129032258064516 0.6645220588235294 0.05 0.051470588235294115
