2 0.30040650406504066 0.1796875 0.034959349593495934 0.02849264705882353
2 0.3983739837398374 0.16681985294117646 0.04065040650406504 0.03400735294117647
1 0.8699186991869918 0.6148897058823529 0.03414634146341464 0.025735294117647058
1 0.8617886178861789 0.6677389705882353 0.04065040650406504 0.03952205882352941
1 0.8471544715447155 0.6994485294117647 0.04390243902439024 0.05698529411764706
4 0.13739837398373983 0.2545955882352941 0.061788617886178863 0.08639705882352941
2 0.4841463414634146 0.24586397058823528 0.15040650406504066 0.06893382352941177
1 0.774390243902439 0.3851102941176471 0.03170731707317073 0.04044117647058824
1 0.8308943089430895 0.38556985294117646 0.01951219512195122 0.024816176470588234
1 0.7085365853658536 0.24770220588235295 0.015447154471544716 0.021139705882352942
2 0.7479674796747967 0.28860294117647056 0.04715447154471545 0.03860294117647059
2 0.8089430894308943 0.3313419117647059 0.03414634146341464 0.03768382352941176
2 0.11991869918699187 0.41544117647058826 0.11626016260162601 0.11764705882352941
1 0.4959349593495935 0.18382352941176472 0.030894308943089432 0.03308823529411765
1 0.6959349593495935 0.2265625 0.01788617886178862 0.03216911764705882
1 0.49308943089430896 0.20542279411764705 0.041463414634146344 0.03216911764705882
