3 0.33224489795918366 0.8125 0.0653061224489796 0.08088235294117647
1 0.15061224489795919 0.35983455882352944 0.05795918367346939 0.09466911764705882
1 0.23755102040816325 0.7913602941176471 0.0963265306122449 0.11397058823529412
1 0.6959183673469388 0.3350183823529412 0.0236734693877551 0.035845588235294115
2 0.35918367346938773 0.14292279411764705 0.0473469387755102 0.02849264705882353
2 0.40938775510204084 0.16084558823529413 0.053061224489795916 0.029411764705882353
2 0.7906122448979592 0.4540441176470588 0.053061224489795916 0.07352941176470588
1 0.5453061224489796 0.21001838235294118 0.022857142857142857 0.030330882352941176
1 0.5012244897959184 0.24770220588235295 0.03918367346938775 0.04503676470588235
1 0.5848979591836735 0.2113970588235294 0.017142857142857144 0.022058823529411766
1 0.5983673469387755 0.21553308823529413 0.013061224489795919 0.02297794117647059
1 0.5669387755102041 0.22794117647058823 0.017142857142857144 0.027573529411764705
1 0.5853061224489796 0.22931985294117646 0.02122448979591837 0.02665441176470588
1 0.6142857142857143 0.22472426470588236 0.013877551020408163 0.019301470588235295
1 0.6183673469387755 0.23345588235294118 0.018775510204081632 0.02022058823529412
1 0.6289795918367347 0.23529411764705882 0.017142857142857144 0.022058823529411766
1 0.6420408163265307 0.23851102941176472 0.017142857142857144 0.02297794117647059
2 0.643265306122449 0.2265625 0.024489795918367346 0.024816176470588234
2 0.6632653061224489 0.22564338235294118 0.02040816326530612 0.024816176470588234
2 0.6710204081632654 0.21966911764705882 0.017959183673469388 0.02389705882352941
1 0.6628571428571428 0.23805147058823528 0.013061224489795919 0.01838235294117647
1 0.6816326530612244 0.23713235294117646 0.014693877551020407 0.02022058823529412
1 0.27224489795918366 0.14292279411764705 0.008979591836734694 0.017463235294117647
1 0.20326530612244897 0.22058823529411764 0.017959183673469388 0.034926470588235295
2 0.22693877551020408 0.15625 0.017959183673469388 0.01838235294117647
2 0.24 0.15992647058823528 0.02122448979591837 0.02389705882352941
2 0.25510204081632654 0.16911764705882354 0.03346938775510204 0.027573529411764705
1 0.26857142857142857 0.17463235294117646 0.013061224489795919 0.02389705882352941
1 0.34285714285714286 0.21507352941176472 0.024489795918367346 0.042279411764705885
1 0.35918367346938773 0.234375 0.031020408163265307 0.04963235294117647
3 0.17224489795918368 0.23023897058823528 0.02122448979591837 0.035845588235294115
1 0.32040816326530613 0.20404411764705882 0.02857142857142857 0.042279411764705885
1 0.8775510204081632 0.6364889705882353 0.035918367346938776 0.04503676470588235
2 0.7706122448979592 0.5560661764705882 0.13877551020408163 0.17463235294117646
2 0.8836734693877552 0.8432904411764706 0.03346938775510204 0.05422794117647059
2 0.2897959183673469 0.18382352941176472 0.04081632653061224 0.03125
