1 0.03306122448979592 0.6452205882352942 0.03510204081632653 0.07904411764705882
2 0.7763265306122449 0.34191176470588236 0.014693877551020407 0.014705882352941176
0 0.7538775510204082 0.3244485294117647 0.03346938775510204 0.034926470588235295
1 0.7171428571428572 0.31204044117647056 0.008979591836734694 0.015625
1 0.7277551020408163 0.3161764705882353 0.012244897959183673 0.01838235294117647
1 0.7383673469387755 0.32536764705882354 0.008979591836734694 0.014705882352941176
1 0.29591836734693877 0.21185661764705882 0.012244897959183673 0.015625
2 0.2648979591836735 0.21461397058823528 0.025306122448979593 0.017463235294117647
1 0.8661224489795918 0.47794117647058826 0.017959183673469388 0.01838235294117647
1 0.7244897959183674 0.3391544117647059 0.022040816326530613 0.025735294117647058
1 0.20938775510204083 0.2665441176470588 0.026938775510204082 0.029411764705882353
2 0.5089795918367347 0.27159926470588236 0.09714285714285714 0.04503676470588235
