2 0.2995934959349594 0.1801470588235294 0.03170731707317073 0.034926470588235295
2 0.3983739837398374 0.16498161764705882 0.03739837398373984 0.02849264705882353
1 0.8691056910569106 0.6208639705882353 0.03577235772357724 0.04871323529411765
1 0.8577235772357723 0.6659007352941176 0.04227642276422764 0.03768382352941176
1 0.7666666666666667 0.26746323529411764 0.01788617886178862 0.027573529411764705
1 0.8065040650406504 0.29825367647058826 0.011382113821138212 0.017463235294117647
1 0.816260162601626 0.31112132352941174 0.008130081300813009 0.013786764705882353
1 0.7910569105691057 0.29963235294117646 0.01951219512195122 0.027573529411764705
3 0.823170731707317 0.32766544117647056 0.01056910569105691 0.019301470588235295
4 0.141869918699187 0.2536764705882353 0.07235772357723577 0.08823529411764706
1 0.44146341463414634 0.5202205882352942 0.056910569105691054 0.12316176470588236
1 0.12804878048780488 0.5243566176470589 0.06747967479674796 0.06525735294117647
1 0.1678861788617886 0.6162683823529411 0.0983739837398374 0.08547794117647059
1 0.15772357723577235 0.7113970588235294 0.08617886178861789 0.06066176470588235
1 0.7833333333333333 0.6732536764705882 0.06910569105691057 0.07077205882352941
2 0.8532520325203252 0.31985294117647056 0.013821138211382113 0.01838235294117647
