4 0.13333333333333333 0.24908088235294118 0.06504065040650407 0.07352941176470588
2 0.2991869918699187 0.17784926470588236 0.03902439024390244 0.03952205882352941
2 0.39471544715447154 0.16819852941176472 0.046341463414634146 0.03676470588235294
1 0.34227642276422765 0.18841911764705882 0.024390243902439025 0.04595588235294118
4 0.6894308943089431 0.40119485294117646 0.12682926829268293 0.109375
2 0.5995934959349594 0.8258272058823529 0.1796747967479675 0.3134191176470588
1 0.8686991869918699 0.6204044117647058 0.041463414634146344 0.04595588235294118
1 0.8626016260162601 0.6769301470588235 0.05040650406504065 0.057904411764705885
1 0.8532520325203252 0.7095588235294118 0.04959349593495935 0.05514705882352941
2 0.8211382113821138 0.29871323529411764 0.01788617886178862 0.022058823529411766
1 0.7439024390243902 0.2766544117647059 0.01951219512195122 0.029411764705882353
2 0.8333333333333334 0.3272058823529412 0.024390243902439025 0.029411764705882353
2 0.6487804878048781 0.23529411764705882 0.07804878048780488 0.051470588235294115
2 0.624390243902439 0.31066176470588236 0.13821138211382114 0.09558823529411764
2 0.11910569105691057 0.3010110294117647 0.07560975609756097 0.07996323529411764
