2 0.29878048780487804 0.17601102941176472 0.036585365853658534 0.03952205882352941
1 0.8695121951219512 0.6153492647058824 0.036585365853658534 0.046875
1 0.8617886178861789 0.6636029411764706 0.04715447154471545 0.051470588235294115
1 0.8451219512195122 0.7017463235294118 0.046341463414634146 0.05422794117647059
2 0.3959349593495935 0.16590073529411764 0.04390243902439024 0.04136029411764706
1 0.4959349593495935 0.18520220588235295 0.02926829268292683 0.03216911764705882
1 0.2410569105691057 0.2509191176470588 0.04796747967479675 0.0625
1 0.38983739837398373 0.2192095588235294 0.05934959349593496 0.05422794117647059
1 0.17276422764227642 0.2624080882352941 0.03983739837398374 0.04871323529411765
2 0.1016260162601626 0.32306985294117646 0.07317073170731707 0.09650735294117647
1 0.5849593495934959 0.3469669117647059 0.07560975609756097 0.08547794117647059
1 0.774390243902439 0.27068014705882354 0.013821138211382113 0.017463235294117647
1 0.6955284552845529 0.23529411764705882 0.02195121951219512 0.029411764705882353
1 0.6333333333333333 0.22150735294117646 0.02926829268292683 0.027573529411764705
2 0.7560975609756098 0.2927389705882353 0.055284552845528454 0.043198529411764705
2 0.8386178861788618 0.32950367647058826 0.02032520325203252 0.03216911764705882
2 0.6199186991869918 0.2587316176470588 0.108130081300813 0.057904411764705885
4 0.13211382113821138 0.25735294117647056 0.06910569105691057 0.08823529411764706
