0 0.8048387096774193 0.8318014705882353 0.23548387096774193 0.33639705882352944
1 0.9201612903225806 0.6677389705882353 0.05 0.08547794117647059
1 0.7379032258064516 0.24908088235294118 0.04032258064516129 0.04411764705882353
1 0.7258064516129032 0.2867647058823529 0.03225806451612903 0.0625
1 0.6741935483870968 0.36075367647058826 0.0532258064516129 0.09283088235294118
1 0.7370967741935484 0.3492647058823529 0.037096774193548385 0.08455882352941177
1 0.8213709677419355 0.40349264705882354 0.03467741935483871 0.06801470588235294
1 0.8262096774193548 0.3602941176470588 0.03951612903225806 0.042279411764705885
1 0.8233870967741935 0.3336397058823529 0.037096774193548385 0.03308823529411765
1 0.8274193548387097 0.3092830882352941 0.03064516129032258 0.03400735294117647
1 0.8120967741935484 0.2688419117647059 0.027419354838709678 0.03768382352941176
1 0.8733870967741936 0.4338235294117647 0.04516129032258064 0.04411764705882353
1 0.85 0.484375 0.04516129032258064 0.0625
1 0.8685483870967742 0.47931985294117646 0.043548387096774194 0.05238970588235294
1 0.8870967741935484 0.47794117647058826 0.04838709677419355 0.04595588235294118
1 0.905241935483871 0.5142463235294118 0.04112903225806452 0.04503676470588235
1 0.7967741935483871 0.4875919117647059 0.05806451612903226 0.109375
1 0.7475806451612903 0.4678308823529412 0.056451612903225805 0.08639705882352941
