2 0.8872395833333333 0.228125 0.0203125 0.01875
2 0.9778645833333334 0.47291666666666665 0.0203125 0.029166666666666667
3 0.8611979166666667 0.15885416666666666 0.0140625 0.011458333333333333
3 0.84921875 0.6005208333333333 0.0421875 0.020833333333333332
3 0.20572916666666666 0.12630208333333334 0.017708333333333333 0.025520833333333333
1 0.7697916666666667 0.24609375 0.041666666666666664 0.0484375
1 0.86640625 0.5427083333333333 0.04739583333333333 0.027083333333333334
1 0.9526041666666667 0.62421875 0.01875 0.011979166666666667
1 0.8130208333333333 0.14505208333333333 0.01875 0.027604166666666666
1 0.7802083333333333 0.11640625 0.019791666666666666 0.027604166666666666
1 0.153125 0.2453125 0.035416666666666666 0.030208333333333334
2 0.16979166666666667 0.35963541666666665 0.09270833333333334 0.06822916666666666
2 0.024739583333333332 0.321875 0.018229166666666668 0.019791666666666666
2 0.09895833333333333 0.19583333333333333 0.027083333333333334 0.029166666666666667
2 0.16458333333333333 0.20625 0.071875 0.07916666666666666
2 0.7760416666666666 0.07734375 0.020833333333333332 0.024479166666666666
2 0.9427083333333334 0.525 0.030208333333333334 0.03958333333333333
2 0.8463541666666666 0.21770833333333334 0.041666666666666664 0.05625
2 0.6106770833333334 0.007552083333333333 0.030729166666666665 0.0140625
2 0.10338541666666666 0.23984375 0.03697916666666667 0.0328125
2 0.63984375 0.16171875 0.1203125 0.0796875
2 0.8294270833333334 0.15052083333333333 0.028645833333333332 0.035416666666666666
