3 0.04153225806451613 0.6681985294117647 0.020161290322580645 0.029411764705882353
2 0.4814516129032258 0.08869485294117647 0.02258064516129032 0.021139705882352942
1 0.7830645161290323 0.3428308823529412 0.037096774193548385 0.04963235294117647
1 0.7616935483870968 0.36580882352941174 0.04758064516129032 0.07169117647058823
1 0.7459677419354839 0.4163602941176471 0.07258064516129033 0.11029411764705882
1 0.8975806451612903 0.7817095588235294 0.037096774193548385 0.07077205882352941
1 0.8278225806451613 0.4866727941176471 0.04758064516129032 0.078125
1 0.8475806451612903 0.44025735294117646 0.041935483870967745 0.0625
1 0.8487903225806451 0.38556985294117646 0.02338709677419355 0.04136029411764706
1 0.8766129032258064 0.3915441176470588 0.024193548387096774 0.05514705882352941
1 0.882258064516129 0.44577205882352944 0.03387096774193549 0.03676470588235294
1 0.8935483870967742 0.47380514705882354 0.04516129032258064 0.04871323529411765
1 0.8987903225806452 0.5165441176470589 0.04596774193548387 0.04595588235294118
1 0.8927419354838709 0.5560661764705882 0.037096774193548385 0.04595588235294118
1 0.9100806451612903 0.5827205882352942 0.04435483870967742 0.05330882352941176
1 0.8927419354838709 0.5827205882352942 0.043548387096774194 0.04779411764705882
1 0.8806451612903226 0.6079963235294118 0.04838709677419355 0.06525735294117647
1 0.9125 0.6452205882352942 0.03951612903225806 0.06801470588235294
1 0.9229838709677419 0.6934742647058824 0.03306451612903226 0.06709558823529412
2 0.7467741935483871 0.9485294117647058 0.11290322580645161 0.10294117647058823
