2 0.30040650406504066 0.17555147058823528 0.036585365853658534 0.03676470588235294
2 0.39796747967479673 0.16590073529411764 0.038211382113821135 0.035845588235294115
2 0.48252032520325205 0.16681985294117646 0.03333333333333333 0.030330882352941176
1 0.34146341463414637 0.1879595588235294 0.026016260162601626 0.043198529411764705
1 0.308130081300813 0.19439338235294118 0.01788617886178862 0.03216911764705882
1 0.20894308943089432 0.2182904411764706 0.014634146341463415 0.03952205882352941
2 0.09308943089430895 0.3492647058823529 0.05447154471544716 0.08272058823529412
2 0.8516260162601627 0.328125 0.015447154471544716 0.02022058823529412
2 0.816260162601626 0.28952205882352944 0.02113821138211382 0.025735294117647058
2 0.7959349593495935 0.3000919117647059 0.027642276422764227 0.035845588235294115
2 0.8178861788617886 0.3350183823529412 0.02926829268292683 0.035845588235294115
2 0.8727642276422765 0.3648897058823529 0.013821138211382113 0.02022058823529412
1 0.39471544715447154 0.19761029411764705 0.044715447154471545 0.03860294117647059
4 0.8394308943089431 0.40579044117647056 0.07886178861788617 0.10753676470588236
1 0.8723577235772357 0.6199448529411765 0.04227642276422764 0.06525735294117647
1 0.24065040650406505 0.20588235294117646 0.01951219512195122 0.03860294117647059
1 0.1983739837398374 0.22518382352941177 0.013008130081300813 0.03308823529411765
