1 0.17258064516129032 0.6870404411764706 0.07903225806451612 0.06709558823529412
1 0.7298387096774194 0.3828125 0.025806451612903226 0.02849264705882353
1 0.742741935483871 0.3984375 0.024193548387096774 0.02849264705882353
1 0.7495967741935484 0.4117647058823529 0.025 0.03125
1 0.5616935483870967 0.28722426470588236 0.03467741935483871 0.04871323529411765
1 0.5903225806451613 0.34237132352941174 0.05161290322580645 0.06341911764705882
1 0.5254032258064516 0.30514705882352944 0.050806451612903224 0.058823529411764705
1 0.7987903225806452 0.5528492647058824 0.049193548387096775 0.046875
1 0.7923387096774194 0.5974264705882353 0.03790322580645161 0.05330882352941176
1 0.4157258064516129 0.21461397058823528 0.029838709677419355 0.04503676470588235
2 0.2911290322580645 0.18382352941176472 0.03870967741935484 0.03308823529411765
2 0.25967741935483873 0.171875 0.03225806451612903 0.027573529411764705
1 0.5717741935483871 0.20772058823529413 0.016129032258064516 0.022058823529411766
2 0.6540322580645161 0.22840073529411764 0.024193548387096774 0.02297794117647059
2 0.6358870967741935 0.23023897058823528 0.02661290322580645 0.024816176470588234
