3 0.32016129032258067 0.8405330882352942 0.06451612903225806 0.08363970588235294
2 0.5915322580645161 0.48391544117647056 0.13951612903225807 0.13143382352941177
1 0.792741935483871 0.5974264705882353 0.017741935483870968 0.02022058823529412
1 0.817741935483871 0.6125919117647058 0.017741935483870968 0.017463235294117647
1 0.8306451612903226 0.6424632352941176 0.01935483870967742 0.02022058823529412
2 0.8225806451612904 0.5919117647058824 0.03225806451612903 0.03676470588235294
2 0.8125 0.6594669117647058 0.03306451612903226 0.04136029411764706
1 0.4959677419354839 0.19347426470588236 0.01935483870967742 0.024816176470588234
1 0.5108870967741935 0.19806985294117646 0.025 0.030330882352941176
1 0.7729838709677419 0.8745404411764706 0.03951612903225806 0.043198529411764705
1 0.7600806451612904 0.9264705882352942 0.03467741935483871 0.03676470588235294
1 0.7701612903225806 0.9149816176470589 0.03387096774193549 0.035845588235294115
