3 0.3273469387755102 0.8175551470588235 0.07020408163265306 0.0818014705882353
1 0.15142857142857144 0.3602941176470588 0.0563265306122449 0.09558823529411764
1 0.23755102040816325 0.7918198529411765 0.09795918367346938 0.1130514705882353
1 0.6951020408163265 0.33455882352941174 0.0236734693877551 0.03860294117647059
2 0.35959183673469386 0.14338235294117646 0.04653061224489796 0.027573529411764705
2 0.4122448979591837 0.1640625 0.05714285714285714 0.035845588235294115
2 0.7906122448979592 0.45358455882352944 0.054693877551020405 0.0744485294117647
1 0.5689795918367347 0.47794117647058826 0.0783673469387755 0.10110294117647059
1 0.513061224489796 0.24448529411764705 0.030204081632653063 0.042279411764705885
1 0.3640816326530612 0.32950367647058826 0.045714285714285714 0.08547794117647059
1 0.7575510204081632 0.7366727941176471 0.08 0.07077205882352941
4 0.7820408163265307 0.5749080882352942 0.15346938775510205 0.20680147058823528
3 0.6914285714285714 0.3088235294117647 0.017959183673469388 0.02389705882352941
1 0.5387755102040817 0.20726102941176472 0.027755102040816326 0.02849264705882353
1 0.5836734693877551 0.20680147058823528 0.0163265306122449 0.022058823529411766
1 0.6134693877551021 0.2265625 0.015510204081632653 0.024816176470588234
1 0.626938775510204 0.2270220588235294 0.017959183673469388 0.025735294117647058
1 0.5873469387755103 0.22426470588235295 0.026938775510204082 0.027573529411764705
1 0.5657142857142857 0.22748161764705882 0.017959183673469388 0.030330882352941176
1 0.23591836734693877 0.3727022058823529 0.045714285714285714 0.10018382352941177
2 0.6477551020408163 0.22886029411764705 0.025306122448979593 0.022058823529411766
2 0.6616326530612245 0.2265625 0.02040816326530612 0.021139705882352942
2 0.6730612244897959 0.22426470588235295 0.02040816326530612 0.02022058823529412
1 0.676734693877551 0.28860294117647056 0.024489795918367346 0.029411764705882353
1 0.6710204081632654 0.2610294117647059 0.017959183673469388 0.025735294117647058
1 0.6644897959183673 0.24080882352941177 0.014693877551020407 0.022058823529411766
1 0.7008163265306122 0.24310661764705882 0.012244897959183673 0.015625
1 0.6644897959183673 0.33088235294117646 0.0326530612244898 0.042279411764705885
2 0.6297959183673469 0.26516544117647056 0.04326530612244898 0.043198529411764705
1 0.7412244897959184 0.43704044117647056 0.04081632653061224 0.05238970588235294
2 0.7693877551020408 0.5036764705882353 0.09714285714285714 0.11764705882352941
2 0.2530612244897959 0.14154411764705882 0.0163265306122449 0.016544117647058824
2 0.23020408163265307 0.14430147058823528 0.0163265306122449 0.01838235294117647
2 0.25020408163265306 0.1484375 0.018775510204081632 0.021139705882352942
1 0.2595918367346939 0.14705882352941177 0.011428571428571429 0.016544117647058824
1 0.26979591836734695 0.14981617647058823 0.012244897959183673 0.02022058823529412
2 0.21387755102040817 0.15946691176470587 0.02122448979591837 0.017463235294117647
2 0.22081632653061226 0.17049632352941177 0.022040816326530613 0.019301470588235295
2 0.29183673469387755 0.16038602941176472 0.03510204081632653 0.024816176470588234
1 0.28448979591836737 0.16590073529411764 0.013877551020408163 0.019301470588235295
1 0.2693877551020408 0.17325367647058823 0.0163265306122449 0.02849264705882353
1 0.20204081632653062 0.17693014705882354 0.010612244897959184 0.017463235294117647
1 0.2069387755102041 0.19117647058823528 0.017142857142857144 0.02389705882352941
1 0.21755102040816326 0.20772058823529413 0.018775510204081632 0.03308823529411765
1 0.2559183673469388 0.19944852941176472 0.018775510204081632 0.034926470588235295
1 0.21387755102040817 0.23897058823529413 0.02122448979591837 0.04044117647058824
1 0.19959183673469388 0.2725183823529412 0.02857142857142857 0.06158088235294118
1 0.26326530612244897 0.2647058823529412 0.030204081632653063 0.06066176470588235
1 0.3436734693877551 0.2182904411764706 0.027755102040816326 0.043198529411764705
1 0.36244897959183675 0.23575367647058823 0.029387755102040815 0.05606617647058824
2 0.29061224489795917 0.18336397058823528 0.03918367346938775 0.035845588235294115
2 0.8853061224489795 0.8290441176470589 0.02857142857142857 0.06066176470588235
2 0.5853061224489796 0.7610294117647058 0.24816326530612245 0.28308823529411764
2 0.8436734693877551 0.8979779411764706 0.04326530612244898 0.06066176470588235
1 0.8714285714285714 0.6125919117647058 0.02857142857142857 0.043198529411764705
