1 0.341869918699187 0.18566176470588236 0.01707317073170732 0.03676470588235294
1 0.3048780487804878 0.19209558823529413 0.016260162601626018 0.03125
1 0.525609756097561 0.19898897058823528 0.03170731707317073 0.03400735294117647
1 0.20447154471544715 0.22012867647058823 0.026829268292682926 0.03952205882352941
1 0.12398373983739837 0.2725183823529412 0.03333333333333333 0.04136029411764706
2 0.0959349593495935 0.3161764705882353 0.04065040650406504 0.0625
2 0.3951219512195122 0.16681985294117646 0.04390243902439024 0.035845588235294115
2 0.48089430894308943 0.16819852941176472 0.041463414634146344 0.03308823529411765
2 0.2975609756097561 0.18060661764705882 0.03577235772357724 0.030330882352941176
1 0.6967479674796748 0.24770220588235295 0.022764227642276424 0.030330882352941176
1 0.7260162601626017 0.24494485294117646 0.013008130081300813 0.021139705882352942
1 0.7658536585365854 0.2757352941176471 0.013008130081300813 0.016544117647058824
1 0.7475609756097561 0.26056985294117646 0.01056910569105691 0.015625
2 0.8292682926829268 0.3000919117647059 0.014634146341463415 0.021139705882352942
2 0.8186991869918699 0.3037683823529412 0.014634146341463415 0.021139705882352942
2 0.7979674796747968 0.3023897058823529 0.023577235772357725 0.025735294117647058
4 0.8378048780487805 0.40762867647058826 0.08699186991869919 0.11856617647058823
1 0.8703252032520326 0.6236213235294118 0.04796747967479675 0.06893382352941177
1 0.24146341463414633 0.21001838235294118 0.01788617886178862 0.03400735294117647
1 0.8121951219512196 0.3639705882352941 0.026016260162601626 0.03125
