1 0.5552845528455285 0.23529411764705882 0.027642276422764227 0.05698529411764706
3 0.04227642276422764 0.5730698529411765 0.011382113821138212 0.015625
3 0.04065040650406504 0.5840992647058824 0.011382113821138212 0.017463235294117647
1 0.34715447154471546 0.265625 0.04065040650406504 0.05330882352941176
1 0.865040650406504 0.3405330882352941 0.027642276422764227 0.04871323529411765
1 0.5975609756097561 0.21323529411764705 0.024390243902439025 0.04963235294117647
1 0.615040650406504 0.1714154411764706 0.01869918699186992 0.02665441176470588
1 0.16585365853658537 0.3014705882352941 0.013008130081300813 0.01838235294117647
1 0.17926829268292682 0.29641544117647056 0.01707317073170732 0.019301470588235295
1 0.20894308943089432 0.27205882352941174 0.014634146341463415 0.014705882352941176
3 0.14065040650406505 0.35340073529411764 0.011382113821138212 0.021139705882352942
3 0.13414634146341464 0.35753676470588236 0.00975609756097561 0.022058823529411766
2 0.08699186991869919 0.40762867647058826 0.024390243902439025 0.03400735294117647
2 0.07682926829268293 0.7408088235294118 0.03983739837398374 0.11764705882352941
2 0.21504065040650405 0.4117647058823529 0.09349593495934959 0.13786764705882354
2 0.23739837398373984 0.2771139705882353 0.027642276422764227 0.02849264705882353
1 0.2548780487804878 0.29733455882352944 0.025203252032520326 0.03952205882352941
1 0.2886178861788618 0.2844669117647059 0.022764227642276424 0.03768382352941176
1 0.2934959349593496 0.4250919117647059 0.04715447154471545 0.08731617647058823
1 0.2540650406504065 0.5831801470588235 0.06422764227642276 0.1056985294117647
1 0.0886178861788618 0.42233455882352944 0.016260162601626018 0.02297794117647059
1 0.08008130081300813 0.4352022058823529 0.01707317073170732 0.024816176470588234
