1 0.17258064516129032 0.6870404411764706 0.07903225806451612 0.06709558823529412
1 0.7298387096774194 0.3828125 0.025806451612903226 0.02849264705882353
1 0.742741935483871 0.3984375 0.024193548387096774 0.02849264705882353
1 0.7495967741935484 0.4117647058823529 0.025 0.03125
1 0.644758064516129 0.3147977941176471 0.03790322580645161 0.04503676470588235
1 0.6858870967741936 0.4053308823529412 0.04435483870967742 0.058823529411764705
1 0.3064516129032258 0.19623161764705882 0.027419354838709678 0.03952205882352941
1 0.325 0.20588235294117646 0.03225806451612903 0.03860294117647059
1 0.22620967741935483 0.22380514705882354 0.02661290322580645 0.03400735294117647
2 0.4165322580645161 0.21875 0.07983870967741935 0.04779411764705882
2 0.5713709677419355 0.3515625 0.12661290322580646 0.1056985294117647
0 0.8653225806451613 0.7068014705882353 0.10806451612903226 0.2610294117647059
2 0.29193548387096774 0.18382352941176472 0.03870967741935484 0.03308823529411765
2 0.2528225806451613 0.16865808823529413 0.029838709677419355 0.02665441176470588
1 0.5725806451612904 0.20772058823529413 0.016129032258064516 0.022058823529411766
2 0.6358870967741935 0.23069852941176472 0.02661290322580645 0.025735294117647058
2 0.6544354838709677 0.23161764705882354 0.02661290322580645 0.025735294117647058
