3 0.9365853658536586 0.6213235294117647 0.03902439024390244 0.058823529411764705
3 0.8268292682926829 0.7385110294117647 0.07317073170731707 0.06341911764705882
3 0.0540650406504065 0.5450367647058824 0.02195121951219512 0.03308823529411765
2 0.6833333333333333 0.20909926470588236 0.08699186991869919 0.04136029411764706
1 0.4760162601626016 0.17095588235294118 0.02195121951219512 0.03308823529411765
1 0.3621951219512195 0.20082720588235295 0.028455284552845527 0.02849264705882353
1 0.5 0.16544117647058823 0.02113821138211382 0.027573529411764705
1 0.5280487804878049 0.1640625 0.01869918699186992 0.021139705882352942
2 0.5638211382113821 0.17555147058823528 0.07886178861788617 0.029411764705882353
2 0.3178861788617886 0.23529411764705882 0.06991869918699187 0.05514705882352941
2 0.11707317073170732 0.4016544117647059 0.05365853658536585 0.051470588235294115
1 0.8020325203252032 0.22058823529411764 0.01707317073170732 0.022058823529411766
1 0.8317073170731707 0.3157169117647059 0.03577235772357724 0.050551470588235295
1 0.15203252032520326 0.3069852941176471 0.01788617886178862 0.027573529411764705
