1 0.14779116465863454 0.35202205882352944 0.01927710843373494 0.02022058823529412
1 0.14377510040160643 0.35983455882352944 0.02248995983935743 0.021139705882352942
1 0.13253012048192772 0.3791360294117647 0.027309236947791166 0.019301470588235295
1 0.13092369477911647 0.39338235294117646 0.024096385542168676 0.02022058823529412
1 0.12530120481927712 0.4071691176470588 0.02891566265060241 0.022058823529411766
1 0.11967871485943775 0.4255514705882353 0.02570281124497992 0.02389705882352941
1 0.10923694779116466 0.44806985294117646 0.02570281124497992 0.021139705882352942
1 0.10160642570281124 0.47380514705882354 0.02650602409638554 0.02665441176470588
1 0.0963855421686747 0.5055147058823529 0.02891566265060241 0.029411764705882353
1 0.0859437751004016 0.7270220588235294 0.024096385542168676 0.034926470588235295
1 0.0891566265060241 0.7490808823529411 0.02570281124497992 0.025735294117647058
1 0.10361445783132531 0.8157169117647058 0.027309236947791166 0.02665441176470588
2 0.3526104417670683 0.11167279411764706 0.02570281124497992 0.017463235294117647
3 0.944578313253012 0.6369485294117647 0.024096385542168676 0.02022058823529412
1 0.7606425702811245 0.21553308823529413 0.0321285140562249 0.035845588235294115
1 0.8060240963855422 0.27297794117647056 0.0393574297188755 0.03676470588235294
1 0.8293172690763052 0.30652573529411764 0.04096385542168675 0.03768382352941176
2 0.542570281124498 0.13465073529411764 0.058634538152610445 0.046875
2 0.40401606425702813 0.10110294117647059 0.030522088353413655 0.02389705882352941
0 0.5224899598393574 0.0744485294117647 0.0393574297188755 0.027573529411764705
3 0.7 0.14981617647058823 0.013654618473895583 0.02389705882352941
2 0.6104417670682731 0.1484375 0.06104417670682731 0.050551470588235295
2 0.7947791164658634 0.46231617647058826 0.1502008032128514 0.22977941176470587
2 0.6164658634538153 0.1052389705882353 0.0393574297188755 0.02665441176470588
2 0.5710843373493976 0.08272058823529412 0.024096385542168676 0.016544117647058824
1 0.36224899598393573 0.11397058823529412 0.011244979919678716 0.01838235294117647
2 0.3710843373493976 0.09972426470588236 0.01927710843373494 0.017463235294117647
