3 0.5951612903225807 0.8414522058823529 0.08709677419354839 0.03768382352941176
1 0.14596774193548387 0.37224264705882354 0.08225806451612903 0.09558823529411764
1 0.16653225806451613 0.43244485294117646 0.08629032258064516 0.078125
1 0.0875 0.5206801470588235 0.05887096774193548 0.08731617647058823
1 0.13709677419354838 0.6962316176470589 0.10967741935483871 0.09466911764705882
1 0.07741935483870968 0.4650735294117647 0.0467741935483871 0.08088235294117647
1 0.0875 0.36856617647058826 0.050806451612903224 0.06066176470588235
2 0.7471774193548387 0.45496323529411764 0.03306451612903226 0.051470588235294115
1 0.5443548387096774 0.22977941176470587 0.024193548387096774 0.034926470588235295
2 0.5875 0.30514705882352944 0.07338709677419354 0.08272058823529412
1 0.6818548387096774 0.390625 0.03467741935483871 0.04411764705882353
0 0.8048387096774193 0.5220588235294118 0.056451612903225805 0.07352941176470588
1 0.7657258064516129 0.49080882352941174 0.02338709677419355 0.02022058823529412
