1 0.41526104417670684 0.19163602941176472 0.014457831325301205 0.02297794117647059
1 0.40481927710843374 0.19025735294117646 0.00963855421686747 0.02389705882352941
1 0.39397590361445783 0.18566176470588236 0.013654618473895583 0.029411764705882353
1 0.378714859437751 0.17509191176470587 0.013654618473895583 0.02297794117647059
1 0.3674698795180723 0.17509191176470587 0.012048192771084338 0.02297794117647059
1 0.3606425702811245 0.1879595588235294 0.01285140562248996 0.02297794117647059
1 0.3485943775100402 0.1870404411764706 0.01285140562248996 0.024816176470588234
1 0.3325301204819277 0.18428308823529413 0.01927710843373494 0.030330882352941176
1 0.25582329317269076 0.22288602941176472 0.021686746987951807 0.043198529411764705
1 0.1642570281124498 0.24586397058823528 0.020080321285140562 0.04136029411764706
1 0.14176706827309238 0.25827205882352944 0.013654618473895583 0.03860294117647059
1 0.12289156626506025 0.2679227941176471 0.01285140562248996 0.035845588235294115
1 0.10682730923694779 0.28262867647058826 0.01285140562248996 0.02849264705882353
1 0.09598393574297188 0.2881433823529412 0.010441767068273093 0.02297794117647059
1 0.548995983935743 0.23069852941176472 0.02650602409638554 0.027573529411764705
1 0.5823293172690763 0.24494485294117646 0.01927710843373494 0.02849264705882353
2 0.8 0.33869485294117646 0.00963855421686747 0.011948529411764705
1 0.6060240963855422 0.2578125 0.016867469879518072 0.02297794117647059
2 0.07349397590361446 0.4912683823529412 0.03453815261044177 0.1130514705882353
1 0.6240963855421687 0.25919117647058826 0.020883534136546186 0.02389705882352941
1 0.6911646586345381 0.2725183823529412 0.016867469879518072 0.017463235294117647
1 0.6429718875502008 0.25735294117647056 0.020080321285140562 0.02389705882352941
