3 0.34227642276422765 0.19439338235294118 0.011382113821138212 0.021139705882352942
1 0.4796747967479675 0.16865808823529413 0.02113821138211382 0.024816176470588234
1 0.508130081300813 0.16773897058823528 0.01951219512195122 0.019301470588235295
1 0.5373983739837398 0.16222426470588236 0.01951219512195122 0.021139705882352942
1 0.5617886178861788 0.1645220588235294 0.01951219512195122 0.022058823529411766
1 0.5845528455284553 0.16222426470588236 0.01788617886178862 0.021139705882352942
1 0.6036585365853658 0.16590073529411764 0.02032520325203252 0.019301470588235295
2 0.4036585365853659 0.19944852941176472 0.07560975609756097 0.04595588235294118
2 0.08617886178861789 0.4103860294117647 0.022764227642276424 0.030330882352941176
2 0.06666666666666667 0.4443933823529412 0.016260162601626018 0.02665441176470588
1 0.08048780487804878 0.4384191176470588 0.011382113821138212 0.022058823529411766
3 0.06056910569105691 0.5165441176470589 0.012195121951219513 0.01838235294117647
3 0.05813008130081301 0.5211397058823529 0.012195121951219513 0.02022058823529412
2 0.06869918699186991 0.6227022058823529 0.028455284552845527 0.12224264705882353
1 0.23170731707317074 0.9595588235294118 0.04227642276422764 0.051470588235294115
1 0.17886178861788618 0.9140625 0.032520325203252036 0.04871323529411765
1 0.1926829268292683 0.8814338235294118 0.06341463414634146 0.06066176470588235
1 0.15853658536585366 0.8460477941176471 0.061788617886178863 0.06709558823529412
