1 0.9151020408163265 0.6231617647058824 0.022857142857142857 0.02022058823529412
1 0.8424489795918367 0.4820772058823529 0.024489795918367346 0.03400735294117647
1 0.8640816326530613 0.4733455882352941 0.02040816326530612 0.027573529411764705
1 0.8808163265306123 0.49402573529411764 0.014693877551020407 0.017463235294117647
1 0.6971428571428572 0.2927389705882353 0.013061224489795919 0.017463235294117647
1 0.5122448979591837 0.2192095588235294 0.017142857142857144 0.017463235294117647
1 0.6387755102040816 0.29549632352941174 0.02857142857142857 0.03768382352941176
2 0.2636734693877551 0.21461397058823528 0.022857142857142857 0.017463235294117647
1 0.24693877551020407 0.22334558823529413 0.010612244897959184 0.016544117647058824
1 0.2946938775510204 0.2109375 0.011428571428571429 0.013786764705882353
