2 0.3008130081300813 0.18152573529411764 0.04227642276422764 0.03768382352941176
2 0.39471544715447154 0.1645220588235294 0.04796747967479675 0.042279411764705885
1 0.34227642276422765 0.18566176470588236 0.027642276422764227 0.04595588235294118
1 0.5207317073170732 0.20818014705882354 0.041463414634146344 0.046875
1 0.1329268292682927 0.3056066176470588 0.03170731707317073 0.050551470588235295
1 0.2605691056910569 0.22886029411764705 0.041463414634146344 0.05330882352941176
1 0.3008130081300813 0.20588235294117646 0.04715447154471545 0.04411764705882353
1 0.36056910569105693 0.21645220588235295 0.04959349593495935 0.057904411764705885
1 0.6804878048780488 0.22794117647058823 0.024390243902439025 0.029411764705882353
1 0.6020325203252033 0.20955882352941177 0.03170731707317073 0.027573529411764705
2 0.6056910569105691 0.2495404411764706 0.11707317073170732 0.06525735294117647
2 0.651219512195122 0.3239889705882353 0.11707317073170732 0.08731617647058823
2 0.14512195121951219 0.5514705882352942 0.17317073170731706 0.14705882352941177
2 0.7313008130081301 0.2532169117647059 0.03983739837398374 0.030330882352941176
1 0.7069105691056911 0.2541360294117647 0.03008130081300813 0.02665441176470588
1 0.7203252032520325 0.2711397058823529 0.030894308943089432 0.03308823529411765
1 0.7565040650406504 0.2555147058823529 0.015447154471544716 0.02022058823529412
2 0.8256097560975609 0.3000919117647059 0.02032520325203252 0.024816176470588234
4 0.8178861788617886 0.3290441176470588 0.04552845528455285 0.06433823529411764
1 0.7621951219512195 0.3772977941176471 0.034959349593495934 0.04503676470588235
1 0.7865853658536586 0.4085477941176471 0.036585365853658534 0.043198529411764705
1 0.8272357723577236 0.3740808823529412 0.02195121951219512 0.03125
1 0.8695121951219512 0.6254595588235294 0.043089430894308944 0.06525735294117647
1 0.8471544715447155 0.7068014705882353 0.05203252032520325 0.0625
1 0.2097560975609756 0.2192095588235294 0.01788617886178862 0.03400735294117647
2 0.056504065040650406 0.45818014705882354 0.04959349593495935 0.08731617647058823
