2 0.7088709677419355 0.5036764705882353 0.14838709677419354 0.15992647058823528
2 0.5467741935483871 0.5960477941176471 0.24193548387096775 0.3134191176470588
1 0.4685483870967742 0.23621323529411764 0.03870967741935484 0.04963235294117647
3 0.18951612903225806 0.35753676470588236 0.035483870967741936 0.09558823529411764
1 0.33911290322580645 0.16130514705882354 0.018548387096774192 0.030330882352941176
2 0.2701612903225806 0.19944852941176472 0.05 0.04595588235294118
2 0.23709677419354838 0.2509191176470588 0.06774193548387097 0.08088235294117647
2 0.3907258064516129 0.21461397058823528 0.0814516129032258 0.050551470588235295
1 0.7435483870967742 0.3984375 0.02258064516129032 0.030330882352941176
1 0.7524193548387097 0.4099264705882353 0.024193548387096774 0.03676470588235294
1 0.7298387096774194 0.38419117647058826 0.024193548387096774 0.027573529411764705
1 0.6963709677419355 0.3864889705882353 0.04435483870967742 0.05238970588235294
