2 0.98828125 0.45859375 0.019270833333333334 0.03177083333333333
2 0.9846354166666667 0.48541666666666666 0.0171875 0.022916666666666665
2 0.9768229166666667 0.47265625 0.019270833333333334 0.027604166666666666
2 0.8877604166666667 0.22890625 0.021354166666666667 0.019270833333333334
2 0.025 0.29140625 0.014583333333333334 0.025520833333333333
2 0.09140625 0.2760416666666667 0.0359375 0.03229166666666667
1 0.8096354166666667 0.13046875 0.0203125 0.021354166666666667
1 0.8859375 0.5916666666666667 0.035416666666666666 0.021875
1 0.9328125 0.403125 0.029166666666666667 0.023958333333333335
1 0.027604166666666666 0.30130208333333336 0.013541666666666667 0.009895833333333333
1 0.09791666666666667 0.19479166666666667 0.014583333333333334 0.015625
1 0.640625 0.375 0.06666666666666667 0.0625
1 0.5401041666666667 0.44244791666666666 0.08333333333333333 0.049479166666666664
1 0.17213541666666668 0.21614583333333334 0.034895833333333334 0.029166666666666667
1 0.043229166666666666 0.30755208333333334 0.019791666666666666 0.011979166666666667
1 0.95859375 0.45546875 0.024479166666666666 0.013020833333333334
