2 0.4736111111111111 0.07077205882352941 0.075 0.05698529411764706
2 0.01990740740740741 0.5965073529411765 0.028703703703703703 0.03860294117647059
4 0.1574074074074074 0.11213235294117647 0.024074074074074074 0.022058823529411766
2 0.7439814814814815 0.1332720588235294 0.0712962962962963 0.051470588235294115
2 0.44212962962962965 0.7982536764705882 0.1361111111111111 0.13143382352941177
2 0.15833333333333333 0.23253676470588236 0.06851851851851852 0.08639705882352941
1 0.23703703703703705 0.21599264705882354 0.03888888888888889 0.04595588235294118
1 0.5365740740740741 0.7725183823529411 0.049074074074074076 0.07628676470588236
1 0.3287037037037037 0.17784926470588236 0.04814814814814815 0.06158088235294118
0 0.04027777777777778 0.4489889705882353 0.0787037037037037 0.21599264705882354
1 0.21574074074074073 0.07536764705882353 0.012962962962962963 0.02022058823529412
2 0.12777777777777777 0.14338235294117646 0.014814814814814815 0.02022058823529412
2 0.15092592592592594 0.12637867647058823 0.016666666666666666 0.017463235294117647
2 0.1425925925925926 0.14200367647058823 0.020370370370370372 0.019301470588235295
4 0.12731481481481483 0.1636029411764706 0.026851851851851852 0.029411764705882353
2 0.059722222222222225 0.2665441176470588 0.023148148148148147 0.03125
2 0.05555555555555555 0.6824448529411765 0.02962962962962963 0.03768382352941176
1 0.0699074074074074 0.6066176470588235 0.03425925925925926 0.034926470588235295
2 0.5398148148148149 0.9535845588235294 0.06111111111111111 0.035845588235294115
