3 0.33183673469387753 0.8134191176470589 0.06612244897959184 0.08088235294117647
1 0.15061224489795919 0.35983455882352944 0.05795918367346939 0.09466911764705882
1 0.23755102040816325 0.7913602941176471 0.0963265306122449 0.11397058823529412
1 0.6959183673469388 0.3322610294117647 0.0236734693877551 0.030330882352941176
2 0.35918367346938773 0.14292279411764705 0.0473469387755102 0.02849264705882353
2 0.40938775510204084 0.16222426470588236 0.053061224489795916 0.03216911764705882
2 0.7906122448979592 0.45358455882352944 0.053061224489795916 0.0744485294117647
1 0.6828571428571428 0.23667279411764705 0.010612244897959184 0.015625
1 0.5448979591836735 0.20818014705882354 0.022040816326530613 0.030330882352941176
1 0.5820408163265306 0.20726102941176472 0.017959183673469388 0.019301470588235295
1 0.5967346938775511 0.21415441176470587 0.014693877551020407 0.02389705882352941
1 0.5869387755102041 0.22748161764705882 0.024489795918367346 0.024816176470588234
1 0.5653061224489796 0.2270220588235294 0.017142857142857144 0.025735294117647058
1 0.6126530612244898 0.2261029411764706 0.015510204081632653 0.01838235294117647
1 0.6175510204081632 0.23759191176470587 0.018775510204081632 0.019301470588235295
1 0.6351020408163265 0.23805147058823528 0.0163265306122449 0.02389705882352941
2 0.6461224489795918 0.2270220588235294 0.025306122448979593 0.025735294117647058
2 0.6628571428571428 0.2270220588235294 0.022857142857142857 0.025735294117647058
2 0.6722448979591836 0.22012867647058823 0.018775510204081632 0.02297794117647059
1 0.3057142857142857 0.15625 0.013877551020408163 0.02022058823529412
2 0.4273469387755102 0.23529411764705882 0.08571428571428572 0.05698529411764706
2 0.2253061224489796 0.15533088235294118 0.017959183673469388 0.01838235294117647
2 0.24040816326530612 0.15946691176470587 0.022040816326530613 0.024816176470588234
2 0.25795918367346937 0.16636029411764705 0.031020408163265307 0.02389705882352941
1 0.2693877551020408 0.17784926470588236 0.013061224489795919 0.017463235294117647
2 0.2885714285714286 0.18198529411764705 0.04326530612244898 0.034926470588235295
1 0.3420408163265306 0.2182904411764706 0.027755102040816326 0.050551470588235295
1 0.35836734693877553 0.2339154411764706 0.0326530612244898 0.05238970588235294
1 0.2620408163265306 0.1870404411764706 0.017959183673469388 0.02849264705882353
2 0.8261224489795919 0.8860294117647058 0.062040816326530614 0.08088235294117647
1 0.3604081632653061 0.17417279411764705 0.02040816326530612 0.030330882352941176
1 0.4722448979591837 0.22150735294117646 0.030204081632653063 0.03860294117647059
