2 0.1685483870967742 0.32950367647058826 0.1403225806451613 0.10386029411764706
1 0.10967741935483871 0.48161764705882354 0.08225806451612903 0.11029411764705882
1 0.1338709677419355 0.5634191176470589 0.1032258064516129 0.10661764705882353
1 0.10685483870967742 0.7127757352941176 0.09919354838709678 0.08547794117647059
1 0.15725806451612903 0.4016544117647059 0.07258064516129033 0.08639705882352941
3 0.8076612903225806 0.6888786764705882 0.02661290322580645 0.024816176470588234
2 0.8185483870967742 0.5528492647058824 0.016129032258064516 0.02849264705882353
2 0.7862903225806451 0.5165441176470589 0.024193548387096774 0.03676470588235294
1 0.7322580645161291 0.4250919117647059 0.020967741935483872 0.021139705882352942
1 0.7504032258064516 0.46047794117647056 0.02338709677419355 0.022058823529411766
1 0.7568548387096774 0.4806985294117647 0.021774193548387097 0.025735294117647058
1 0.8076612903225806 0.5523897058823529 0.013709677419354839 0.01838235294117647
2 0.8044354838709677 0.5358455882352942 0.02338709677419355 0.03125
2 0.8536290322580645 0.6346507352941176 0.010483870967741936 0.017463235294117647
2 0.8387096774193549 0.6102941176470589 0.017741935483870968 0.025735294117647058
1 0.805241935483871 0.6571691176470589 0.021774193548387097 0.01838235294117647
4 0.807258064516129 0.5105698529411765 0.037096774193548385 0.05238970588235294
