2 0.8869791666666667 0.228125 0.019791666666666666 0.017708333333333333
2 0.984375 0.48072916666666665 0.019791666666666666 0.025
1 0.5846354166666666 0.37005208333333334 0.07135416666666666 0.050520833333333334
1 0.8375 0.21536458333333333 0.026041666666666668 0.03177083333333333
1 0.8028645833333333 0.22552083333333334 0.030729166666666665 0.036458333333333336
1 0.47109375 0.16484375 0.059895833333333336 0.05677083333333333
3 0.20598958333333334 0.12838541666666667 0.022395833333333334 0.025520833333333333
3 0.7971354166666667 0.5825520833333333 0.0546875 0.030729166666666665
1 0.06015625 0.275 0.0203125 0.013541666666666667
1 0.03958333333333333 0.2986979166666667 0.015625 0.011979166666666667
1 0.030989583333333334 0.31223958333333335 0.0171875 0.011979166666666667
1 0.08671875 0.3221354166666667 0.030729166666666665 0.021354166666666667
1 0.11223958333333334 0.3651041666666667 0.0390625 0.026041666666666668
1 0.0203125 0.29765625 0.011458333333333333 0.008854166666666666
1 0.5729166666666666 0.014583333333333334 0.0125 0.023958333333333335
2 0.97578125 0.5575520833333333 0.0171875 0.027604166666666666
2 0.7986979166666667 0.10208333333333333 0.024479166666666666 0.026041666666666668
0 0.80078125 0.07317708333333334 0.0359375 0.0453125
2 0.024739583333333332 0.28515625 0.0109375 0.016145833333333335
2 0.030729166666666665 0.2791666666666667 0.015625 0.019791666666666666
2 0.04401041666666667 0.2713541666666667 0.018229166666666668 0.020833333333333332
0 0.10989583333333333 0.1921875 0.084375 0.07708333333333334
2 0.06145833333333333 0.259375 0.021875 0.021875
2 0.08541666666666667 0.24947916666666667 0.03125 0.028125
2 0.7036458333333333 0.18515625 0.08854166666666667 0.0578125
2 0.26979166666666665 0.18046875 0.10416666666666667 0.06197916666666667
2 0.8190104166666666 0.14921875 0.0328125 0.03802083333333333
2 0.9630208333333333 0.5020833333333333 0.023958333333333335 0.035416666666666666
2 0.13098958333333333 0.22708333333333333 0.0640625 0.04791666666666667
1 0.13880208333333333 0.3125 0.044270833333333336 0.029166666666666667
3 0.86171875 0.159375 0.016145833333333335 0.016666666666666666
2 0.04348958333333333 0.3346354166666667 0.028645833333333332 0.022395833333333334
