2 0.98828125 0.45859375 0.019270833333333334 0.03177083333333333
2 0.9846354166666667 0.48489583333333336 0.0171875 0.022916666666666665
2 0.9768229166666667 0.47265625 0.019270833333333334 0.027604166666666666
2 0.8877604166666667 0.22890625 0.021354166666666667 0.019270833333333334
2 0.027604166666666666 0.29661458333333335 0.01875 0.016145833333333335
1 0.6989583333333333 0.17604166666666668 0.04479166666666667 0.03854166666666667
1 0.8875 0.36822916666666666 0.042708333333333334 0.03125
1 0.9036458333333334 0.42421875 0.03958333333333333 0.024479166666666666
1 0.7752604166666667 0.5395833333333333 0.05364583333333333 0.035416666666666666
2 0.165625 0.16510416666666666 0.036458333333333336 0.040625
2 0.48359375 0.013020833333333334 0.043229166666666666 0.025
1 0.17239583333333333 0.21901041666666668 0.036458333333333336 0.027604166666666666
1 0.12265625 0.32135416666666666 0.0390625 0.020833333333333332
1 0.303125 0.084375 0.022916666666666665 0.03229166666666667
1 0.740625 0.11484375 0.01875 0.034895833333333334
1 0.9778645833333334 0.5645833333333333 0.0140625 0.009375
