1 0.6328125 0.04375 0.0078125 0.0125
2 0.169140625 0.215625 0.03046875 0.025
1 0.65 0.05859375 0.009375 0.0140625
2 0.646875 0.0375 0.0140625 0.0140625
1 0.657421875 0.0671875 0.01171875 0.015625
1 0.83515625 0.236328125 0.0265625 0.02265625
1 0.172265625 0.23203125 0.02890625 0.021875
1 0.299609375 0.915625 0.02265625 0.028125
2 0.506640625 0.023828125 0.01640625 0.01484375
2 0.47265625 0.040625 0.021875 0.021875
4 0.5078125 0.8453125 0.08125 0.09375
1 0.466015625 0.06171875 0.01171875 0.021875
2 0.54140625 0.026953125 0.015625 0.01328125
2 0.4875 0.035546875 0.01875 0.01796875
1 0.572265625 0.925 0.02265625 0.046875
1 0.8234375 0.24375 0.03125 0.025
1 0.193359375 0.226171875 0.02890625 0.02421875
2 0.55703125 0.035546875 0.0203125 0.01796875
1 0.6609375 0.096875 0.0171875 0.025
1 0.741015625 0.165625 0.02890625 0.0234375
2 0.67421875 0.06640625 0.021875 0.0203125
2 0.52578125 0.03828125 0.0265625 0.025
1 0.2390625 0.7984375 0.034375 0.04375
2 0.91953125 0.333984375 0.0328125 0.03515625
1 0.755859375 0.181640625 0.03359375 0.03046875
1 0.398828125 0.130859375 0.02265625 0.04296875
2 0.5390625 0.0859375 0.034375 0.034375
2 0.687109375 0.0828125 0.02265625 0.0203125
2 0.45234375 0.050390625 0.0296875 0.02734375
1 0.205078125 0.208984375 0.03359375 0.02734375
2 0.2828125 0.83125 0.0578125 0.06875
2 0.359375 0.77578125 0.071875 0.0890625
2 0.50078125 0.066015625 0.0328125 0.03046875
2 0.46328125 0.116015625 0.0484375 0.04765625
2 0.286328125 0.51640625 0.09609375 0.184375
2 0.8765625 0.2875 0.04375 0.046875
2 0.857421875 0.467578125 0.06328125 0.12265625
2 0.542578125 0.72421875 0.09453125 0.153125
2 0.81875 0.625 0.0828125 0.121875
2 0.619140625 0.0296875 0.01484375 0.0140625
