1 0.14538152610441768 0.35018382352941174 0.024096385542168676 0.02022058823529412
1 0.14216867469879518 0.36075367647058826 0.02570281124497992 0.019301470588235295
1 0.1389558232931727 0.3704044117647059 0.027309236947791166 0.01838235294117647
1 0.13453815261044177 0.38005514705882354 0.02650602409638554 0.019301470588235295
1 0.13092369477911647 0.39108455882352944 0.02570281124497992 0.021139705882352942
1 0.12530120481927712 0.40487132352941174 0.024096385542168676 0.02297794117647059
1 0.11967871485943775 0.4241727941176471 0.02570281124497992 0.02297794117647059
1 0.11004016064257029 0.44485294117647056 0.02570281124497992 0.027573529411764705
1 0.10200803212851406 0.47518382352941174 0.02570281124497992 0.025735294117647058
1 0.09558232931726908 0.5032169117647058 0.02570281124497992 0.030330882352941176
1 0.08674698795180723 0.7279411764705882 0.024096385542168676 0.029411764705882353
1 0.09036144578313253 0.7545955882352942 0.028112449799196786 0.025735294117647058
1 0.10401606425702811 0.8138786764705882 0.023293172690763052 0.021139705882352942
1 0.7610441767068273 0.21507352941176472 0.03453815261044177 0.03308823529411765
1 0.3060240963855422 0.17830882352941177 0.024096385542168676 0.034926470588235295
1 0.221285140562249 0.23115808823529413 0.023293172690763052 0.03400735294117647
1 0.15903614457831325 0.4365808823529412 0.04497991967871486 0.07352941176470588
1 0.18473895582329317 0.4678308823529412 0.046586345381526104 0.0974264705882353
1 0.793574297188755 0.25137867647058826 0.030522088353413655 0.030330882352941176
1 0.804417670682731 0.2702205882352941 0.03293172690763052 0.034926470588235295
1 0.8269076305220884 0.30652573529411764 0.03453815261044177 0.03400735294117647
2 0.5714859437751004 0.08409926470588236 0.024899598393574297 0.015625
2 0.9481927710843373 0.4319852941176471 0.020080321285140562 0.04044117647058824
1 0.9313253012048193 0.6328125 0.03453815261044177 0.06709558823529412
1 0.9 0.6897977941176471 0.04417670682730924 0.0818014705882353
2 0.5208835341365462 0.0978860294117647 0.03614457831325301 0.02849264705882353
0 0.40120481927710844 0.08869485294117647 0.04096385542168675 0.03768382352941176
1 0.3618473895582329 0.1171875 0.012048192771084338 0.015625
2 0.45823293172690766 0.0978860294117647 0.03132530120481928 0.02665441176470588
2 0.3506024096385542 0.11167279411764706 0.021686746987951807 0.017463235294117647
2 0.43775100401606426 0.078125 0.014457831325301205 0.011029411764705883
2 0.4538152610441767 0.078125 0.017670682730923693 0.012867647058823529
3 0.6983935742971887 0.1488970588235294 0.012048192771084338 0.025735294117647058
3 0.7136546184738956 0.14751838235294118 0.012048192771084338 0.02297794117647059
2 0.8200803212851405 0.9310661764705882 0.0963855421686747 0.13786764705882354
2 0.36947791164658633 0.10064338235294118 0.020883534136546186 0.015625
