1 0.24308943089430896 0.20818014705882354 0.02113821138211382 0.04136029411764706
1 0.20894308943089432 0.21737132352941177 0.016260162601626018 0.03952205882352941
1 0.1975609756097561 0.22472426470588236 0.016260162601626018 0.04136029411764706
2 0.865040650406504 0.38786764705882354 0.026016260162601626 0.03860294117647059
1 0.7943089430894309 0.40625 0.03414634146341464 0.04779411764705882
2 0.3951219512195122 0.23345588235294118 0.15284552845528454 0.08639705882352941
2 0.775609756097561 0.3391544117647059 0.05040650406504065 0.051470588235294115
1 0.776829268292683 0.2702205882352941 0.012195121951219513 0.01838235294117647
2 0.8138211382113821 0.29963235294117646 0.02113821138211382 0.02389705882352941
2 0.8516260162601627 0.31112132352941174 0.013821138211382113 0.019301470588235295
3 0.7617886178861789 0.2545955882352941 0.014634146341463415 0.02022058823529412
