2 0.9880208333333333 0.4609375 0.017708333333333333 0.03125
2 0.9846354166666667 0.48723958333333334 0.019270833333333334 0.0203125
2 0.9770833333333333 0.4734375 0.01875 0.028125
2 0.8880208333333334 0.228125 0.019791666666666666 0.017708333333333333
3 0.34921875 0.07734375 0.016145833333333335 0.0296875
1 0.05286458333333333 0.31328125 0.022395833333333334 0.0140625
4 0.8151041666666666 0.07447916666666667 0.021875 0.025
2 0.9794270833333333 0.60859375 0.0109375 0.018229166666666668
4 0.0765625 0.2518229166666667 0.040625 0.03177083333333333
2 0.015625 0.29296875 0.015625 0.0140625
2 0.034375 0.28619791666666666 0.017708333333333333 0.016145833333333335
1 0.39557291666666666 0.11536458333333334 0.0390625 0.0421875
1 0.3260416666666667 0.15859375 0.04895833333333333 0.044270833333333336
1 0.34401041666666665 0.32473958333333336 0.0671875 0.0546875
1 0.19427083333333334 0.1515625 0.025 0.026041666666666668
1 0.4578125 0.45807291666666666 0.075 0.0515625
1 0.5625 0.0171875 0.014583333333333334 0.023958333333333335
