2 0.7165322580645161 0.40762867647058826 0.07983870967741935 0.08915441176470588
1 0.17096774193548386 0.6856617647058824 0.07903225806451612 0.0661764705882353
1 0.7205645161290323 0.36856617647058826 0.02338709677419355 0.027573529411764705
1 0.6221774193548387 0.3400735294117647 0.03951612903225806 0.04595588235294118
1 0.6379032258064516 0.37362132352941174 0.0467741935483871 0.05422794117647059
1 0.6705645161290322 0.33455882352941174 0.028225806451612902 0.042279411764705885
1 0.5826612903225806 0.32306985294117646 0.04435483870967742 0.05606617647058824
1 0.5447580645161291 0.26838235294117646 0.03467741935483871 0.04595588235294118
1 0.5290322580645161 0.2780330882352941 0.04838709677419355 0.043198529411764705
1 0.48870967741935484 0.20220588235294118 0.02903225806451613 0.03308823529411765
1 0.45806451612903226 0.18887867647058823 0.02903225806451613 0.03768382352941176
1 0.47661290322580646 0.23345588235294118 0.03225806451612903 0.04044117647058824
1 0.3717741935483871 0.17555147058823528 0.02258064516129032 0.03125
1 0.4056451612903226 0.20082720588235295 0.025806451612903226 0.03400735294117647
1 0.6967741935483871 0.4338235294117647 0.04838709677419355 0.051470588235294115
1 0.7794354838709677 0.5303308823529411 0.03790322580645161 0.05514705882352941
1 0.8153225806451613 0.5661764705882353 0.041935483870967745 0.04411764705882353
1 0.7322580645161291 0.9540441176470589 0.06290322580645161 0.03676470588235294
2 0.7201612903225807 0.5202205882352942 0.12258064516129032 0.13419117647058823
2 0.6064516129032258 0.2587316176470588 0.0467741935483871 0.03952205882352941
2 0.3411290322580645 0.1870404411764706 0.05161290322580645 0.043198529411764705
2 0.822983870967742 0.5363051470588235 0.07661290322580645 0.10202205882352941
2 0.27983870967741936 0.17647058823529413 0.03387096774193549 0.029411764705882353
2 0.8354838709677419 0.8883272058823529 0.041935483870967745 0.05974264705882353
2 0.853225806451613 0.734375 0.054838709677419356 0.11029411764705882
1 0.2887096774193548 0.1957720588235294 0.01935483870967742 0.029411764705882353
1 0.25201612903225806 0.1870404411764706 0.016935483870967744 0.024816176470588234
2 0.6483870967741936 0.22794117647058823 0.024193548387096774 0.022058823529411766
1 0.6379032258064516 0.23161764705882354 0.012903225806451613 0.016544117647058824
1 0.6254032258064516 0.22977941176470587 0.013709677419354839 0.016544117647058824
3 0.7790322580645161 0.4641544117647059 0.037096774193548385 0.04411764705882353
