1 0.17258064516129032 0.6861213235294118 0.07903225806451612 0.06709558823529412
1 0.7201612903225807 0.36672794117647056 0.02903225806451613 0.03125
1 0.7298387096774194 0.38143382352941174 0.025806451612903226 0.027573529411764705
1 0.7415322580645162 0.39889705882352944 0.02338709677419355 0.027573529411764705
1 0.75 0.41130514705882354 0.025806451612903226 0.03216911764705882
1 0.6834677419354839 0.25965073529411764 0.013709677419354839 0.02297794117647059
1 0.6580645161290323 0.2702205882352941 0.01935483870967742 0.027573529411764705
1 0.6431451612903226 0.3010110294117647 0.020161290322580645 0.030330882352941176
1 0.5915322580645161 0.4655330882352941 0.05725806451612903 0.09283088235294118
1 0.5120967741935484 0.6415441176470589 0.07741935483870968 0.12867647058823528
1 0.8092741935483871 0.5510110294117647 0.05887096774193548 0.046875
1 0.8 0.5785845588235294 0.054838709677419356 0.057904411764705885
1 0.3685483870967742 0.22748161764705882 0.03064516129032258 0.05422794117647059
1 0.3959677419354839 0.3147977941176471 0.03225806451612903 0.06893382352941177
1 0.22096774193548388 0.33547794117647056 0.03387096774193549 0.07720588235294118
2 0.8411290322580646 0.71875 0.06612903225806452 0.12867647058823528
2 0.8225806451612904 0.5399816176470589 0.07741935483870968 0.11121323529411764
2 0.24556451612903227 0.15900735294117646 0.02338709677419355 0.02022058823529412
2 0.23669354838709677 0.18382352941176472 0.029838709677419355 0.025735294117647058
2 0.8729838709677419 0.8088235294117647 0.036290322580645164 0.0625
2 0.8568548387096774 0.6525735294117647 0.05887096774193548 0.10294117647058823
1 0.5556451612903226 0.21231617647058823 0.01935483870967742 0.022058823529411766
3 0.7153225806451613 0.7362132352941176 0.056451612903225805 0.05330882352941176
3 0.692741935483871 0.7348345588235294 0.07258064516129033 0.05974264705882353
2 0.6544354838709677 0.22886029411764705 0.02338709677419355 0.02389705882352941
2 0.6350806451612904 0.23023897058823528 0.028225806451612902 0.024816176470588234
1 0.6173387096774193 0.23253676470588236 0.012096774193548387 0.016544117647058824
