1 0.6938775510204082 0.2853860294117647 0.013061224489795919 0.021139705882352942
2 0.7673469387755102 0.33409926470588236 0.014693877551020407 0.019301470588235295
2 0.7510204081632653 0.3290441176470588 0.022857142857142857 0.022058823529411766
0 0.3004081632653061 0.18887867647058823 0.037551020408163265 0.015625
2 0.5779591836734694 0.22840073529411764 0.019591836734693877 0.013786764705882353
2 0.8881632653061224 0.5703125 0.044081632653061226 0.0818014705882353
1 0.3016326530612245 0.22150735294117646 0.015510204081632653 0.02389705882352941
1 0.2914285714285714 0.21737132352941177 0.013061224489795919 0.019301470588235295
2 0.10571428571428572 0.4227941176470588 0.06938775510204082 0.13602941176470587
3 0.19510204081632654 0.2568933823529412 0.013061224489795919 0.02665441176470588
4 0.4648979591836735 0.21966911764705882 0.07918367346938776 0.03676470588235294
2 0.5412244897959184 0.26608455882352944 0.07183673469387755 0.03952205882352941
2 0.7289795918367347 0.3547794117647059 0.05714285714285714 0.051470588235294115
2 0.7653061224489796 0.3993566176470588 0.0563265306122449 0.057904411764705885
2 0.6522448979591837 0.3166360294117647 0.07346938775510205 0.05422794117647059
1 0.6130612244897959 0.35340073529411764 0.0473469387755102 0.06893382352941177
