2 0.7278645833333334 0.17473958333333334 0.0140625 0.016145833333333335
2 0.6403645833333333 0.14583333333333334 0.024479166666666666 0.014583333333333334
2 0.5799479166666667 0.13697916666666668 0.025520833333333333 0.016666666666666666
2 0.54921875 0.13984375 0.0234375 0.018229166666666668
4 0.3424479166666667 0.17526041666666667 0.1015625 0.06302083333333333
4 0.07135416666666666 0.3575520833333333 0.08229166666666667 0.10364583333333334
0 0.18984375 0.22239583333333332 0.04114583333333333 0.028125
2 0.13177083333333334 0.8796875 0.05520833333333333 0.08958333333333333
4 0.07291666666666667 0.840625 0.06041666666666667 0.10520833333333333
1 0.22265625 0.30390625 0.0453125 0.03802083333333333
1 0.12291666666666666 0.32864583333333336 0.021875 0.023958333333333335
1 0.027083333333333334 0.4588541666666667 0.019791666666666666 0.016666666666666666
1 0.08567708333333333 0.66328125 0.049479166666666664 0.04635416666666667
1 0.11458333333333333 0.7127604166666667 0.05520833333333333 0.050520833333333334
2 0.2635416666666667 0.22552083333333334 0.04791666666666667 0.028125
2 0.24375 0.25494791666666666 0.065625 0.044270833333333336
1 0.6942708333333333 0.17838541666666666 0.013541666666666667 0.0171875
1 0.7971354166666667 0.25885416666666666 0.024479166666666666 0.021875
