1 0.41646586345381525 0.18841911764705882 0.016867469879518072 0.02389705882352941
1 0.4 0.18428308823529413 0.01927710843373494 0.030330882352941176
1 0.3791164658634538 0.17830882352941177 0.011244979919678716 0.025735294117647058
1 0.3682730923694779 0.17647058823529413 0.013654618473895583 0.02389705882352941
1 0.3606425702811245 0.18474264705882354 0.014457831325301205 0.025735294117647058
1 0.3477911646586345 0.18566176470588236 0.01285140562248996 0.027573529411764705
1 0.3333333333333333 0.18474264705882354 0.017670682730923693 0.03125
1 0.39477911646586344 0.21185661764705882 0.03293172690763052 0.03768382352941176
1 0.3602409638554217 0.21461397058823528 0.0393574297188755 0.04136029411764706
1 0.25582329317269076 0.22242647058823528 0.021686746987951807 0.042279411764705885
1 0.1670682730923695 0.24770220588235295 0.014457831325301205 0.03768382352941176
1 0.1534136546184739 0.2545955882352941 0.011244979919678716 0.034926470588235295
1 0.142570281124498 0.25919117647058826 0.012048192771084338 0.034926470588235295
1 0.12289156626506025 0.2702205882352941 0.01285140562248996 0.029411764705882353
1 0.10843373493975904 0.28308823529411764 0.01285140562248996 0.025735294117647058
1 0.09558232931726908 0.2881433823529412 0.01285140562248996 0.02849264705882353
1 0.5481927710843374 0.22977941176470587 0.02971887550200803 0.025735294117647058
2 0.7995983935742972 0.3864889705882353 0.023293172690763052 0.02849264705882353
1 0.8016064257028113 0.3460477941176471 0.008032128514056224 0.01011029411764706
1 0.7971887550200804 0.3552389705882353 0.008835341365461847 0.01011029411764706
2 0.7718875502008032 0.3212316176470588 0.01285140562248996 0.013786764705882353
2 0.7863453815261044 0.34420955882352944 0.014457831325301205 0.015625
2 0.7208835341365462 0.3079044117647059 0.02650602409638554 0.025735294117647058
2 0.6614457831325301 0.36213235294117646 0.0714859437751004 0.05514705882352941
4 0.7578313253012048 0.32215073529411764 0.016867469879518072 0.024816176470588234
1 0.7248995983935743 0.4140625 0.02650602409638554 0.03952205882352941
4 0.5863453815261044 0.2647058823529412 0.08835341365461848 0.06066176470588235
3 0.21084337349397592 0.23759191176470587 0.016867469879518072 0.05238970588235294
1 0.7779116465863454 0.36213235294117646 0.018473895582329317 0.022058823529411766
1 0.761847389558233 0.3759191176470588 0.018473895582329317 0.029411764705882353
1 0.6911646586345381 0.27297794117647056 0.018473895582329317 0.02022058823529412
1 0.6449799196787148 0.2568933823529412 0.020883534136546186 0.024816176470588234
1 0.6987951807228916 0.31847426470588236 0.020883534136546186 0.03216911764705882
1 0.6923694779116466 0.2757352941176471 0.01285140562248996 0.01838235294117647
