2 0.98828125 0.4609375 0.018229166666666668 0.03125
2 0.9846354166666667 0.4861979166666667 0.018229166666666668 0.0203125
2 0.9768229166666667 0.47265625 0.018229166666666668 0.028645833333333332
2 0.8877604166666667 0.22838541666666667 0.0203125 0.018229166666666668
1 0.80546875 0.07890625 0.0078125 0.011979166666666667
1 0.22994791666666667 0.32578125 0.058854166666666666 0.04010416666666667
1 0.032552083333333336 0.2833333333333333 0.0140625 0.010416666666666666
4 0.815625 0.07421875 0.021875 0.024479166666666666
2 0.9546875 0.6026041666666667 0.026041666666666668 0.029166666666666667
2 0.8567708333333334 0.48463541666666665 0.05 0.0734375
2 0.9330729166666667 0.5729166666666666 0.0328125 0.03854166666666667
2 0.9822916666666667 0.5911458333333334 0.0125 0.017708333333333333
1 0.9184895833333333 0.6 0.027604166666666666 0.014583333333333334
1 0.9072916666666667 0.6203125 0.027083333333333334 0.014583333333333334
1 0.871875 0.5778645833333333 0.041666666666666664 0.0265625
2 0.06510416666666667 0.2328125 0.020833333333333332 0.022916666666666665
1 0.4734375 0.09505208333333333 0.0375 0.0484375
1 0.79765625 0.1171875 0.015104166666666667 0.026041666666666668
1 0.53671875 0.011458333333333333 0.015104166666666667 0.021875
2 0.6135416666666667 0.017708333333333333 0.03333333333333333 0.027083333333333334
4 0.59296875 0.01015625 0.028645833333333332 0.019270833333333334
