3 0.6375 0.8970588235294118 0.0846774193548387 0.04595588235294118
3 0.6165322580645162 0.9301470588235294 0.09919354838709678 0.0661764705882353
3 0.45806451612903226 0.9200367647058824 0.08709677419354839 0.0661764705882353
1 0.14596774193548387 0.375 0.08225806451612903 0.09558823529411764
1 0.16330645161290322 0.43244485294117646 0.08629032258064516 0.078125
1 0.09233870967741936 0.5238970588235294 0.06370967741935483 0.09191176470588236
1 0.13548387096774195 0.6939338235294118 0.10483870967741936 0.0900735294117647
2 0.7483870967741936 0.45496323529411764 0.03225806451612903 0.05330882352941176
2 0.4754032258064516 0.14568014705882354 0.020161290322580645 0.024816176470588234
3 0.7758064516129032 0.7247242647058824 0.0467741935483871 0.035845588235294115
3 0.7858870967741935 0.7619485294117647 0.042741935483870966 0.025735294117647058
0 0.8040322580645162 0.5238970588235294 0.056451612903225805 0.07352941176470588
1 0.7205645161290323 0.4103860294117647 0.021774193548387097 0.02665441176470588
