1 0.5254032258064516 0.9393382352941176 0.10564516129032259 0.11948529411764706
1 0.739516129032258 0.4462316176470588 0.05 0.05422794117647059
3 0.7258064516129032 0.3897058823529412 0.03064516129032258 0.042279411764705885
1 0.7536290322580645 0.4071691176470588 0.02661290322580645 0.03308823529411765
1 0.7455645161290323 0.39568014705882354 0.02661290322580645 0.030330882352941176
2 0.3326612903225806 0.16773897058823528 0.036290322580645164 0.03400735294117647
2 0.28830645161290325 0.1796875 0.04435483870967742 0.04503676470588235
1 0.48508064516129035 0.22748161764705882 0.03306451612903226 0.043198529411764705
2 0.5415322580645161 0.3170955882352941 0.10564516129032259 0.0974264705882353
1 0.5544354838709677 0.21691176470588236 0.031451612903225803 0.03860294117647059
