1 0.17258064516129032 0.6870404411764706 0.07903225806451612 0.06709558823529412
1 0.7298387096774194 0.3828125 0.025806451612903226 0.02849264705882353
1 0.742741935483871 0.39889705882352944 0.024193548387096774 0.029411764705882353
1 0.7495967741935484 0.4117647058823529 0.025 0.03125
1 0.38870967741935486 0.18612132352941177 0.02258064516129032 0.030330882352941176
1 0.37056451612903224 0.18979779411764705 0.018548387096774192 0.030330882352941176
1 0.47661290322580646 0.22886029411764705 0.02903225806451613 0.04411764705882353
1 0.5137096774193548 0.2821691176470588 0.03387096774193549 0.04963235294117647
1 0.6661290322580645 0.35018382352941174 0.03387096774193549 0.04779411764705882
1 0.21653225806451612 0.2104779411764706 0.018548387096774192 0.034926470588235295
1 0.4044354838709677 0.6052389705882353 0.08790322580645162 0.14430147058823528
1 0.864516129032258 0.6838235294117647 0.037096774193548385 0.042279411764705885
1 0.6504032258064516 0.2853860294117647 0.028225806451612902 0.035845588235294115
2 0.3149193548387097 0.16498161764705882 0.050806451612903224 0.03400735294117647
2 0.7737903225806452 0.5193014705882353 0.10241935483870968 0.14154411764705882
2 0.8012096774193549 0.8708639705882353 0.075 0.1056985294117647
2 0.29274193548387095 0.18336397058823528 0.03870967741935484 0.03216911764705882
2 0.2495967741935484 0.16681985294117646 0.028225806451612902 0.024816176470588234
2 0.21653225806451612 0.16911764705882354 0.020161290322580645 0.02022058823529412
1 0.5705645161290323 0.20863970588235295 0.01532258064516129 0.022058823529411766
2 0.6540322580645161 0.22931985294117646 0.024193548387096774 0.02297794117647059
2 0.635483870967742 0.23069852941176472 0.025806451612903226 0.025735294117647058
2 0.6516129032258065 0.25597426470588236 0.04032258064516129 0.030330882352941176
1 0.32620967741935486 0.20450367647058823 0.031451612903225803 0.04136029411764706
