3 0.7716145833333333 0.18411458333333333 0.0171875 0.021354166666666667
1 0.5002604166666667 0.09140625 0.015104166666666667 0.028645833333333332
1 0.7341145833333333 0.12057291666666667 0.011979166666666667 0.019270833333333334
1 0.7458333333333333 0.15286458333333333 0.016666666666666666 0.022395833333333334
1 0.16354166666666667 0.7934895833333333 0.025 0.028645833333333332
1 0.56484375 0.06640625 0.011979166666666667 0.024479166666666666
2 0.72265625 0.10286458333333333 0.015104166666666667 0.0171875
2 0.69453125 0.09192708333333334 0.0171875 0.025520833333333333
2 0.6614583333333334 0.05807291666666667 0.013541666666666667 0.015104166666666667
2 0.63828125 0.05703125 0.015104166666666667 0.0171875
2 0.64453125 0.07890625 0.021354166666666667 0.025520833333333333
0 0.6013020833333333 0.06614583333333333 0.058854166666666666 0.06041666666666667
1 0.8130208333333333 0.30546875 0.03333333333333333 0.0296875
1 0.8015625 0.25546875 0.030208333333333334 0.0265625
1 0.23515625 0.29322916666666665 0.034895833333333334 0.030208333333333334
1 0.2078125 0.3359375 0.0375 0.027083333333333334
1 0.19765625 0.36015625 0.03802083333333333 0.0265625
1 0.17057291666666666 0.4109375 0.03802083333333333 0.03229166666666667
1 0.15729166666666666 0.4278645833333333 0.05416666666666667 0.03177083333333333
1 0.18880208333333334 0.3255208333333333 0.04010416666666667 0.034375
